a2610500.350060
Narit-cm 05/01/2026 00:05:00 05/01/2026 00:35:00 0045 0013.384714 0052.542598 00.0 00.0
0002400 0010 0000000 0010 05 0000000 0010 0000000 0010
1 0 1 01600 1 0000 3.75 00000.o 0 0 01 000 16 002400 0.500 BT0
1 2 1 02000 1 0000 3.75 00000.o 0 0 01 000 16 002400 0.500 S2A0
1 1 1 01600 1 0000 3.75 00000.o 0 0 00 000 00 002400 3.1746 BC0
1 3 1 02000 1 0000 3.75 00000.o 0 0 00 000 00 002400 3.1746 S2P0
1 5 0 01600 0 0000 1.00 00000.o 0 0 00 000 00 000000 0.000 OF0
0.000 .o Analog 0 	0.000 .o Analog StErr 0 	0.000 .o Photon Counting 0 	0.000 .o PC StErr 0 	0.000 .o Overflow Info 0 
32.7425	0.191074	175.25	0.895611	0
72.6865	0.425284	196.767	0.886764	0
283.16	2.34607	113.733	1.40501	0
473.656	0.0570571	0.966667	0.127604	0
473.457	0	0	0	0
473.457	0	0.05	0.0289236	0
473.457	9.02149E-6	25.7	0.683958	0
473.457	1.10335E-5	17.9167	0.601271	0
473.457	6.36048E-6	3.6	0.287875	0
473.457	0	10.7167	0.425347	0
473.457	0	35.4333	0.718667	0
473.457	6.36048E-6	91.8833	0.985104	0
473.457	0	144.6	1.02492	0
473.457	0	127.933	1.07426	0
473.457	6.36048E-6	81.55	0.887104	0
473.457	0	76.3833	0.860563	0
473.457	0	84.8833	0.908882	0
473.457	0	91.6	0.914667	0
473.457	0	107.017	0.911264	0
473.457	0	117.85	0.914326	0
473.457	0	120.033	0.890167	0
473.457	0	133.417	0.938826	0
473.457	0	154.383	0.921813	0
473.457	0	171.767	0.901736	0
473.457	6.36048E-6	186.017	0.904799	0
473.457	0	195.4	0.856139	0
473.457	0	201.917	0.901056	0
473.457	6.36048E-6	204.167	0.873833	0
473.457	0	203.95	0.888125	0
473.457	0	205.233	0.900375	0
473.457	0	204.983	0.890847	0
473.457	0	202.517	0.888465	0
473.457	0	201.333	0.888125	0
473.457	0	201.017	0.912285	0
473.457	0	200.717	0.879958	0
473.712	0.048691	199.35	0.875195	1
476.833	0.174777	199.767	0.90582	1
481.646	0.247988	198.117	0.887785	1
487.223	0.265272	201.2	0.899695	1
497.688	0.145	201.267	0.867708	1
499.991	0.0087134	201	0.897313	1
499.986	0.00846489	202.283	0.882	1
499.113	0.0984793	201.633	0.884382	1
492.522	0.359161	202.517	0.873153	1
479.209	0.71318	201.7	0.883701	1
459.727	1.06179	201.567	0.888465	1
424.052	1.23724	201.933	0.876215	1
379.687	1.26043	201.917	0.887104	0
336.192	1.28004	201.717	0.878257	0
294.79	1.28555	201.783	0.867708	0
255.509	1.26173	203.2	0.884042	0
218.039	1.21024	201.467	0.874174	0
183.053	1.1284	201.817	0.880979	0
151.629	1.01487	201.95	0.866007	0
124.269	0.886052	202.233	0.867028	0
100.775	0.75638	200.267	0.887445	0
80.8533	0.631706	200.35	0.858521	0
64.449	0.517554	198.133	0.875195	0
51.1685	0.412675	199.683	0.888125	0
40.5692	0.321633	195.983	0.852736	0
32.4158	0.250597	196.1	0.870431	0
26.2456	0.193942	192.833	0.867708	0
21.6036	0.148809	192.933	0.855799	0
18.1006	0.114437	192.383	0.872132	0
15.4452	0.0886011	191.833	0.851375	0
13.3828	0.0704247	189.833	0.84491	0
11.8215	0.0558399	188.117	0.872132	0
10.694	0.0449746	186.467	0.844229	0
9.75333	0.0377532	185.017	0.85716	0
9.00595	0.0324207	182.817	0.842188	0
8.4914	0.029206	179.05	0.879958	0
8.01045	0.0262541	178.95	0.849674	0
7.60196	0.0255113	176.317	0.836063	0
7.32877	0.0252226	174.333	0.842528	0
7.08903	0.023755	172.633	0.850014	0
6.86265	0.0234299	171.417	0.839465	0
6.63747	0.0247265	168.6	0.85784	0
6.43021	0.0251408	167.883	0.828236	0
6.29109	0.0245621	165.133	0.839806	0
6.14463	0.0251886	163.45	0.850695	0
6.01708	0.0250519	163.433	0.84457	0
5.95385	0.024682	160.917	0.854097	0
5.90487	0.0247212	160.717	0.853757	0
5.83139	0.0233671	157.967	0.846271	0
5.78453	0.0224821	157.433	0.850014	0
5.80341	0.0220617	157.3	0.83232	0
5.79624	0.0212617	155.283	0.856479	0
5.80283	0.0205003	155.1	0.851035	0
5.84597	0.0199019	153.55	0.839806	0
5.8489	0.018909	152.6	0.852396	0
5.81795	0.0180627	151.35	0.850695	0
5.84115	0.0182613	151.133	0.839806	0
5.8784	0.0178088	150.767	0.845931	0
5.88403	0.0175819	148.667	0.828917	0
5.92941	0.0172231	149.717	0.852056	0
5.98583	0.0175287	148.983	0.842188	0
6.00284	0.0172529	148.15	0.842868	0
6.0093	0.0175948	147.9	0.838785	0
6.04819	0.0167861	145.9	0.854778	0
6.07474	0.0167656	145.583	0.839806	0
6.06005	0.0168542	144.7	0.83334	0
6.0809	0.016805	143.55	0.855118	0
6.1148	0.0168407	143.783	0.831639	0
6.11424	0.0167085	141.817	0.841507	0
6.11852	0.0165359	142.55	0.835382	0
6.12182	0.0163947	141.617	0.826875	0
6.10949	0.016364	140.783	0.830618	0
6.12846	0.0162963	140.317	0.849674	0
6.14774	0.0157732	139.583	0.850354	0
6.13746	0.0160132	138.1	0.84491	0
6.12423	0.0158978	137.867	0.839465	0
6.16146	0.0158896	138.267	0.852056	0
6.20171	0.015285	137.733	0.854778	0
6.19524	0.0155821	136.833	0.815306	0
6.21083	0.0151057	135.283	0.838104	0
6.22609	0.0152143	135.867	0.828917	0
6.21704	0.014648	133.517	0.855799	0
6.22134	0.0147082	133.467	0.831299	0
6.24197	0.0144959	133.3	0.861243	0
6.26841	0.0148615	133.333	0.854097	0
6.28961	0.0147426	135	0.829597	0
6.30064	0.014025	132.55	0.823472	0
6.30479	0.0144385	131.183	0.825174	0
6.30628	0.0145433	130.6	0.850354	0
6.3306	0.0146325	130.683	0.847292	0
6.34286	0.0141665	130.9	0.847972	0
6.36902	0.0141195	130.9	0.848653	0
6.39797	0.0142793	130.05	0.835382	0
6.38515	0.0138453	129.567	0.848653	0
6.39294	0.0143597	128.833	0.845931	0
6.40911	0.0138848	127.8	0.840146	0
6.40702	0.013549	129.933	0.850354	0
6.4197	0.0134964	127.633	0.851715	0
6.43448	0.0138884	127.65	0.842188	0
6.43976	0.013805	126.2	0.828917	0
6.44049	0.0132687	127.8	0.854438	0
6.44807	0.0136699	126.383	0.862264	0
6.44166	0.0136203	125.05	0.853417	0
6.4489	0.0130544	125.183	0.834021	0
6.48005	0.0132778	124.8	0.830958	0
6.48435	0.0131623	126.183	0.84559	0
6.46729	0.0131949	125.583	0.838445	0
6.47407	0.0130069	124.767	0.83334	0
6.48921	0.0127286	125.633	0.841847	0
6.48512	0.0126766	122.867	0.821771	0
6.49678	0.0126108	124.617	0.859882	0
6.51601	0.0128935	123.4	0.859542	0
6.51115	0.0125795	123.85	0.841847	0
6.52162	0.0124482	123.583	0.840826	0
6.51614	0.0124894	123.7	0.83232	0
6.49984	0.0123664	123.55	0.841507	0
6.50246	0.0123885	122.017	0.826875	0
6.48361	0.0124149	122.117	0.845931	0
6.47513	0.0119823	120.7	0.837424	0
6.48229	0.0119286	122.467	0.837764	0
6.47856	0.0121235	119.483	0.827215	0
6.46478	0.0121379	120.767	0.833681	0
6.4564	0.011806	120.033	0.841507	0
6.45331	0.0119088	119.9	0.847292	0
6.44778	0.0119267	117.35	0.827556	0
6.43739	0.0118563	121.05	0.866688	0
6.42306	0.0115534	118.55	0.833	0
6.41399	0.0116477	117.3	0.84457	0
6.4079	0.0114638	117.95	0.843549	0
6.39178	0.0114885	117.483	0.849333	0
6.37144	0.011196	116.717	0.839125	0
6.36328	0.0112296	117.1	0.84525	0
6.3612	0.011256	117.283	0.840826	0
6.34965	0.0113106	115.85	0.868049	0
6.33801	0.0112506	117.017	0.847972	0
6.33189	0.0110444	113.3	0.826875	0
6.31884	0.0110748	114.117	0.851375	0
6.30478	0.0110578	112.283	0.830618	0
6.29848	0.0110401	114.117	0.836403	0
6.28671	0.0111116	112.417	0.80816	0
6.26188	0.0110744	112.983	0.848993	0
6.25103	0.0110205	111.017	0.828236	0
6.23893	0.0110533	111.283	0.839465	0
6.23264	0.0111041	111.6	0.836403	0
6.21455	0.0111843	110.683	0.840486	0
6.18522	0.0108682	110.567	0.834361	0
6.17089	0.0109515	109.2	0.84559	0
6.15809	0.0110609	111.55	0.847972	0
6.14424	0.0109972	108.15	0.827556	0
6.1214	0.0107595	108.783	0.835382	0
6.10904	0.010872	108.35	0.855799	0
6.11582	0.0108829	109.433	0.848993	0
6.10209	0.0108287	107.917	0.855118	0
6.0609	0.0109849	106.183	0.835722	0
6.03038	0.0107663	105.367	0.847292	0
6.02799	0.0109252	106.133	0.84525	0
6.01283	0.0105469	106.167	0.858861	0
5.9868	0.0104096	105.033	0.827896	0
5.96601	0.0104735	104.217	0.817688	0
5.9491	0.0104878	103.133	0.814625	0
5.92956	0.0106737	102.717	0.851035	0
5.91512	0.0102544	103.5	0.840826	0
5.90235	0.0102691	103.167	0.824153	0
5.88454	0.0105343	102.55	0.841167	0
5.87834	0.0108151	101.75	0.856479	0
5.8742	0.0106066	101	0.836063	0
5.8609	0.0102431	101.533	0.835382	0
5.84765	0.0105124	99.8667	0.844229	0
5.82725	0.0105189	100.05	0.846951	0
5.81332	0.0105995	98.4667	0.836743	0
5.79738	0.0104502	99.35	0.8575	0
5.77481	0.010437	99.1333	0.828576	0
5.76025	0.0106688	96.8833	0.867368	0
5.7481	0.0106448	98.4833	0.835382	0
5.72391	0.010434	96.35	0.835382	0
5.70168	0.0103455	96.45	0.84559	0
5.69063	0.0104302	96.15	0.836403	0
5.67302	0.0104106	94.9167	0.853417	0
5.65928	0.0102593	94.5833	0.847632	0
5.64767	0.0102214	94.5167	0.840146	0
5.63083	0.0104465	93.35	0.842868	0
5.61779	0.0105073	93.6167	0.844229	0
5.5956	0.0103793	91.2	0.854778	0
5.57984	0.0102269	92.8667	0.871111	0
5.57228	0.010098	91.2	0.835722	0
5.55868	0.0101873	91.2167	0.851375	0
5.54143	0.0103595	90.7667	0.850014	0
5.51997	0.0102306	89.3333	0.835042	0
5.49693	0.0103296	90.2833	0.880979	0
5.48867	0.00999536	90.0667	0.84559	0
5.48552	0.010093	87.8167	0.838104	0
5.46332	0.0101065	88.65	0.851035	0
5.44913	0.0101735	87.2	0.860222	0
5.44773	0.0100471	89.0167	0.849674	0
5.43534	0.0100768	88.35	0.849674	0
5.3972	0.0101309	86.1167	0.861583	0
5.38072	0.00998972	85.6333	0.849333	0
5.38427	0.00982499	85.5833	0.863625	0
5.3697	0.00985095	84.2167	0.837764	0
5.35432	0.00981883	84.5667	0.816326	0
5.33891	0.00978858	83.65	0.863965	0
5.32088	0.00980773	83.1333	0.866688	0
5.31225	0.009881	84	0.863965	0
5.29739	0.00995486	82.0167	0.833681	0
5.2773	0.00981227	82.4333	0.834701	0
5.27598	0.0097584	82.15	0.866688	0
5.26191	0.00974341	81.9667	0.829938	0
5.23747	0.00960504	79.9	0.840486	0
5.22699	0.00959673	80.1833	0.84525	0
5.22519	0.00941046	79.8	0.866347	0
5.2056	0.00969759	78.85	0.847292	0
5.18918	0.00972446	78.85	0.859542	0
5.18318	0.00962029	77.0333	0.828576	0
5.16489	0.00936892	76.6833	0.814285	0
5.15556	0.00939092	78.3167	0.863285	0
5.15504	0.00955019	77.8833	0.834021	0
5.13892	0.0094605	76.5	0.836063	0
5.1225	0.00949756	76.5667	0.859882	0
5.10569	0.00935704	75.75	0.840146	0
5.08779	0.00921237	75.7833	0.846271	0
5.07973	0.0093843	74.8	0.855118	0
5.07029	0.0092214	75.3667	0.839125	0
5.05612	0.00904635	74.2	0.84457	0
5.05298	0.00934491	72.1667	0.852056	0
5.0435	0.00919907	73.55	0.844229	0
5.01443	0.00905907	72.35	0.841167	0
5.00367	0.00898236	71.0667	0.823813	0
5.00359	0.00906083	71.8833	0.853076	0
4.98081	0.00897165	71	0.847972	0
4.96951	0.00912132	70.8333	0.862264	0
4.96131	0.00898632	69.55	0.846951	0
4.93855	0.00856802	69.85	0.859201	0
4.91147	0.00846541	67.7167	0.830278	0
4.88466	0.00854284	65.6667	0.831299	0
4.86714	0.00851954	66.7	0.855799	0
4.8496	0.00844269	65.1833	0.83232	0
4.83193	0.00851272	64.8333	0.837083	0
4.8391	0.0083358	65.65	0.830278	0
4.8413	0.00838428	64.6667	0.824493	0
4.81933	0.00824474	63.9167	0.824153	0
4.81243	0.00833625	64.3667	0.838785	0
4.8108	0.00822364	64.2	0.810882	0
4.79093	0.00814966	63.0167	0.827556	0
4.79719	0.00855621	63.5333	0.834361	0
4.81655	0.00861929	64.8833	0.825514	0
4.81172	0.0084582	62.9667	0.814965	0
4.81275	0.00836383	64.1333	0.814285	0
4.81778	0.00834832	64.2167	0.849333	0
4.80981	0.00837753	62.6833	0.829597	0
4.78859	0.00833093	63.7833	0.814965	0
4.76569	0.00823396	62	0.819049	0
4.75012	0.00791023	62.2167	0.798292	0
4.74209	0.00795547	61.5	0.831299	0
4.72888	0.00802322	59.9167	0.812583	0
4.70998	0.00803452	59.7167	0.825514	0
4.696	0.00784688	60.5	0.813264	0
4.67414	0.00752841	57.6833	0.797951	0
4.65228	0.00756968	57.3667	0.792507	0
4.64967	0.00757669	57.2667	0.818708	0
4.62422	0.0073827	56.0167	0.805778	0
4.58888	0.0071201	53.8167	0.793868	0
4.57993	0.00726269	53.6333	0.809521	0
4.55521	0.00711906	52.8167	0.790806	0
4.51018	0.00670141	50.25	0.778215	0
4.48338	0.00652514	48.7333	0.781618	0
4.47713	0.00633322	48.9333	0.766306	0
4.4611	0.00629966	46.4333	0.739083	0
4.43233	0.00605031	45.9167	0.75916	0
4.41519	0.00599475	45.35	0.748271	0
4.40495	0.00597937	44.9833	0.735681	0
4.38747	0.00592219	43.05	0.736361	0
4.37763	0.0057929	43.7167	0.719347	0
4.36395	0.00562532	40.5	0.707438	0
4.34005	0.00560799	40.8333	0.713563	0
4.33097	0.00551921	40.2167	0.721389	0
4.32678	0.00557756	41.4667	0.720708	0
4.3195	0.00557859	39.8667	0.721389	0
4.31296	0.00547871	39.1333	0.70982	0
4.29744	0.00535306	37.7667	0.682597	0
4.28595	0.00533878	37.55	0.711861	0
4.2904	0.00534008	37	0.692806	0
4.29225	0.0053798	39.0667	0.701993	0
4.27841	0.00531165	36.3667	0.693486	0
4.26006	0.00518113	35.8167	0.674771	0
4.25218	0.0050815	36.0667	0.676813	0
4.25312	0.00501803	36.5	0.690764	0
4.25081	0.00522935	35.4	0.676132	0
4.24394	0.00510532	36.7333	0.692806	0
4.23635	0.00506541	34.75	0.684979	0
4.23785	0.00512745	35.8333	0.695528	0
4.22828	0.00503231	34.05	0.674771	0
4.21328	0.00500433	34.2167	0.682257	0
4.20974	0.00488666	33.8667	0.686681	0
4.21023	0.00499908	33.4667	0.658097	0
4.20869	0.00497045	33.1167	0.670688	0
4.20264	0.0048241	34.1333	0.675111	0
4.19427	0.00482916	32.7667	0.665583	0
4.18748	0.00480417	31.95	0.662181	0
4.18172	0.004884	32.6	0.662521	0
4.1749	0.004732	31.4833	0.664222	0
4.16135	0.00470033	30.1833	0.652993	0
4.15995	0.00463205	31.8333	0.668986	0
4.15802	0.00457552	30.1333	0.641424	0
4.14318	0.00453333	29.8833	0.64925	0
4.14433	0.00459752	30	0.640743	0
4.1459	0.00458831	29.5667	0.643125	0
4.13803	0.00451133	29.5833	0.632917	0
4.13149	0.00446538	28.2833	0.619646	0
4.12644	0.00439658	28.8667	0.629854	0
4.12726	0.00444098	29.15	0.626111	0
4.12801	0.0045136	28.35	0.611479	0
4.11883	0.00449212	27.5667	0.618285	0
4.1092	0.00430338	27.8	0.622028	0
4.11081	0.00423238	27.4833	0.615563	0
4.11185	0.00427736	28.8	0.635299	0
4.10844	0.00427638	28.7333	0.639382	0
4.10098	0.00428177	27.15	0.629514	0
4.09105	0.00426996	27.2	0.624069	0
4.08689	0.00428716	27.5	0.625431	0
4.08462	0.00435732	26.0167	0.611139	0
4.07838	0.00428897	26.45	0.618625	0
4.07585	0.00421914	25.8167	0.621688	0
4.07977	0.00419344	26.2	0.607056	0
4.07615	0.00417754	26.6833	0.614882	0
4.07426	0.00421031	25.85	0.602292	0
4.07358	0.00397913	25.9167	0.599229	0
4.06743	0.0040622	26.0667	0.607056	0
4.06032	0.00400885	24.3667	0.591743	0
4.05897	0.00411523	25.35	0.619646	0
4.0555	0.00408537	24.55	0.603653	0
4.04601	0.00395012	24.1833	0.579493	0
4.04162	0.00396388	25.4333	0.590382	0
4.04347	0.00400223	24.25	0.592083	0
4.04244	0.00394421	25.15	0.615222	0
4.03614	0.00400042	23.4167	0.583917	0
4.02951	0.00390663	25.0833	0.600931	0
4.0245	0.00392448	22.5667	0.572688	0
4.01976	0.00384114	23	0.581875	0
4.02349	0.00387042	24.65	0.594806	0
4.01891	0.00376767	22.7667	0.578132	0
4.00989	0.00369693	23.3333	0.579833	0
4.01629	0.00383647	21.9833	0.562819	0
4.01095	0.00370641	22.3333	0.577451	0
4.0006	0.00369661	22.15	0.57575	0
3.9983	0.00364734	21.7333	0.560778	0
3.99402	0.00359763	21.6167	0.564181	0
3.98985	0.0037116	21.5333	0.557375	0
3.98688	0.00371387	20.5833	0.560778	0
3.98658	0.00373081	21.8	0.583917	0
3.99079	0.00360334	22.5333	0.567243	0
3.98421	0.00360289	21.3833	0.570646	0
3.97598	0.0035903	20.3833	0.546146	0
3.9819	0.00354707	21.3833	0.556694	0
3.98423	0.00355642	21.3667	0.552271	0
3.97697	0.0035816	20.9	0.554993	0
3.97235	0.00357128	20.1333	0.552271	0
3.96102	0.00343109	19.7	0.543083	0
3.96225	0.00363573	19.8667	0.544785	0
3.96439	0.00356777	19.0833	0.525729	0
3.95525	0.0033878	19.2833	0.540021	0
3.94981	0.00336748	19.5	0.541722	0
3.95384	0.00337456	19.3	0.53934	0
3.95046	0.00339046	19.6	0.537979	0
3.94523	0.00328908	18.8667	0.52709	0
3.94745	0.00335139	19.45	0.542743	0
3.94553	0.00334094	19.0167	0.534576	0
3.93769	0.00319173	18.9167	0.529472	0
3.93907	0.00331978	18.6667	0.525389	0
3.94032	0.00332971	17.6	0.516201	0
3.93289	0.00322554	18.4833	0.525729	0
3.93557	0.00338332	18.9	0.540701	0
3.93678	0.00331563	18.3667	0.51484	0
3.92633	0.00325936	17.45	0.504632	0
3.92289	0.00324826	17.2	0.518583	0
3.92437	0.00331381	18.4	0.534576	0
3.92013	0.00318628	17.6167	0.509736	0
3.91351	0.00325838	17.3833	0.517903	0
3.91213	0.00313559	17.85	0.503611	0
3.91377	0.00320627	17.7833	0.524708	0
3.91176	0.00313169	16.15	0.500208	0
3.91065	0.00312702	17.5	0.530493	0
3.91341	0.00323638	18.25	0.531174	0
3.90723	0.00311138	16.5667	0.50191	0
3.89839	0.00305121	16.3	0.49	0
3.90642	0.00305582	16.9833	0.512118	0
3.90802	0.00311352	16.5333	0.496806	0
3.89899	0.00302966	17.1667	0.500208	0
3.89987	0.0030886	16.9833	0.513479	0
3.89976	0.00311456	16.6833	0.511438	0
3.89077	0.00306225	15.7167	0.488979	0
3.88749	0.00305121	16.2	0.50225	0
3.89046	0.00298306	16.1833	0.501229	0
3.89068	0.00304024	16.25	0.498847	0
3.88632	0.00311943	15.8833	0.488299	0
3.8803	0.00304329	15.6	0.495785	0
3.87781	0.00291803	15.2	0.484556	0
3.87816	0.00290064	14.5167	0.46516	0
3.87806	0.00295691	15.1667	0.487958	0
3.87911	0.00294717	15.2167	0.486938	0
3.87522	0.00287714	15.7667	0.491361	0
3.871	0.00284651	15	0.474007	0
3.86986	0.00292524	14.3	0.483535	0
3.87127	0.00290933	15.1333	0.486257	0
3.869	0.0028249	14.5667	0.475028	0
3.86268	0.00278732	14.55	0.468903	0
3.86244	0.0028726	15.55	0.488979	0
3.8638	0.00292335	14.3833	0.46516	0
3.85987	0.00283554	14.8	0.47775	0
3.85845	0.00285319	14.6333	0.47809	0
3.85877	0.00272053	14.2167	0.476049	0
3.85753	0.00290564	14.3167	0.476049	0
3.85758	0.00280387	15.0667	0.479111	0
3.85815	0.00283022	14.8333	0.475708	0
3.85325	0.00270638	14.4333	0.466181	0
3.84578	0.0027376	13.45	0.463799	0
3.84433	0.0027587	13.2167	0.454951	0
3.84598	0.00278109	13.9	0.456653	0
3.84225	0.00273793	13.9167	0.466861	0
3.83625	0.00269081	12.9	0.452229	0
3.83404	0.00268815	13.2167	0.448826	0
3.83317	0.00269347	12.7667	0.448486	0
3.83275	0.00270619	12.8333	0.451889	0
3.83137	0.0027363	12.9667	0.454611	0
3.83023	0.00261052	13.0833	0.437938	0
3.82967	0.00260046	11.95	0.44134	0
3.82535	0.00260247	12.1667	0.435896	0
3.82516	0.00259352	11.3667	0.425688	0
3.82653	0.00258755	12.9167	0.464139	0
3.8215	0.00258774	11.2833	0.419222	0
3.81711	0.00247423	12.15	0.434535	0
3.81719	0.00242983	11.7	0.426368	0
3.81667	0.00242918	11.7667	0.432153	0
3.81669	0.00254555	11.7	0.42841	0
3.81576	0.00252362	12.6	0.443042	0
3.80928	0.00240919	10.8667	0.405951	0
3.80443	0.0024885	11.55	0.428069	0
3.80891	0.00245021	11.0167	0.41684	0
3.80898	0.00248494	12.0167	0.433514	0
3.80566	0.0024519	11.2	0.404931	0
3.80228	0.00241607	10.1333	0.399486	0
3.80175	0.00240601	10.1833	0.397785	0
3.80411	0.00252667	10.7333	0.424667	0
3.80342	0.00245339	10.4833	0.408333	0
3.8031	0.00250557	11.35	0.435215	0
3.80135	0.00237804	10.7167	0.40391	0
3.79649	0.00241815	10.7333	0.402549	0
3.79534	0.00235714	10.05	0.393701	0
3.79413	0.00236104	10.8167	0.410035	0
3.79469	0.00240686	10.6833	0.413778	0
3.79383	0.00233962	10.7167	0.407313	0
3.79122	0.00233527	10.1167	0.393701	0
3.79034	0.00241666	10.3333	0.411056	0
3.78914	0.00229795	10.4	0.404931	0
3.79156	0.00240413	10.75	0.411056	0
3.79279	0.00245125	10.0667	0.389618	0
3.79003	0.00241348	10.1833	0.405951	0
3.7905	0.00245638	10.15	0.411736	0
3.78938	0.00234449	9.63333	0.394042	0
3.78405	0.00234007	10.1333	0.403569	0
3.78549	0.00237194	10.4	0.40425	0
3.78603	0.00236363	10.2	0.401528	0
3.78084	0.00223889	10	0.395063	0
3.77582	0.00226206	9.96667	0.402549	0
3.77498	0.00232742	9.38333	0.37975	0
3.77609	0.00234241	9.38333	0.392	0
3.77597	0.00229542	9.36667	0.383153	0
3.77589	0.00217308	9.45	0.382132	0
3.77267	0.00216276	9	0.375326	0
3.77216	0.00221663	10.1333	0.398806	0
3.77168	0.00217561	9.38333	0.385535	0
3.77407	0.00228477	9.83333	0.397785	0
3.77559	0.0022777	9.48333	0.389618	0
3.7741	0.00230178	8.96667	0.382813	0
3.77218	0.00222169	8.93333	0.378729	0
3.76825	0.00220053	8.68333	0.366819	0
3.76437	0.002127	8.63333	0.366819	0
3.76797	0.00221429	9.15	0.387236	0
3.76838	0.00220254	9.06667	0.374646	0
3.76424	0.00224583	9.08333	0.370222	0
3.76486	0.00221312	9.68333	0.394722	0
3.76377	0.00221994	8.8	0.366819	0
3.75986	0.00218703	8.86667	0.366819	0
3.76304	0.00222461	8.93333	0.372944	0
3.76399	0.00213874	9.08333	0.381451	0
3.75941	0.00210188	8.53333	0.361715	0
3.75981	0.00215789	8.4	0.363076	0
3.76067	0.00211862	8.46667	0.364778	0
3.76018	0.00217593	9.21667	0.378389	0
3.76011	0.0022139	8.61667	0.370222	0
3.75638	0.00217139	8.61667	0.365799	0
3.75635	0.00220884	9.05	0.381792	0
3.75628	0.00211999	8.55	0.363417	0
3.75284	0.00213427	8.21667	0.357292	0
3.75174	0.00213303	7.85	0.352188	0
3.75476	0.00216094	8.46667	0.365458	0
3.75059	0.00202925	8.25	0.359333	0
3.74704	0.00212271	7.53333	0.347764	0
3.75124	0.00216853	8.58333	0.368521	0
3.75314	0.00212933	8.53333	0.368521	0
3.7488	0.00211823	8.06667	0.364778	0
3.74744	0.00215997	7.38333	0.350146	0
3.74913	0.00210434	8.36667	0.364097	0
3.7501	0.00208066	8.56667	0.365118	0
3.7477	0.00203762	7.76667	0.345382	0
3.7448	0.00200725	8.01667	0.359333	0
3.74487	0.00210181	8.18333	0.366139	0
3.74168	0.0020301	8.08333	0.35559	0
3.74078	0.00203756	7.71667	0.344701	0
3.74482	0.00212115	8.11667	0.35525	0
3.74221	0.00200757	7.76667	0.350146	0
3.73964	0.00205839	7.98333	0.351847	0
3.74091	0.00204587	7.53333	0.345382	0
3.74136	0.0020911	8.3	0.361715	0
3.74315	0.00211453	8.26667	0.365799	0
3.74376	0.00210551	8.25	0.363417	0
3.73974	0.00204366	7.66667	0.352868	0
3.7366	0.00197188	7.68333	0.34334	0
3.73545	0.00200407	7.53333	0.348444	0
3.73606	0.0020153	7.01667	0.345382	0
3.73794	0.00208851	7.81667	0.358993	0
3.736	0.00205632	7.25	0.347424	0
3.73358	0.00206813	7.48333	0.350146	0
3.73301	0.00205781	6.65	0.322583	0
3.73318	0.00203905	7.38333	0.339597	0
3.73295	0.00206248	7.38333	0.344701	0
3.73102	0.00202718	7.5	0.351847	0
3.73173	0.00207481	7.48333	0.343	0
3.73302	0.00199667	6.91667	0.334833	0
3.73156	0.00202503	7.56667	0.345042	0
3.73238	0.00202451	7.9	0.353889	0
3.73313	0.0020445	7.13333	0.344021	0
3.73243	0.00202627	7.35	0.339257	0
3.73058	0.00199751	7.35	0.34334	0
3.72918	0.00200102	7.26667	0.339597	0
3.72822	0.00194676	6.66667	0.322924	0
3.72378	0.00191022	6.58333	0.31816	0
3.72232	0.00188802	6.66667	0.320201	0
3.72374	0.00191541	7.15	0.33109	0
3.72471	0.00198817	7.05	0.33109	0
3.72391	0.00192106	6.85	0.332792	0
3.7228	0.00194416	6.98333	0.336535	0
3.72017	0.00187264	6.46667	0.321903	0
3.72001	0.00193294	7.05	0.338576	0
3.72284	0.0019258	6.63333	0.335174	0
3.72176	0.00197311	6.65	0.327688	0
3.72011	0.0018888	7.1	0.334493	0
3.71926	0.00191781	6.13333	0.308972	0
3.71697	0.00190613	6.21667	0.321222	0
3.71655	0.00190626	6.56667	0.329049	0
3.71684	0.00191846	6.53333	0.322243	0
3.71849	0.00194962	6.91667	0.328028	0
3.71483	0.00189828	6.41667	0.317819	0
3.7125	0.00188608	5.81667	0.310333	0
3.7126	0.00186025	6.25	0.319181	0
3.71298	0.00190464	6.03333	0.310674	0
3.7154	0.00191749	6.78333	0.325646	0
3.71573	0.00192521	6.35	0.31816	0
3.71258	0.0018483	5.86667	0.30659	0
3.71205	0.00187095	5.95	0.308972	0
3.71345	0.00190886	5.86667	0.313736	0
3.71453	0.00187822	6.93333	0.332451	0
3.71381	0.00185142	6.76667	0.324625	0
3.70739	0.00179015	5.15	0.292299	0
3.70435	0.00180092	5.88333	0.308632	0
3.70831	0.00186803	6.06667	0.311354	0
3.70993	0.00187485	6.36667	0.319521	0
3.70594	0.00184441	6.11667	0.307611	0
3.7035	0.00179768	5.93333	0.309653	0
3.70335	0.00178814	5.61667	0.301826	0
3.70414	0.00179489	5.46667	0.299785	0
3.70339	0.00186472	5.53333	0.301146	0
3.70211	0.00185538	5.35	0.299104	0
3.70183	0.00179249	5.41667	0.292979	0
3.69965	0.00178431	5.43333	0.295361	0
3.69886	0.00175647	5.21667	0.287875	0
3.70101	0.00182189	5.56667	0.299785	0
3.69986	0.0017664	5.01667	0.280389	0
3.69668	0.00178035	4.85	0.280729	0
3.695	0.0017897	5.31667	0.292979	0
3.69368	0.00172129	4.98333	0.285833	0
3.69164	0.00170273	4.91667	0.285153	0
3.69066	0.00165788	4.33333	0.265757	0
3.69014	0.00167547	4.81667	0.276986	0
3.68909	0.0016891	4.75	0.274604	0
3.68843	0.00171889	4.5	0.266438	0
3.68659	0.00166619	3.95	0.253847	0
3.68662	0.00166768	4.61667	0.273583	0
3.68645	0.00161913	3.88333	0.253167	0
3.68337	0.00159304	3.91667	0.249424	0
3.684	0.00165353	4	0.256229	0
3.68472	0.00163594	3.83333	0.252826	0
3.68093	0.00156909	3.8	0.247382	0
3.68067	0.00153021	4	0.253847	0
3.68114	0.00151373	3.78333	0.246021	0
3.67908	0.00153008	3.51667	0.239556	0
3.67801	0.0015454	4.11667	0.258951	0
3.68033	0.00158655	3.73333	0.249083	0
3.67771	0.00155734	3.53333	0.237514	0
3.67528	0.00157162	3.56667	0.238535	0
3.67659	0.00153417	3.75	0.246021	0
3.6781	0.00155267	3.91667	0.253847	0
3.67526	0.00154261	3.25	0.227986	0
3.67284	0.00154203	3.86667	0.250444	0
3.67425	0.00151717	3.41667	0.23309	0
3.67268	0.00145577	3.45	0.238875	0
3.67365	0.00153716	3.43333	0.234792	0
3.67243	0.00147427	2.9	0.219479	0
3.66859	0.00145928	3.33333	0.234111	0
3.67085	0.00147219	3.11667	0.228667	0
3.66996	0.00148556	2.88333	0.215056	0
3.66548	0.0014143	2.9	0.213014	0
3.66639	0.00147303	3.08333	0.224243	0
3.66833	0.00144104	2.91667	0.215056	0
3.66547	0.00142741	3.16667	0.226625	0
3.66555	0.00143682	2.9	0.213014	0
3.66656	0.00145603	2.88333	0.217778	0
3.6663	0.00146142	3.08333	0.230368	0
3.66564	0.00143818	2.73333	0.20859	0
3.66523	0.00142559	2.65	0.20859	0
3.66645	0.00149848	3.16667	0.23275	0
3.66475	0.00141774	2.45	0.205528	0
3.66211	0.00139489	2.45	0.201444	0
3.66198	0.00133875	2.5	0.199063	0
3.66285	0.00144058	2.68333	0.215056	0
3.66233	0.00142897	2.46667	0.203486	0
3.66095	0.00139924	2.73333	0.212674	0
3.66076	0.0014352	2.11667	0.184431	0
3.65962	0.00138172	2.21667	0.189875	0
3.66004	0.00136523	2.46667	0.19634	0
3.65915	0.00134738	2.03333	0.179326	0
3.65842	0.00134991	2.45	0.198722	0
3.65924	0.00138386	2.41667	0.200083	0
3.65974	0.00138762	2.76667	0.213694	0
3.66006	0.0013675	2.11667	0.187493	0
3.66034	0.00140761	2.61667	0.203146	0
3.65938	0.00141826	2.41667	0.204167	0
3.65742	0.0013614	2.25	0.189535	0
3.65731	0.00136023	2.53333	0.209951	0
3.66091	0.0014328	2.58333	0.206208	0
3.65905	0.00142851	2.25	0.189535	0
3.65718	0.00134011	2.56667	0.209611	0
3.65697	0.00135907	2.06667	0.180688	0
3.6543	0.00133914	2.03333	0.186813	0
3.65428	0.00130286	2.16667	0.184771	0
3.65546	0.001327	2.3	0.197361	0
3.65436	0.00133875	2.2	0.189194	0
3.65318	0.00135017	1.95	0.180688	0
3.65303	0.00129877	1.85	0.1715	0
3.65381	0.00130682	1.9	0.175243	0
3.65504	0.0013333	2.08333	0.181368	0
3.65308	0.00134109	2.05	0.183069	0
3.65275	0.00135219	2.13333	0.185111	0
3.65335	0.00131143	2.05	0.183069	0
3.65187	0.00130176	1.76667	0.174222	0
3.65126	0.0012708	1.63333	0.161632	0
3.65057	0.00128157	1.83333	0.173882	0
3.65025	0.00128053	1.93333	0.175243	0
3.65198	0.00133362	2.06667	0.18375	0
3.65159	0.00134959	1.93333	0.180007	0
3.64968	0.00132058	1.81667	0.177965	0
3.64972	0.0013135	1.98333	0.180347	0
3.65213	0.00134959	2.25	0.189535	0
3.65178	0.00133226	1.96667	0.178306	0
3.65093	0.00133667	2.03333	0.182389	0
3.65043	0.00127644	1.65	0.165715	0
3.65133	0.00130786	2.05	0.186132	0
3.65298	0.00135692	2.21667	0.191236	0
3.65105	0.00133466	2.01667	0.180347	0
3.64855	0.00129228	1.7	0.164694	0
3.64873	0.0013113	1.6	0.161632	0
3.65056	0.00132545	1.9	0.175243	0
3.64925	0.00130143	1.78333	0.168438	0
3.64825	0.00133064	2.13333	0.185111	0
3.64685	0.00129416	1.51667	0.15959	0
3.64663	0.0012595	1.7	0.168097	0
3.64654	0.00125918	1.5	0.156868	0
3.64801	0.0012706	1.78333	0.17184	0
3.64756	0.00126106	1.61667	0.164354	0
3.64776	0.00131	1.7	0.1715	0
3.64763	0.00129773	1.75	0.168778	0
3.64687	0.0012684	1.75	0.168778	0
3.64802	0.00130916	1.76667	0.172861	0
3.64731	0.00128462	1.78333	0.173542	0
3.6479	0.00131909	2.03333	0.18409	0
3.64912	0.00131454	1.8	0.172521	0
3.64561	0.0012473	1.58333	0.162653	0
3.64615	0.00130234	2.1	0.189535	0
3.64843	0.00131104	2.21667	0.189875	0
3.64715	0.00131162	1.86667	0.173882	0
3.64453	0.0012669	1.38333	0.151083	0
3.64517	0.00125016	1.65	0.164014	0
3.64578	0.00125684	1.36667	0.152104	0
3.6439	0.00123257	1.41667	0.151083	0
3.6441	0.00129273	1.66667	0.166396	0
3.64571	0.00128164	1.51667	0.155847	0
3.6452	0.00128871	1.48333	0.154486	0
3.64585	0.00131045	1.91667	0.177625	0
3.64563	0.0013076	1.65	0.162313	0
3.64452	0.00127203	1.56667	0.161972	0
3.64487	0.0012804	1.55	0.157549	0
3.64534	0.00129468	1.61667	0.162653	0
3.64437	0.00129397	1.78333	0.168438	0
3.64438	0.00130007	1.73333	0.17116	0
3.64427	0.0012401	1.45	0.154486	0
3.64359	0.00125464	1.66667	0.166396	0
3.6437	0.00126827	1.51667	0.155847	0
3.64426	0.00127093	1.51667	0.15959	0
3.64299	0.00123432	1.23333	0.143257	0
3.64307	0.00124549	1.7	0.168097	0
3.64373	0.0012399	1.45	0.152785	0
3.64356	0.00123244	1.63333	0.161632	0
3.64344	0.00127216	1.5	0.158569	0
3.64264	0.00127904	1.5	0.155167	0
3.64175	0.00126853	1.41667	0.154486	0
3.64248	0.00123406	1.68333	0.167417	0
3.64355	0.00128702	1.91667	0.177625	0
3.64285	0.0012597	1.46667	0.153465	0
3.64183	0.00123945	1.26667	0.142917	0
3.64413	0.00126431	1.53333	0.156868	0
3.64392	0.00125224	1.51667	0.157889	0
3.64248	0.00124925	1.56667	0.161972	0
3.64327	0.00131156	1.56667	0.161972	0
3.64428	0.00129196	1.56667	0.161972	0
3.64235	0.00125029	1.41667	0.154486	0
3.64275	0.00128735	1.45	0.154486	0
3.64236	0.00126567	1.4	0.153806	0
3.63942	0.00125976	1.21667	0.140194	0
3.63825	0.00119291	1.18333	0.140535	0
3.63907	0.0012314	1.23333	0.143257	0
3.64149	0.00123504	1.26667	0.144958	0
3.6403	0.0012168	1.3	0.148701	0
3.6413	0.00124146	1.51667	0.155847	0
3.64133	0.00123374	1.26667	0.144958	0
3.64128	0.00123439	1.33333	0.14666	0
3.64298	0.00125886	1.6	0.163333	0
3.64181	0.00123095	1.41667	0.151083	0
3.64026	0.00124244	1.16667	0.137472	0
3.64213	0.00126976	1.58333	0.164354	0
3.64037	0.0012216	1.36667	0.150063	0
3.63921	0.00121375	1.33333	0.152104	0
3.64085	0.00125379	1.26667	0.148701	0
3.64027	0.00122426	1.63333	0.165035	0
3.63961	0.00121381	1.43333	0.157208	0
3.63815	0.00121725	1.18333	0.142236	0
3.63818	0.00123692	1.06667	0.137813	0
3.63959	0.00124704	1.41667	0.152785	0
3.6392	0.0012719	1.35	0.153125	0
3.63892	0.00119986	1.31667	0.145639	0
3.64	0.00122251	1.38333	0.151083	0
3.64099	0.00124665	1.55	0.157549	0
3.64007	0.00123569	1.26667	0.144958	0
3.63841	0.00121913	1.28333	0.145979	0
3.6383	0.00122394	1.11667	0.136451	0
3.63835	0.00123413	1.21667	0.140194	0
3.637	0.00121732	1.23333	0.143257	0
3.63734	0.00120226	1.1	0.135771	0
3.63869	0.00119311	1.11667	0.13441	0
3.63745	0.00118831	1	0.127604	0
3.63727	0.00118156	1.15	0.136451	0
3.63932	0.00120284	1.23333	0.143257	0
3.63894	0.00121518	1.23333	0.141215	0
3.63774	0.00121699	1.18333	0.138493	0
3.63874	0.00124419	1.4	0.151764	0
3.63958	0.001224	1.15	0.136451	0
3.63874	0.00119752	1.2	0.141215	0
3.63819	0.00119473	1.21667	0.142236	0
3.63841	0.00122199	1.25	0.145979	0
3.63709	0.00121323	0.883333	0.120118	0
3.63757	0.00122245	1.5	0.156868	0
3.63801	0.00119181	1.16667	0.143257	0
3.63774	0.00123549	1.33333	0.14666	0
3.63692	0.00122608	1.05	0.132708	0
3.63668	0.00121582	1.4	0.151764	0
3.63705	0.00121303	1	0.127604	0
3.6371	0.00121706	1.18333	0.140535	0
3.63901	0.0013272	1.13333	0.135431	0
3.63913	0.00124633	1.41667	0.152785	0
3.63625	0.00124555	0.966667	0.125563	0
3.63514	0.0011591	0.983333	0.128625	0
3.63657	0.00117507	1.21667	0.142236	0
3.63717	0.001202	1.23333	0.143257	0
3.63673	0.00121862	1.38333	0.152785	0
3.63787	0.00120083	1.21667	0.142236	0
3.63801	0.00123802	1.28333	0.145979	0
3.63615	0.00124315	1.33333	0.14666	0
3.63597	0.0012375	1.01667	0.128625	0
3.63519	0.00120674	1.11667	0.13441	0
3.63558	0.00116358	1.03333	0.129646	0
3.63693	0.00117805	1.23333	0.143257	0
3.63688	0.00121738	1.18333	0.142236	0
3.63685	0.00121024	1.16667	0.137472	0
3.63633	0.00123452	1.28333	0.147681	0
3.63726	0.00122452	1.13333	0.143597	0
3.63642	0.00123958	1.5	0.156868	0
3.63563	0.00119363	0.966667	0.127604	0
3.63534	0.00121628	1.16667	0.143257	0
3.63527	0.00118746	1.28333	0.145979	0
3.63462	0.00118831	0.966667	0.127604	0
3.63474	0.00120005	1.16667	0.139514	0
3.63612	0.00120349	0.916667	0.124542	0
3.63465	0.00118487	1.25	0.142236	0
3.63504	0.00121453	0.983333	0.128625	0
3.6354	0.00115637	0.916667	0.126583	0
3.63544	0.00118818	1.23333	0.143257	0
3.63648	0.00121063	1.03333	0.131688	0
3.63452	0.00119077	1.08333	0.132708	0
3.63302	0.00116475	0.933333	0.125563	0
3.63423	0.00119668	1.11667	0.138493	0
3.63547	0.00120252	1.05	0.130667	0
3.63533	0.00118902	1.16667	0.137472	0
3.63461	0.00120031	1.3	0.144958	0
3.63353	0.00117935	1	0.127604	0
3.63375	0.00118636	1.11667	0.13441	0
3.63542	0.00117721	0.783333	0.115694	0
3.63322	0.00116494	0.833333	0.116715	0
3.63213	0.00114683	1.03333	0.129646	0
3.63481	0.00116468	0.933333	0.123181	0
3.63487	0.00118844	1.05	0.132708	0
3.63394	0.0011798	1.01667	0.130667	0
3.63455	0.00118149	1.21667	0.148021	0
3.63549	0.00119012	1.18333	0.138493	0
3.63489	0.00121453	1.01667	0.128625	0
3.63393	0.00117727	0.733333	0.111951	0
3.63308	0.00116364	0.883333	0.12216	0
3.63461	0.00119071	1.23333	0.143257	0
3.63437	0.00118065	0.75	0.110931	0
3.63358	0.00115417	0.966667	0.132028	0
3.63518	0.00118435	1.05	0.130667	0
3.63617	0.00119947	1.21667	0.140194	0
3.63336	0.00118214	1.11667	0.140535	0
3.63357	0.00116793	0.95	0.124201	0
3.63301	0.00115806	0.75	0.113313	0
3.63347	0.00117565	0.983333	0.128625	0
3.63529	0.00117507	1.05	0.130667	0
3.63506	0.00121823	1.15	0.140535	0
3.6343	0.00120959	0.983333	0.126583	0
3.63471	0.00117331	0.9	0.123521	0
3.63453	0.00117338	1.05	0.130667	0
3.63484	0.0012068	1.25	0.143938	0
3.63392	0.00116877	0.916667	0.12216	0
3.63117	0.0011393	0.583333	0.098	0
3.63228	0.00117215	1.03333	0.131688	0
3.63371	0.00115878	0.8	0.114333	0
3.63198	0.00117435	0.833333	0.121479	0
3.63346	0.0011445	0.933333	0.123181	0
3.63575	0.00115443	0.983333	0.126583	0
3.63361	0.00114274	0.85	0.120118	0
3.63317	0.00116228	0.816667	0.117736	0
3.63247	0.00116144	0.916667	0.12216	0
3.63259	0.00115183	0.883333	0.124542	0
3.63319	0.00115994	1.06667	0.131688	0
3.63308	0.00114184	0.683333	0.105826	0
3.63272	0.00117507	1.05	0.130667	0
3.63355	0.0011676	0.933333	0.123181	0
3.63341	0.00115774	0.966667	0.129646	0
3.63324	0.00116566	0.85	0.117736	0
3.63361	0.00116877	0.9	0.121139	0
3.63238	0.00113885	0.883333	0.120118	0
3.63193	0.00116423	0.866667	0.118757	0
3.63204	0.00115988	0.916667	0.124542	0
3.63377	0.00116267	0.95	0.124201	0
3.63334	0.00118701	0.966667	0.125563	0
3.63275	0.00117396	0.733333	0.111951	0
3.63231	0.00115936	0.9	0.121139	0
3.63305	0.00115112	0.716667	0.108208	0
3.63312	0.0011443	0.85	0.117736	0
3.63269	0.00115248	0.966667	0.125563	0
3.63331	0.00113703	0.866667	0.118757	0
3.63228	0.00113677	0.9	0.121139	0
3.63147	0.00112314	0.583333	0.098	0
3.63183	0.00114469	0.716667	0.108208	0
3.63295	0.00114774	0.816667	0.117736	0
3.63404	0.00114223	0.816667	0.115354	0
3.63465	0.00115748	1	0.127604	0
3.63476	0.00117409	0.916667	0.12216	0
3.63311	0.00113145	0.783333	0.115694	0
3.63382	0.00117967	0.866667	0.123521	0
3.63386	0.00119947	0.916667	0.124542	0
3.63264	0.00115592	0.866667	0.118757	0
3.63318	0.0011715	0.966667	0.125563	0
3.63303	0.00116247	0.7	0.107188	0
3.63044	0.00114521	0.816667	0.115354	0
3.63155	0.00115657	0.766667	0.111951	0
3.63272	0.0011556	0.65	0.103104	0
3.6333	0.00117455	1.01667	0.130667	0
3.6332	0.00115144	0.8	0.114333	0
3.632	0.00115923	0.85	0.120118	0
3.6322	0.00118175	0.85	0.117736	0
3.63364	0.00114197	0.7	0.107188	0
3.63335	0.00113632	0.816667	0.115354	0
3.63238	0.00116247	0.95	0.124201	0
3.63281	0.00116222	0.75	0.115694	0
3.6325	0.00115365	0.883333	0.12216	0
3.63379	0.00113723	0.933333	0.125563	0
3.63389	0.00114476	0.916667	0.124542	0
3.632	0.00112275	0.65	0.103104	0
3.63144	0.00111828	0.766667	0.111951	0
3.63234	0.00115696	0.833333	0.116715	0
3.63159	0.00115929	0.666667	0.104465	0
3.63368	0.00113703	0.716667	0.108208	0
3.63481	0.00117273	1	0.129646	0
3.63358	0.00118	0.633333	0.104465	0
3.63099	0.00114489	0.716667	0.110931	0
3.63172	0.00115293	0.85	0.120118	0
3.63291	0.00114534	0.783333	0.113313	0
3.63213	0.00114034	0.816667	0.115354	0
3.63198	0.00113483	0.6	0.0993611	0
3.63201	0.00112918	0.616667	0.105826	0
3.63156	0.00112717	0.683333	0.105826	0
3.63195	0.00112749	0.75	0.110931	0
3.63217	0.00111503	0.766667	0.114333	0
3.63286	0.00115034	0.8	0.114333	0
3.63241	0.00114742	0.75	0.110931	0
3.63253	0.0011421	0.866667	0.118757	0
3.63329	0.00113963	0.716667	0.108208	0
3.63441	0.0011602	0.966667	0.125563	0
3.63398	0.00115683	0.65	0.105826	0
3.63294	0.00111484	0.8	0.119097	0
3.63252	0.00114197	0.7	0.107188	0
3.63252	0.00113561	0.8	0.114333	0
3.63264	0.00111029	0.7	0.107188	0
3.63191	0.00113502	0.666667	0.104465	0
3.63144	0.00111321	0.766667	0.116715	0
3.63307	0.00111347	0.683333	0.108549	0
3.63328	0.00114021	0.733333	0.109569	0
3.63176	0.00110497	0.666667	0.107188	0
3.63228	0.00113255	0.683333	0.105826	0
3.63334	0.00114203	0.966667	0.127604	0
3.63324	0.00114352	0.75	0.110931	0
3.63272	0.00115456	0.783333	0.115694	0
3.63253	0.00113645	0.733333	0.109569	0
3.63367	0.00115027	0.633333	0.102083	0
3.63177	0.00113807	0.75	0.113313	0
3.63163	0.00115014	0.783333	0.113313	0
3.63194	0.00114956	0.616667	0.100722	0
3.63273	0.00112626	0.8	0.116715	0
3.63256	0.00116371	0.633333	0.102083	0
3.63316	0.00116001	0.8	0.114333	0
3.6322	0.00113638	0.75	0.110931	0
3.63169	0.00115852	0.666667	0.104465	0
3.63243	0.00112288	0.683333	0.105826	0
3.63355	0.00112048	0.633333	0.102083	0
3.63411	0.00111075	0.7	0.112292	0
3.63208	0.00112412	0.7	0.109569	0
3.6316	0.00111328	0.6	0.0993611	0
3.6328	0.00111315	0.583333	0.100722	0
3.63249	0.0011432	0.75	0.110931	0
3.63142	0.00109822	0.7	0.107188	0
3.63181	0.00107856	0.5	0.0908542	0
3.63172	0.00110432	0.683333	0.105826	0
3.63282	0.00115326	0.8	0.114333	0
3.63256	0.00112087	0.716667	0.110931	0
3.63309	0.00113567	0.85	0.1225	0
3.63457	0.00117383	0.866667	0.123521	0
3.63253	0.00111263	0.483333	0.0891528	0
3.63212	0.00111419	0.75	0.110931	0
3.63279	0.00110796	0.583333	0.098	0
3.63348	0.00114586	0.883333	0.120118	0
3.63436	0.00114476	0.916667	0.124542	0
3.63296	0.00114404	0.583333	0.098	0
3.63232	0.00111938	0.6	0.104806	0
3.63237	0.0011001	0.616667	0.100722	0
3.63343	0.001131	0.65	0.105826	0
3.63293	0.00115839	0.666667	0.112292	0
3.63191	0.00111561	0.55	0.0949375	0
3.63193	0.00112217	0.75	0.110931	0
3.63283	0.00115572	0.683333	0.105826	0
3.63298	0.00113106	0.65	0.103104	0
3.63368	0.00112529	0.583333	0.098	0
3.63329	0.00108628	0.4	0.0813264	0
3.63336	0.00111724	0.65	0.103104	0
3.63317	0.0010868	0.583333	0.098	0
3.63209	0.00111237	0.716667	0.108208	0
3.63258	0.00111964	0.6	0.0993611	0
3.63298	0.00111334	0.75	0.110931	0
3.6324	0.00112165	0.45	0.0860903	0
3.6323	0.00111828	0.65	0.103104	0
3.63368	0.00111205	0.7	0.107188	0
3.63368	0.00111282	0.533333	0.0935764	0
3.63241	0.0011138	0.633333	0.107188	0
3.63206	0.0011334	0.55	0.0949375	0
3.63237	0.00110835	0.65	0.103104	0
3.63287	0.00111334	0.633333	0.102083	0
3.63281	0.00111938	0.55	0.0949375	0
3.63293	0.00111886	0.683333	0.105826	0
3.63218	0.00109861	0.566667	0.0966389	0
3.6325	0.00112619	0.566667	0.0966389	0
3.63373	0.00112042	0.816667	0.115354	0
3.63362	0.00110893	0.616667	0.103444	0
3.63262	0.00115754	0.466667	0.0908542	0
3.63459	0.00111243	0.683333	0.105826	0
3.63492	0.00112684	0.566667	0.0966389	0
3.63427	0.00116546	0.65	0.103104	0
3.63327	0.00111237	0.45	0.0860903	0
3.63237	0.0010953	0.566667	0.0966389	0
3.6335	0.00111399	0.566667	0.0966389	0
3.63344	0.0011077	0.65	0.103104	0
3.63411	0.00111438	0.616667	0.100722	0
3.63392	0.00112107	0.566667	0.0966389	0
3.63412	0.00112918	0.55	0.0949375	0
3.6341	0.00113281	0.783333	0.113313	0
3.63322	0.00111568	0.516667	0.0922153	0
3.63304	0.00109686	0.633333	0.102083	0
3.63345	0.00109095	0.466667	0.0877917	0
3.63355	0.00110958	0.666667	0.104465	0
3.63315	0.00111179	0.633333	0.104465	0
3.63396	0.00113048	0.616667	0.100722	0
3.6332	0.00113054	0.45	0.0891528	0
3.63248	0.00112048	0.566667	0.0966389	0
3.63431	0.00112392	0.5	0.0908542	0
3.63448	0.00113061	0.633333	0.102083	0
3.63395	0.00109621	0.433333	0.0843889	0
3.63384	0.00110309	0.766667	0.111951	0
3.63465	0.00111724	0.6	0.0993611	0
3.63423	0.00113444	0.716667	0.108208	0
3.63291	0.00111828	0.6	0.0993611	0
3.63426	0.00112814	0.716667	0.108208	0
3.63453	0.00108959	0.633333	0.102083	0
3.63364	0.00110951	0.666667	0.109569	0
3.63328	0.00111613	0.5	0.0908542	0
3.63489	0.00109764	0.55	0.0949375	0
3.63452	0.00108362	0.55	0.0949375	0
3.63402	0.00113165	0.65	0.103104	0
3.63442	0.00111315	0.45	0.0860903	0
3.63461	0.00112632	0.666667	0.104465	0
3.63527	0.0011332	0.6	0.0993611	0
3.63539	0.00113191	0.616667	0.103444	0
3.63438	0.00111295	0.583333	0.098	0
3.63428	0.00111983	0.733333	0.111951	0
3.63324	0.00111347	0.533333	0.0935764	0
3.63369	0.00107959	0.5	0.0908542	0
3.63319	0.00107427	0.55	0.0949375	0
3.63338	0.00109893	0.566667	0.0966389	0
3.63388	0.0011027	0.366667	0.0779236	0
3.63422	0.00108998	0.666667	0.104465	0
3.63556	0.00109478	0.65	0.103104	0
3.63394	0.0011151	0.466667	0.0877917	0
3.63389	0.00108492	0.366667	0.0779236	0
3.63507	0.00109939	0.516667	0.0922153	0
3.6341	0.00108213	0.383333	0.079625	0
3.634	0.00108907	0.616667	0.103444	0
3.63487	0.0010868	0.55	0.0949375	0
3.63436	0.00108797	0.633333	0.104465	0
3.63395	0.00109517	0.483333	0.0891528	0
3.63461	0.00108797	0.516667	0.0922153	0
3.63504	0.00109978	0.633333	0.102083	0
3.63547	0.00109238	0.566667	0.0966389	0
3.63463	0.00108959	0.533333	0.0935764	0
3.6347	0.001104	0.45	0.0891528	0
3.63503	0.00109283	0.416667	0.0830278	0
3.6346	0.00107836	0.6	0.0993611	0
3.6345	0.00110075	0.466667	0.0877917	0
3.63437	0.0010868	0.483333	0.0891528	0
3.63473	0.00109082	0.433333	0.0843889	0
3.63533	0.00108972	0.566667	0.0966389	0
3.63436	0.00111224	0.583333	0.098	0
3.63492	0.00107758	0.516667	0.0922153	0
3.63517	0.00106564	0.55	0.098	0
3.63318	0.00107784	0.45	0.0860903	0
3.63212	0.00106772	0.316667	0.0724792	0
3.63435	0.00108498	0.5	0.0908542	0
3.63555	0.0010783	0.583333	0.098	0
3.63454	0.0010731	0.366667	0.0779236	0
3.63507	0.00110166	0.366667	0.0779236	0
3.63585	0.00108271	0.483333	0.0891528	0
3.63518	0.00108472	0.666667	0.109569	0
3.63577	0.00107992	0.4	0.0813264	0
3.63625	0.00107843	0.4	0.0847292	0
3.63659	0.00109309	0.483333	0.0891528	0
3.63673	0.00108706	0.5	0.0908542	0
3.63649	0.00107434	0.45	0.0860903	0
3.63571	0.00109199	0.483333	0.0891528	0
3.63592	0.00109309	0.35	0.0762222	0
3.63411	0.0010916	0.416667	0.0830278	0
3.63493	0.00108907	0.366667	0.0779236	0
3.63704	0.00110108	0.666667	0.104465	0
3.63747	0.00111912	0.45	0.0860903	0
3.63645	0.00110173	0.533333	0.0935764	0
3.63721	0.00107817	0.45	0.0860903	0
3.6371	0.00110062	0.566667	0.0966389	0
3.63759	0.00112749	0.75	0.110931	0
3.63623	0.00110361	0.35	0.0762222	0
3.63529	0.00107531	0.283333	0.0683958	0
3.63606	0.0011062	0.616667	0.100722	0
3.63588	0.00110977	0.4	0.0813264	0
3.63558	0.00108518	0.416667	0.0830278	0
3.63639	0.00109335	0.366667	0.0779236	0
3.63698	0.00107985	0.483333	0.0891528	0
3.63668	0.00107998	0.55	0.0949375	0
3.63621	0.00107284	0.383333	0.079625	0
3.63622	0.00109465	0.466667	0.0908542	0
3.63616	0.00108401	0.416667	0.0830278	0
3.6377	0.00109238	0.5	0.0908542	0
3.63778	0.00110147	0.583333	0.098	0
3.63813	0.00108751	0.45	0.0860903	0
3.63844	0.00111179	0.466667	0.0877917	0
3.63779	0.00110036	0.483333	0.0891528	0
3.6371	0.00109316	0.466667	0.0877917	0
3.63736	0.00107447	0.466667	0.0877917	0
3.63716	0.00106622	0.3	0.0704375	0
3.6376	0.00107375	0.416667	0.0830278	0
3.63755	0.00108057	0.6	0.0993611	0
3.63661	0.00107674	0.283333	0.0683958	0
3.63628	0.0010731	0.433333	0.0843889	0
3.63771	0.00105577	0.416667	0.0830278	0
3.63768	0.00104	0.4	0.0813264	0
3.63677	0.00109056	0.4	0.0813264	0
3.63785	0.00109368	0.383333	0.079625	0
3.63756	0.00108135	0.533333	0.0935764	0
3.63714	0.00107356	0.45	0.0860903	0
3.63937	0.00111386	0.583333	0.098	0
3.63891	0.00109621	0.483333	0.0891528	0
3.63657	0.00106337	0.35	0.0762222	0
3.63788	0.00105733	0.483333	0.0891528	0
3.63744	0.00108128	0.483333	0.0922153	0
3.63671	0.001099	0.383333	0.079625	0
3.63736	0.00105902	0.366667	0.0779236	0
3.63774	0.00104286	0.366667	0.0779236	0
3.6377	0.00106103	0.283333	0.0683958	0
3.63739	0.00105772	0.383333	0.079625	0
3.63787	0.00105681	0.433333	0.0843889	0
3.63766	0.00108232	0.433333	0.0843889	0
3.63904	0.00110932	0.483333	0.0891528	0
3.6384	0.00106999	0.316667	0.0724792	0
3.63746	0.00106837	0.45	0.0891528	0
3.63783	0.00108044	0.316667	0.0724792	0
3.63775	0.00105857	0.3	0.0704375	0
3.6375	0.00107181	0.383333	0.079625	0
3.63807	0.00107492	0.4	0.0813264	0
3.63866	0.00108498	0.5	0.0908542	0
3.6387	0.00107888	0.366667	0.0779236	0
3.63774	0.0010598	0.366667	0.0779236	0
3.63962	0.0011149	0.583333	0.098	0
3.63947	0.00112288	0.55	0.0949375	0
3.63835	0.00108245	0.316667	0.0724792	0
3.63897	0.00110555	0.483333	0.0891528	0
3.63989	0.00109588	0.4	0.0813264	0
3.6387	0.00108978	0.416667	0.0830278	0
3.63803	0.00102605	0.266667	0.0663542	0
3.63838	0.00105052	0.3	0.0704375	0
3.63834	0.00105019	0.333333	0.0741806	0
3.63894	0.00104825	0.383333	0.079625	0
3.63931	0.00108375	0.416667	0.0830278	0
3.63798	0.0010829	0.416667	0.0830278	0
3.63903	0.00107447	0.283333	0.0683958	0
3.64033	0.00108368	0.383333	0.079625	0
3.63968	0.00109219	0.383333	0.079625	0
3.6391	0.00108998	0.416667	0.0830278	0
3.63973	0.00107038	0.416667	0.0830278	0
3.63945	0.00108297	0.466667	0.0877917	0
3.63936	0.00109582	0.416667	0.0830278	0
3.63954	0.00107667	0.416667	0.0830278	0
3.6398	0.00110471	0.466667	0.0877917	0
3.63983	0.00110757	0.316667	0.0724792	0
3.63905	0.00105175	0.15	0.0500208	0
3.63935	0.00108576	0.466667	0.0877917	0
3.64025	0.00106726	0.35	0.0762222	0
3.64038	0.00108771	0.466667	0.0877917	0
3.64029	0.00107207	0.3	0.0704375	0
3.63985	0.00106363	0.416667	0.0860903	0
3.6405	0.00109446	0.566667	0.0966389	0
3.64068	0.00106363	0.316667	0.0724792	0
3.64008	0.00106252	0.433333	0.0843889	0
3.64066	0.00108595	0.433333	0.0843889	0
3.63994	0.00106168	0.3	0.0741806	0
3.64054	0.00106519	0.416667	0.0830278	0
3.64182	0.00108167	0.5	0.0908542	0
3.64254	0.00108446	0.366667	0.0779236	0
3.64154	0.00108005	0.416667	0.0830278	0
3.63958	0.00104065	0.216667	0.0598889	0
3.64059	0.00106661	0.233333	0.0622708	0
3.64119	0.00106239	0.3	0.0704375	0
3.64103	0.00104799	0.316667	0.0724792	0
3.64037	0.00107447	0.45	0.0860903	0
3.64143	0.00106434	0.283333	0.0683958	0
3.64011	0.00105065	0.233333	0.0622708	0
3.64035	0.0010635	0.2	0.0575069	0
3.64221	0.00107096	0.366667	0.0779236	0
3.6421	0.00107583	0.283333	0.0683958	0
3.64123	0.00105694	0.3	0.0704375	0
3.64147	0.00108823	0.533333	0.0935764	0
3.64208	0.00107628	0.333333	0.0741806	0
3.6416	0.00106901	0.3	0.0704375	0
3.642	0.00106778	0.483333	0.0922153	0
3.64212	0.00109089	0.433333	0.0843889	0
3.64117	0.00105526	0.283333	0.0683958	0
3.6402	0.00103371	0.166667	0.0527431	0
3.64207	0.0010683	0.366667	0.0779236	0
3.64298	0.00106123	0.35	0.0762222	0
3.64313	0.00110127	0.6	0.102083	0
3.64258	0.00107291	0.416667	0.0830278	0
3.64116	0.00106908	0.35	0.0762222	0
3.64101	0.00105766	0.266667	0.0663542	0
3.64201	0.00108725	0.45	0.0860903	0
3.6427	0.00109219	0.4	0.0847292	0
3.64192	0.00107602	0.333333	0.0741806	0
3.64211	0.00106635	0.45	0.0860903	0
3.64256	0.00105688	0.4	0.0813264	0
3.64262	0.0010709	0.383333	0.079625	0
3.64264	0.00108784	0.35	0.0762222	0
3.64247	0.00108654	0.283333	0.0683958	0
3.642	0.00107894	0.35	0.0762222	0
3.64228	0.00106213	0.35	0.0762222	0
3.64173	0.00106953	0.333333	0.0741806	0
3.6423	0.0010842	0.35	0.079625	0
3.64235	0.00108271	0.4	0.0813264	0
3.6418	0.00105928	0.166667	0.0527431	0
3.64102	0.0010829	0.333333	0.0741806	0
3.64251	0.0010609	0.366667	0.0779236	0
3.64349	0.0010572	0.35	0.0762222	0
3.64273	0.00107038	0.416667	0.0830278	0
3.64229	0.00107245	0.35	0.0762222	0
3.64263	0.00106025	0.15	0.0500208	0
3.64316	0.00106363	0.383333	0.079625	0
3.6434	0.00104656	0.316667	0.0724792	0
3.64314	0.00102261	0.2	0.0575069	0
3.64419	0.00106272	0.416667	0.0830278	0
3.6438	0.00105052	0.333333	0.0741806	0
3.64312	0.00106772	0.333333	0.0741806	0
3.6436	0.00106811	0.466667	0.0877917	0
3.64442	0.00107239	0.35	0.0762222	0
3.6435	0.00104831	0.316667	0.0724792	0
3.64404	0.00106986	0.25	0.0643125	0
3.64468	0.00105746	0.45	0.0860903	0
3.645	0.00107304	0.283333	0.0683958	0
3.644	0.00106369	0.316667	0.0724792	0
3.64321	0.00105389	0.266667	0.0663542	0
3.64376	0.0010204	0.266667	0.0663542	0
3.64315	0.00106116	0.35	0.0762222	0
3.64293	0.00107817	0.3	0.0704375	0
3.64415	0.00109517	0.383333	0.079625	0
3.64562	0.00109777	0.483333	0.0891528	0
3.64431	0.00110744	0.216667	0.0598889	0
3.64435	0.00107589	0.416667	0.0830278	0
3.64526	0.00109459	0.366667	0.0813264	0
3.64472	0.00109517	0.3	0.0704375	0
3.64524	0.00107168	0.383333	0.079625	0
3.64516	0.0010574	0.366667	0.0779236	0
3.64453	0.00104234	0.316667	0.0724792	0
3.64471	0.00106213	0.3	0.0704375	0
3.64506	0.00106506	0.316667	0.0724792	0
3.64494	0.0010352	0.116667	0.0438958	0
3.64516	0.00104338	0.216667	0.0598889	0
3.6458	0.00104714	0.216667	0.0598889	0
3.6448	0.00102793	0.266667	0.0663542	0
3.64477	0.0010487	0.316667	0.0724792	0
3.64564	0.00106175	0.183333	0.055125	0
3.64615	0.00105623	0.366667	0.0813264	0
3.64639	0.00106265	0.366667	0.0779236	0
3.64592	0.00107083	0.366667	0.0779236	0
3.64522	0.00106979	0.35	0.0762222	0
3.64513	0.00105461	0.35	0.0762222	0
3.64592	0.00107278	0.4	0.0813264	0
3.64574	0.00104195	0.216667	0.0598889	0
3.64519	0.00103994	0.166667	0.0527431	0
3.64534	0.00105201	0.35	0.0762222	0
3.64573	0.00106038	0.316667	0.0724792	0
3.64536	0.0010498	0.316667	0.0762222	0
3.64577	0.00105766	0.266667	0.0663542	0
3.64623	0.00105882	0.233333	0.0622708	0
3.64722	0.00106921	0.4	0.0813264	0
3.64742	0.00106901	0.25	0.0643125	0
3.64674	0.00107505	0.5	0.0935764	0
3.64659	0.00106986	0.35	0.0762222	0
3.64671	0.00104539	0.25	0.0643125	0
3.64626	0.0010474	0.266667	0.0663542	0
3.64578	0.00105461	0.35	0.0762222	0
3.64616	0.00101859	0.216667	0.0598889	0
3.64707	0.00104286	0.266667	0.0663542	0
3.64754	0.00105993	0.233333	0.0622708	0
3.64702	0.00104266	0.35	0.0762222	0
3.64761	0.00104571	0.25	0.0683958	0
3.64676	0.00104059	0.35	0.0762222	0
3.64714	0.00107064	0.233333	0.0622708	0
3.64733	0.00105188	0.233333	0.0622708	0
3.64799	0.00107025	0.4	0.0813264	0
3.64771	0.00105876	0.316667	0.0724792	0
3.64685	0.00108057	0.3	0.0704375	0
3.64632	0.00104954	0.15	0.0500208	0
3.64703	0.00106382	0.383333	0.079625	0
3.64764	0.00105078	0.3	0.0741806	0
3.6472	0.00105805	0.3	0.0704375	0
3.6464	0.00104864	0.266667	0.0663542	0
3.64711	0.00104948	0.316667	0.0724792	0
3.64758	0.00105668	0.416667	0.0830278	0
3.64919	0.00107129	0.4	0.0813264	0
3.64808	0.00105824	0.333333	0.0741806	0
3.64726	0.00107343	0.266667	0.0663542	0
3.64836	0.00106038	0.266667	0.0663542	0
3.64874	0.00104253	0.266667	0.0663542	0
3.6484	0.00106097	0.216667	0.0598889	0
3.64831	0.00105383	0.366667	0.0813264	0
3.6488	0.00107992	0.316667	0.0724792	0
3.64897	0.00106564	0.266667	0.0663542	0
3.649	0.00103371	0.333333	0.0741806	0
3.65008	0.00103858	0.3	0.0704375	0
3.64997	0.00105136	0.35	0.0762222	0
3.64933	0.00106051	0.233333	0.0622708	0
3.64839	0.00105272	0.266667	0.0663542	0
3.64875	0.00105915	0.266667	0.0663542	0
3.64931	0.00104156	0.266667	0.0663542	0
3.64943	0.00104039	0.333333	0.0741806	0
3.65	0.00107486	0.333333	0.0741806	0
3.64951	0.00106103	0.383333	0.079625	0
3.64954	0.00103935	0.266667	0.0663542	0
3.64956	0.00107356	0.333333	0.0741806	0
3.64949	0.00104617	0.216667	0.0598889	0
3.64964	0.00104195	0.216667	0.0598889	0
3.65051	0.00105967	0.366667	0.0779236	0
3.65025	0.00105162	0.266667	0.0663542	0
3.64978	0.00105642	0.25	0.0643125	0
3.64953	0.00103033	0.183333	0.055125	0
3.65009	0.00103293	0.283333	0.0683958	0
3.64998	0.00103883	0.283333	0.0683958	0
3.6504	0.00105954	0.333333	0.0741806	0
3.65047	0.00106233	0.316667	0.0762222	0
3.65101	0.00106843	0.25	0.0643125	0
3.65086	0.00107674	0.383333	0.079625	0
3.65057	0.00104468	0.266667	0.0663542	0
3.64997	0.00104312	0.266667	0.0663542	0
3.65128	0.0010535	0.283333	0.0683958	0
3.65165	0.00105526	0.383333	0.079625	0
3.65095	0.00104	0.216667	0.0598889	0
3.65078	0.00104643	0.266667	0.0663542	0
3.6505	0.00108608	0.316667	0.0724792	0
3.65081	0.00106934	0.283333	0.0683958	0
3.65139	0.00104578	0.266667	0.0663542	0
3.65104	0.00103942	0.2	0.0575069	0
3.65116	0.0010574	0.25	0.0643125	0
3.65071	0.00105156	0.233333	0.0622708	0
3.65066	0.00104539	0.166667	0.0527431	0
3.65016	0.00106006	0.283333	0.0683958	0
3.65126	0.0010622	0.216667	0.0598889	0
3.65099	0.00104013	0.133333	0.0469583	0
3.6507	0.00105915	0.183333	0.055125	0
3.65135	0.00102897	0.216667	0.0598889	0
3.65122	0.00105915	0.266667	0.0663542	0
3.65132	0.00103384	0.183333	0.055125	0
3.65141	0.00104494	0.266667	0.0663542	0
3.65068	0.00105954	0.216667	0.0598889	0
3.65043	0.00103591	0.233333	0.0622708	0
3.65186	0.00104163	0.266667	0.0663542	0
3.6529	0.00105253	0.283333	0.0683958	0
3.65322	0.00104636	0.25	0.0643125	0
3.65201	0.00104403	0.183333	0.055125	0
3.65077	0.00103111	0.2	0.0622708	0
3.65217	0.00102767	0.25	0.0643125	0
3.6528	0.00105876	0.266667	0.0663542	0
3.65163	0.00103397	0.233333	0.0622708	0
3.65321	0.00103215	0.283333	0.0683958	0
3.65263	0.00104513	0.183333	0.055125	0
3.65274	0.00107181	0.35	0.0762222	0
3.65318	0.00107031	0.2	0.0575069	0
3.65378	0.00105279	0.283333	0.0683958	0
3.6527	0.00105409	0.283333	0.0683958	0
3.65328	0.00106201	0.3	0.0704375	0
3.65382	0.00104818	0.2	0.0575069	0
3.65258	0.00103994	0.283333	0.0683958	0
3.65309	0.00104331	0.15	0.0500208	0
3.65385	0.0010439	0.3	0.0704375	0
3.65386	0.0010304	0.233333	0.0622708	0
3.65351	0.00102962	0.25	0.0683958	0
3.65428	0.00104137	0.316667	0.0724792	0
3.65447	0.00105311	0.316667	0.0724792	0
3.65415	0.00104312	0.3	0.0704375	0
3.65447	0.00104422	0.166667	0.0527431	0
3.65376	0.00106415	0.25	0.0643125	0
3.65452	0.00103416	0.166667	0.0527431	0
3.65419	0.00104701	0.316667	0.0724792	0
3.65402	0.00106752	0.15	0.0500208	0
3.65325	0.00104085	0.183333	0.055125	0
3.6535	0.00103559	0.233333	0.0622708	0
3.65477	0.00103864	0.183333	0.055125	0
3.65414	0.00106739	0.25	0.0683958	0
3.65464	0.00107648	0.383333	0.079625	0
3.65498	0.00105246	0.183333	0.055125	0
3.65546	0.00106084	0.283333	0.0683958	0
3.65441	0.00105383	0.2	0.0575069	0
3.65442	0.00106778	0.233333	0.0622708	0
3.65542	0.00104156	0.266667	0.0663542	0
3.65538	0.00106837	0.316667	0.0724792	0
3.65522	0.00107499	0.266667	0.0663542	0
3.655	0.00106162	0.283333	0.0683958	0
3.65512	0.00103325	0.15	0.0500208	0
3.6553	0.00104247	0.233333	0.0622708	0
3.65571	0.00104993	0.25	0.0643125	0
3.65442	0.00101106	0.216667	0.0598889	0
3.65581	0.00103196	0.2	0.0575069	0
3.65543	0.00104364	0.3	0.0704375	0
3.65631	0.00105402	0.283333	0.0683958	0
3.6567	0.00106888	0.266667	0.0663542	0
3.65597	0.00105149	0.166667	0.0527431	0
3.65552	0.0010119	0.25	0.0643125	0
3.65596	0.00102339	0.2	0.0575069	0
3.65576	0.00105156	0.15	0.0500208	0
3.6563	0.0010522	0.233333	0.0622708	0
3.65716	0.00105162	0.216667	0.0598889	0
3.65607	0.00105519	0.25	0.0643125	0
3.6556	0.00104383	0.183333	0.055125	0
3.65581	0.00103747	0.133333	0.0469583	0
3.65628	0.00103598	0.233333	0.0622708	0
3.65716	0.00103488	0.316667	0.0724792	0
3.65649	0.00103033	0.216667	0.0598889	0
3.65669	0.00104805	0.266667	0.0663542	0
3.65573	0.00104279	0.133333	0.0469583	0
3.65698	0.00104948	0.35	0.0762222	0
3.65668	0.00102884	0.216667	0.0598889	0
3.65697	0.00106136	0.35	0.0762222	0
3.65678	0.00103072	0.216667	0.0598889	0
3.65701	0.00104085	0.15	0.0500208	0
3.65794	0.00106837	0.216667	0.0598889	0
3.65812	0.00104558	0.35	0.0762222	0
3.65766	0.00105733	0.266667	0.0663542	0
3.65679	0.0010487	0.283333	0.0683958	0
3.65778	0.00106506	0.233333	0.0622708	0
3.65781	0.00103819	0.166667	0.0527431	0
3.65827	0.00102774	0.3	0.0704375	0
3.65835	0.00104526	0.25	0.0643125	0
3.65932	0.00106207	0.25	0.0643125	0
3.65931	0.00106785	0.3	0.0704375	0
3.6577	0.00102637	0.266667	0.0663542	0
3.65801	0.00103935	0.266667	0.0663542	0
3.65883	0.00106149	0.2	0.0575069	0
3.65875	0.00104208	0.283333	0.0683958	0
3.65956	0.00105577	0.3	0.0704375	0
3.65894	0.00103183	0.133333	0.0469583	0
3.6584	0.0010302	0.133333	0.0469583	0
3.65819	0.00106356	0.166667	0.0527431	0
3.65911	0.00105551	0.183333	0.055125	0
3.6584	0.00103241	0.133333	0.0469583	0
3.65969	0.00104351	0.283333	0.0683958	0
3.65931	0.00104954	0.2	0.0575069	0
3.65867	0.00106415	0.216667	0.0598889	0
3.65914	0.00105123	0.316667	0.0724792	0
3.65943	0.00103942	0.35	0.0762222	0
3.65976	0.00103721	0.1	0.0408333	0
3.65922	0.00106726	0.233333	0.0622708	0
3.66034	0.00108797	0.233333	0.0663542	0
3.66023	0.00105182	0.233333	0.0622708	0
3.66038	0.00104312	0.2	0.0575069	0
3.66018	0.00102689	0.2	0.0575069	0
3.65961	0.00104318	0.15	0.0500208	0
3.66097	0.00103942	0.166667	0.0527431	0
3.66071	0.00103507	0.2	0.0575069	0
3.66117	0.0010365	0.216667	0.0598889	0
3.66088	0.00102735	0.25	0.0683958	0
3.66147	0.00106233	0.183333	0.055125	0
3.66075	0.0010511	0.233333	0.0622708	0
3.65909	0.00101703	0.166667	0.0527431	0
3.65983	0.00101904	0.166667	0.0527431	0
3.66132	0.00105357	0.15	0.0500208	0
3.65989	0.00103987	0.116667	0.0438958	0
3.66035	0.00104312	0.216667	0.0598889	0
3.66032	0.00105636	0.183333	0.055125	0
3.65966	0.00104604	0.1	0.0408333	0
3.66005	0.00102553	0.183333	0.055125	0
3.66076	0.00101748	0.183333	0.055125	0
3.66108	0.00102916	0.216667	0.0598889	0
3.66061	0.00105681	0.333333	0.0741806	0
3.66157	0.00105902	0.166667	0.0527431	0
3.66131	0.00105999	0.266667	0.0663542	0
3.66061	0.00102793	0.216667	0.0598889	0
3.66173	0.00102715	0.2	0.0575069	0
3.66271	0.00104448	0.216667	0.0598889	0
3.66157	0.00103955	0.183333	0.055125	0
3.66185	0.00103228	0.183333	0.055125	0
3.66197	0.00103832	0.216667	0.0598889	0
3.6613	0.00100645	0.15	0.0500208	0
3.6623	0.00103098	0.233333	0.0622708	0
3.66169	0.00100684	0.183333	0.055125	0
3.66198	0.00103066	0.216667	0.0598889	0
3.6628	0.00102449	0.133333	0.0469583	0
3.66183	0.00101878	0.116667	0.0438958	0
3.66162	0.0010424	0.183333	0.055125	0
3.6625	0.00104468	0.233333	0.0622708	0
3.66305	0.00104779	0.25	0.0643125	0
3.66239	0.00105019	0.166667	0.0527431	0
3.66274	0.00104442	0.2	0.0575069	0
3.66264	0.0010646	0.25	0.0643125	0
3.66202	0.00103987	0.15	0.0500208	0
3.66204	0.00105117	0.333333	0.0741806	0
3.66255	0.00104812	0.116667	0.0438958	0
3.66253	0.00103527	0.316667	0.0724792	0
3.66386	0.00103111	0.166667	0.0527431	0
3.66389	0.00105013	0.316667	0.0724792	0
3.66341	0.00105876	0.166667	0.0527431	0
3.66439	0.00103124	0.25	0.0643125	0
3.6638	0.00103624	0.15	0.0500208	0
3.66344	0.00104812	0.183333	0.055125	0
3.66395	0.0010389	0.133333	0.0469583	0
3.6637	0.0010537	0.183333	0.055125	0
3.66409	0.00103851	0.233333	0.0622708	0
3.66445	0.00102981	0.266667	0.0663542	0
3.6647	0.00101813	0.116667	0.0438958	0
3.66444	0.00102592	0.183333	0.055125	0
3.66525	0.00103955	0.233333	0.0622708	0
3.66455	0.00104169	0.2	0.0575069	0
3.6637	0.00103371	0.15	0.0500208	0
3.66379	0.00100684	0.166667	0.0527431	0
3.66471	0.00103987	0.25	0.0683958	0
3.66433	0.0010278	0.2	0.0575069	0
3.66422	0.00099509	0.0833333	0.0370903	0
3.6651	0.00102086	0.133333	0.0469583	0
3.66601	0.00105824	0.233333	0.0622708	0
3.66602	0.00103254	0.233333	0.0622708	0
3.66607	0.00104812	0.266667	0.0663542	0
3.66624	0.00104494	0.2	0.0575069	0
3.66552	0.00103455	0.216667	0.0598889	0
3.66601	0.0010572	0.166667	0.0527431	0
3.66547	0.00104812	0.166667	0.0527431	0
3.6661	0.00102865	0.25	0.0643125	0
3.66622	0.00105396	0.283333	0.0683958	0
3.666	0.00104662	0.133333	0.0469583	0
3.66584	0.00101742	0.166667	0.0527431	0
3.66571	0.00102566	0.133333	0.0469583	0
3.66566	0.00103624	0.183333	0.055125	0
3.66577	0.00102955	0.183333	0.055125	0
3.66584	0.00103591	0.166667	0.0527431	0
3.66561	0.00103494	0.3	0.0704375	0
3.6662	0.0010317	0.2	0.0575069	0
3.66699	0.00102215	0.133333	0.0469583	0
3.66688	0.00102813	0.2	0.0575069	0
3.6669	0.00102903	0.216667	0.0598889	0
3.66645	0.00103896	0.283333	0.0724792	0
3.66734	0.00103455	0.233333	0.0622708	0
3.6679	0.00104117	0.116667	0.0438958	0
3.66696	0.00104422	0.166667	0.0527431	0
3.66656	0.0010243	0.166667	0.0527431	0
3.66698	0.00102352	0.166667	0.0527431	0
3.66675	0.00102657	0.183333	0.055125	0
3.66803	0.00102436	0.2	0.0622708	0
3.66794	0.00102469	0.183333	0.055125	0
3.66793	0.00103338	0.183333	0.055125	0
3.66714	0.00103559	0.1	0.0408333	0
3.6675	0.00103643	0.183333	0.055125	0
3.66734	0.00102339	0.116667	0.0438958	0
3.66707	0.00102469	0.133333	0.0469583	0
3.66796	0.00101761	0.2	0.0575069	0
3.6678	0.000999049	0.1	0.0408333	0
3.66757	0.00103033	0.166667	0.0527431	0
3.66787	0.00101281	0.1	0.0408333	0
3.66746	0.00103325	0.216667	0.0598889	0
3.66786	0.0010289	0.166667	0.0527431	0
3.66858	0.00102728	0.2	0.0575069	0
3.66846	0.00102079	0.116667	0.0438958	0
3.6687	0.00102923	0.3	0.0704375	0
3.66948	0.00103403	0.166667	0.0527431	0
3.66884	0.00103403	0.2	0.0575069	0
3.66953	0.00102942	0.233333	0.0622708	0
3.66982	0.00100781	0.133333	0.0469583	0
3.66949	0.00103144	0.15	0.0500208	0
3.66894	0.00103858	0.133333	0.0469583	0
3.66988	0.00103059	0.166667	0.0527431	0
3.67008	0.00105422	0.183333	0.055125	0
3.67053	0.00103948	0.3	0.0704375	0
3.66904	0.0010243	0.05	0.0289236	0
3.66952	0.00105123	0.216667	0.0598889	0
3.66992	0.00103196	0.133333	0.0469583	0
3.66927	0.00101417	0.166667	0.0527431	0
3.66857	0.00102981	0.216667	0.0598889	0
3.66975	0.00104649	0.216667	0.0598889	0
3.66992	0.00103468	0.116667	0.0438958	0
3.66893	0.00102378	0.166667	0.0527431	0
3.67006	0.00103591	0.366667	0.0779236	0
3.67029	0.00103234	0.116667	0.0438958	0
0	0	0	0	0
0	0	0	0	0
0	0	0	0	0
0	0	0	0	0
0	0	0	0	0
0	0	0	0	0
0	0	0	0	0
0	0	0	0	0
0	0	0	0	0
0	0	0	0	0
0	0	0	0	0
0	0	0	0	0
0	0	0	0	0
0	0	0	0	0
0	0	0	0	0
0	0	0	0	0
0	0	0	0	0
0	0	0	0	0
0	0	0	0	0
0	0	0	0	0
0	0	0	0	0
0	0	0	0	0
0	0	0	0	0
0	0	0	0	0
0	0	0	0	0
0	0	0	0	0
0	0	0	0	0
0	0	0	0	0
0	0	0	0	0
0	0	0	0	0
0	0	0	0	0
0	0	0	0	0
0	0	0	0	0
0	0	0	0	0
0	0	0	0	0
0	0	0	0	0
0	0	0	0	0
0	0	0	0	0
0	0	0	0	0
0	0	0	0	0
0	0	0	0	0
0	0	0	0	0
0	0	0	0	0
0	0	0	0	0
0	0	0	0	0
0	0	0	0	0
0	0	0	0	0
0	0	0	0	0
0	0	0	0	0
0	0	0	0	0
0	0	0	0	0
0	0	0	0	0
0	0	0	0	0
0	0	0	0	0
0	0	0	0	0
0	0	0	0	0
0	0	0	0	0
0	0	0	0	0
0	0	0	0	0
0	0	0	0	0
0	0	0	0	0
0	0	0	0	0
0	0	0	0	0
0	0	0	0	0
0	0	0	0	0
0	0	0	0	0
0	0	0	0	0
0	0	0	0	0
0	0	0	0	0
0	0	0	0	0
0	0	0	0	0
0	0	0	0	0
0	0	0	0	0
0	0	0	0	0
0	0	0	0	0
0	0	0	0	0
0	0	0	0	0
0	0	0	0	0
0	0	0	0	0
0	0	0	0	0
0	0	0	0	0
0	0	0	0	0
0	0	0	0	0
0	0	0	0	0
0	0	0	0	0
0	0	0	0	0
0	0	0	0	0
0	0	0	0	0
0	0	0	0	0
0	0	0	0	0
0	0	0	0	0
0	0	0	0	0
0	0	0	0	0
0	0	0	0	0
0	0	0	0	0
0	0	0	0	0
0	0	0	0	0
0	0	0	0	0
0	0	0	0	0
0	0	0	0	0
0	0	0	0	0
0	0	0	0	0
0	0	0	0	0
0	0	0	0	0
0	0	0	0	0
0	0	0	0	0
0	0	0	0	0
0	0	0	0	0
0	0	0	0	0
0	0	0	0	0
0	0	0	0	0
0	0	0	0	0
0	0	0	0	0
0	0	0	0	0
0	0	0	0	0
0	0	0	0	0
0	0	0	0	0
0	0	0	0	0
0	0	0	0	0
0	0	0	0	0
0	0	0	0	0
0	0	0	0	0
0	0	0	0	0
0	0	0	0	0
0	0	0	0	0
0	0	0	0	0
0	0	0	0	0
0	0	0	0	0
0	0	0	0	0
0	0	0	0	0
0	0	0	0	0
0	0	0	0	0
0	0	0	0	0
0	0	0	0	0
0	0	0	0	0
0	0	0	0	0
0	0	0	0	0
0	0	0	0	0
0	0	0	0	0
0	0	0	0	0
0	0	0	0	0
0	0	0	0	0
0	0	0	0	0
0	0	0	0	0
0	0	0	0	0
0	0	0	0	0
0	0	0	0	0
0	0	0	0	0
0	0	0	0	0
0	0	0	0	0
0	0	0	0	0
0	0	0	0	0
0	0	0	0	0
0	0	0	0	0
0	0	0	0	0
0	0	0	0	0
0	0	0	0	0
0	0	0	0	0
0	0	0	0	0
0	0	0	0	0
0	0	0	0	0
0	0	0	0	0
0	0	0	0	0
0	0	0	0	0
0	0	0	0	0
0	0	0	0	0
0	0	0	0	0
0	0	0	0	0
0	0	0	0	0
0	0	0	0	0
0	0	0	0	0
0	0	0	0	0
0	0	0	0	0
0	0	0	0	0
0	0	0	0	0
0	0	0	0	0
0	0	0	0	0
0	0	0	0	0
0	0	0	0	0
0	0	0	0	0
0	0	0	0	0
0	0	0	0	0
0	0	0	0	0
0	0	0	0	0
0	0	0	0	0
0	0	0	0	0
0	0	0	0	0
0	0	0	0	0
0	0	0	0	0
0	0	0	0	0
0	0	0	0	0
0	0	0	0	0
0	0	0	0	0
0	0	0	0	0
0	0	0	0	0
0	0	0	0	0
0	0	0	0	0
0	0	0	0	0
0	0	0	0	0
0	0	0	0	0
0	0	0	0	0
0	0	0	0	0
0	0	0	0	0
0	0	0	0	0
0	0	0	0	0
0	0	0	0	0
0	0	0	0	0
0	0	0	0	0
0	0	0	0	0
0	0	0	0	0
0	0	0	0	0
0	0	0	0	0
0	0	0	0	0
0	0	0	0	0
0	0	0	0	0
0	0	0	0	0
0	0	0	0	0
0	0	0	0	0
0	0	0	0	0
0	0	0	0	0
0	0	0	0	0
0	0	0	0	0
0	0	0	0	0
0	0	0	0	0
0	0	0	0	0
0	0	0	0	0
0	0	0	0	0
0	0	0	0	0
0	0	0	0	0
0	0	0	0	0
0	0	0	0	0
0	0	0	0	0
0	0	0	0	0
0	0	0	0	0
0	0	0	0	0
0	0	0	0	0
0	0	0	0	0
0	0	0	0	0
0	0	0	0	0
0	0	0	0	0
0	0	0	0	0
0	0	0	0	0
0	0	0	0	0
0	0	0	0	0
0	0	0	0	0
0	0	0	0	0
0	0	0	0	0
0	0	0	0	0
0	0	0	0	0
0	0	0	0	0
0	0	0	0	0
0	0	0	0	0
0	0	0	0	0
0	0	0	0	0
0	0	0	0	0
0	0	0	0	0
0	0	0	0	0
0	0	0	0	0
0	0	0	0	0
0	0	0	0	0
0	0	0	0	0
0	0	0	0	0
0	0	0	0	0
0	0	0	0	0
0	0	0	0	0
0	0	0	0	0
0	0	0	0	0
0	0	0	0	0
0	0	0	0	0
0	0	0	0	0
0	0	0	0	0
0	0	0	0	0
0	0	0	0	0
0	0	0	0	0
0	0	0	0	0
0	0	0	0	0
0	0	0	0	0
0	0	0	0	0
0	0	0	0	0
0	0	0	0	0
0	0	0	0	0
0	0	0	0	0
0	0	0	0	0
0	0	0	0	0
0	0	0	0	0
0	0	0	0	0
0	0	0	0	0
0	0	0	0	0
0	0	0	0	0
0	0	0	0	0
0	0	0	0	0
0	0	0	0	0
0	0	0	0	0
0	0	0	0	0
0	0	0	0	0
0	0	0	0	0
0	0	0	0	0
0	0	0	0	0
0	0	0	0	0
0	0	0	0	0
0	0	0	0	0
0	0	0	0	0
0	0	0	0	0
0	0	0	0	0
0	0	0	0	0
0	0	0	0	0
0	0	0	0	0
0	0	0	0	0
0	0	0	0	0
0	0	0	0	0
0	0	0	0	0
0	0	0	0	0
0	0	0	0	0
0	0	0	0	0
0	0	0	0	0
0	0	0	0	0
0	0	0	0	0
0	0	0	0	0
0	0	0	0	0
0	0	0	0	0
0	0	0	0	0
0	0	0	0	0
0	0	0	0	0
0	0	0	0	0
0	0	0	0	0
0	0	0	0	0
0	0	0	0	0
0	0	0	0	0
0	0	0	0	0
0	0	0	0	0
0	0	0	0	0
0	0	0	0	0
0	0	0	0	0
0	0	0	0	0
0	0	0	0	0
0	0	0	0	0
0	0	0	0	0
0	0	0	0	0
0	0	0	0	0
0	0	0	0	0
0	0	0	0	0
0	0	0	0	0
0	0	0	0	0
0	0	0	0	0
0	0	0	0	0
0	0	0	0	0
0	0	0	0	0
0	0	0	0	0
0	0	0	0	0
0	0	0	0	0
0	0	0	0	0
0	0	0	0	0
0	0	0	0	0
0	0	0	0	0
0	0	0	0	0
0	0	0	0	0
0	0	0	0	0
0	0	0	0	0
0	0	0	0	0
0	0	0	0	0
0	0	0	0	0
0	0	0	0	0
0	0	0	0	0
0	0	0	0	0
0	0	0	0	0
0	0	0	0	0
0	0	0	0	0
0	0	0	0	0
0	0	0	0	0
0	0	0	0	0
0	0	0	0	0
0	0	0	0	0
0	0	0	0	0
0	0	0	0	0
0	0	0	0	0
0	0	0	0	0
0	0	0	0	0
0	0	0	0	0
0	0	0	0	0
0	0	0	0	0
0	0	0	0	0
0	0	0	0	0
0	0	0	0	0
0	0	0	0	0
0	0	0	0	0
0	0	0	0	0
0	0	0	0	0
0	0	0	0	0
0	0	0	0	0
0	0	0	0	0
0	0	0	0	0
0	0	0	0	0
0	0	0	0	0
0	0	0	0	0
0	0	0	0	0
0	0	0	0	0
0	0	0	0	0
0	0	0	0	0
0	0	0	0	0
0	0	0	0	0
