a2610501.050166
Narit-cm 05/01/2026 00:35:01 05/01/2026 01:05:01 0045 0013.384714 0052.542598 00.0 00.0
0002387 0010 0000000 0010 05 0000000 0010 0000000 0010
1 0 1 01600 1 0000 3.75 00000.o 0 0 01 000 16 002387 0.500 BT0
1 2 1 02000 1 0000 3.75 00000.o 0 0 01 000 16 002387 0.500 S2A0
1 1 1 01600 1 0000 3.75 00000.o 0 0 00 000 00 002387 3.1746 BC0
1 3 1 02000 1 0000 3.75 00000.o 0 0 00 000 00 002387 3.1746 S2P0
1 5 0 01600 0 0000 1.00 00000.o 0 0 00 000 00 000000 0.000 OF0
0.000 .o Analog 0 	0.000 .o Analog StErr 0 	0.000 .o Photon Counting 0 	0.000 .o PC StErr 0 	0.000 .o Overflow Info 0 
28.586	0.16215	176.657	0.879953	0
64.6245	0.368017	193.632	0.856282	0
263.918	2.30508	117.57	1.35475	0
472.822	0.0927665	1.29032	0.148546	0
473.457	0	0	0	0
473.457	0	0.0167574	0.01681	0
473.457	9.02987E-6	20.6619	0.602073	0
473.457	6.41252E-6	14.8303	0.543753	0
473.457	6.41252E-6	5.06075	0.318704	0
473.457	0	13.9757	0.48406	0
473.457	6.41252E-6	44.7088	0.805852	0
473.457	0	103.863	1.01615	0
473.457	6.41252E-6	156.514	1.01992	0
473.457	0	124.089	1.03227	0
473.457	0	87.0214	0.924208	0
473.457	0	79.4805	0.886815	0
473.457	0	79.2124	0.878924	0
473.457	0	91.1605	0.908085	0
473.457	0	106.778	0.903282	0
473.457	0	115.291	0.908428	0
473.457	0	118.978	0.929011	0
473.457	0	133.842	0.913574	0
473.457	0	158.123	0.932099	0
473.457	0	176.506	0.927296	0
473.457	0	191.806	0.87961	0
473.457	0	197.553	0.874121	0
473.457	0	202.53	0.877895	0
473.457	0	205.446	0.91426	0
473.457	0	204.005	0.879267	0
473.457	0	205.212	0.878581	0
473.457	0	203.569	0.874808	0
473.457	0	203.318	0.884756	0
473.457	0	203.335	0.891275	0
473.457	0	202.195	0.908771	0
473.482	0.012815	201.475	0.911858	1
478.857	0.200884	200.587	0.896077	1
496.815	0.165908	200.519	0.856282	1
499.981	0.0138352	202.028	0.871377	1
500	0	201.977	0.897793	1
500	0	201.944	0.889559	1
500	0.0004954	200.302	0.906712	1
498.715	0.103249	201.324	0.894705	1
480.615	0.403851	202.832	0.852509	1
435.382	0.521933	203.972	0.892304	1
387.572	0.510397	202.933	0.894019	0
341.922	0.519259	202.229	0.903282	0
296.139	0.523593	202.38	0.890588	0
251.571	0.500901	201.357	0.859713	0
210.034	0.475745	203.385	0.902939	0
172.205	0.445108	202.195	0.870691	0
138.809	0.402598	202.028	0.908085	0
110.383	0.363606	201.089	0.866917	0
86.9155	0.326043	200.419	0.898822	0
68.193	0.284346	199.028	0.870348	0
53.5844	0.244271	199.38	0.870005	0
42.3467	0.208287	196.464	0.86726	0
33.9285	0.174153	196.38	0.874121	0
27.585	0.139891	194.319	0.864516	0
22.796	0.111527	192.677	0.87961	0
19.2901	0.0914126	193.18	0.855939	0
16.6345	0.0745588	191.739	0.859713	0
14.6068	0.0604889	189.074	0.860742	0
13.1556	0.0509391	188.085	0.870348	0
12.0532	0.0449195	187.532	0.856282	0
11.1615	0.0404358	187.951	0.855596	0
10.4714	0.0367533	183.393	0.854567	0
9.89711	0.0346839	183.511	0.861771	0
9.43269	0.0322844	181.919	0.847363	0
9.06995	0.0307321	179.858	0.864859	0
8.78292	0.0294851	180.427	0.85491	0
8.52663	0.0293416	176.791	0.843932	0
8.30006	0.0288595	174.914	0.848049	0
8.14479	0.0276688	174.646	0.852509	0
8.01791	0.0272821	173.875	0.848392	0
7.89359	0.0272162	171.646	0.856968	0
7.83468	0.0264271	169.987	0.846677	0
7.74965	0.0267354	170.205	0.836728	0
7.61335	0.0262248	169.217	0.860056	0
7.5518	0.0261906	168.278	0.867946	0
7.53835	0.0253	165.664	0.849421	0
7.52748	0.0242826	165.195	0.848735	0
7.52599	0.0240416	164.776	0.842903	0
7.52125	0.0235882	164.843	0.84256	0
7.52913	0.0231126	164.726	0.868289	0
7.54299	0.0228418	161.542	0.85045	0
7.5416	0.0227176	162.564	0.838786	0
7.50838	0.0234183	162.38	0.853538	0
7.41014	0.024114	160.369	0.857311	0
7.23699	0.0236899	158.877	0.851822	0
7.07403	0.0226523	158.106	0.84599	0
6.97076	0.0218579	156.313	0.864859	0
6.85756	0.0224483	155.057	0.839815	0
6.74091	0.0222438	152.761	0.823005	0
6.72062	0.0218183	154.101	0.859713	0
6.72358	0.0219527	151.605	0.848735	0
6.74367	0.0220125	153.515	0.858341	0
6.81226	0.021448	150.163	0.862457	0
6.85321	0.020975	151.688	0.844961	0
6.91934	0.0210921	150.247	0.82918	0
6.99824	0.0212757	150.599	0.86726	0
6.98631	0.0209051	150.214	0.845647	0
6.99494	0.0205445	150.934	0.832954	0
7.04178	0.0205841	149.108	0.863143	0
7.08371	0.0204916	148.99	0.854567	0
7.13145	0.0206384	147.599	0.840844	0
7.15235	0.0203813	148.873	0.854567	0
7.16715	0.0204719	147.951	0.828494	0
7.15386	0.0198323	146.661	0.849078	0
7.11421	0.0190827	146.812	0.826779	0
7.10495	0.0182738	144.717	0.853538	0
7.12945	0.0181563	147.13	0.831582	0
7.14409	0.0181605	144.399	0.852165	0
7.1182	0.0173099	143.109	0.836728	0
7.06928	0.0167827	142.757	0.826436	0
7.04736	0.017064	144.282	0.857654	0
6.99005	0.0166021	141.299	0.826436	0
6.85998	0.0155179	139.522	0.854224	0
6.78815	0.0149512	139.539	0.86726	0
6.75975	0.0147647	136.791	0.833983	0
6.72035	0.0150502	137.243	0.844618	0
6.71594	0.014655	136.875	0.86383	0
6.72809	0.015333	136.171	0.831239	0
6.70445	0.0150675	135.048	0.860056	0
6.68028	0.0149628	135.3	0.852165	0
6.69817	0.0151846	135.718	0.84702	0
6.72245	0.01493	134.378	0.857311	0
6.73045	0.0151806	133.423	0.844275	0
6.73518	0.0148528	133.992	0.848392	0
6.73029	0.0146366	133.205	0.860742	0
6.73708	0.0145207	132.903	0.84256	0
6.76626	0.0142846	132.903	0.829866	0
6.75703	0.0144303	132.099	0.841874	0
6.74571	0.0142989	132.602	0.828151	0
6.77687	0.0139282	130.607	0.840501	0
6.77803	0.0139821	130.792	0.840844	0
6.74402	0.0144083	129.384	0.831239	0
6.7266	0.0141306	128.781	0.842217	0
6.72251	0.013994	129.954	0.854224	0
6.70658	0.0135565	130.524	0.847363	0
6.71039	0.0135568	127.842	0.855596	0
6.71554	0.0137117	128.781	0.862457	0
6.72107	0.0136371	128.613	0.861771	0
6.7108	0.0132161	127.424	0.861428	0
6.68612	0.013541	128.446	0.868976	0
6.66685	0.0133418	124.776	0.852165	0
6.64997	0.0131212	126.619	0.840158	0
6.65174	0.0131864	125.027	0.842217	0
6.64276	0.0134748	124.692	0.848735	0
6.63189	0.0130593	124.608	0.846333	0
6.62673	0.0132331	122.815	0.829866	0
6.58767	0.0128637	122.514	0.843589	0
6.54617	0.0125903	120.687	0.832268	0
6.54468	0.0125378	122.447	0.843932	0
6.54443	0.0124602	121.894	0.850793	0
6.52207	0.0123442	120.352	0.831925	0
6.49298	0.0123577	119.179	0.856968	0
6.45864	0.0123572	119.665	0.860742	0
6.44783	0.0122912	119.095	0.857654	0
6.42793	0.0118601	118.056	0.856625	0
6.37801	0.0120864	116.431	0.840844	0
6.35907	0.0120706	117.269	0.851822	0
6.35347	0.011644	114.437	0.837414	0
6.31197	0.0115518	116.028	0.84702	0
6.28886	0.0117748	113.867	0.834669	0
6.27545	0.0112459	114.487	0.839472	0
6.24656	0.0110034	113.582	0.83021	0
6.21088	0.0114826	111.437	0.855253	0
6.18955	0.0113377	112.61	0.840844	0
6.16304	0.011254	109.644	0.864173	0
6.1335	0.0109153	110.381	0.855596	0
6.12616	0.0107849	111.755	0.832268	0
6.11747	0.0109336	108.823	0.836728	0
6.08314	0.0109285	106.912	0.842217	0
6.03838	0.0109861	107.499	0.836042	0
6.00186	0.010691	106.242	0.845304	0
5.99541	0.0104584	106.963	0.828151	0
5.97977	0.0104413	105.622	0.840844	0
5.93275	0.0103874	103.326	0.847706	0
5.89518	0.0105721	102.488	0.85045	0
5.86697	0.010047	102.572	0.845304	0
5.83559	0.00993181	101.282	0.840501	0
5.8133	0.0099979	99.9916	0.830896	0
5.8065	0.00993364	101.332	0.848049	0
5.7871	0.00988843	98.5505	0.838786	0
5.74947	0.0100529	99.3381	0.847706	0
5.71832	0.00974663	98.2656	0.832954	0
5.70423	0.00930044	97.0926	0.841188	0
5.68091	0.00960883	95.8693	0.846333	0
5.64151	0.0096085	93.9422	0.8381	0
5.625	0.00927315	94.8303	0.846333	0
5.59912	0.00923062	93.3222	0.839129	0
5.56385	0.00906206	92.0989	0.833297	0
5.55067	0.00893408	91.2945	0.848392	0
5.54039	0.00913888	91.6799	0.825064	0
5.517	0.00891595	89.535	0.840501	0
5.48291	0.00904381	88.1441	0.807911	0
5.45807	0.00900239	87.1554	0.815801	0
5.44379	0.00873758	87.8425	0.84256	0
5.42211	0.00871847	87.7922	0.822662	0
5.39456	0.00851281	85.3289	0.820261	0
5.38164	0.00857203	85.6975	0.824377	0
5.36295	0.00857537	84.0553	0.828837	0
5.34308	0.0084907	84.9434	0.830553	0
5.34082	0.00849122	82.7147	0.83021	0
5.30534	0.00818846	80.6871	0.813056	0
5.26718	0.00795636	80.5362	0.843589	0
5.25897	0.00823825	79.8995	0.838443	0
5.24235	0.00789898	79.2292	0.808597	0
5.20714	0.00799386	76.1961	0.831582	0
5.18592	0.00779055	77.721	0.803794	0
5.16941	0.00776431	76.0955	0.825064	0
5.15105	0.00779821	75.1236	0.800706	0
5.13913	0.00778807	73.5651	0.806538	0
5.11564	0.00754812	74.956	0.819918	0
5.08488	0.00758084	71.8391	0.827465	0
5.07117	0.00764006	71.6716	0.827465	0
5.05892	0.00749911	71.2694	0.816144	0
5.04463	0.00739978	70.9677	0.817173	0
5.02744	0.00745017	70.3812	0.797619	0
5.00133	0.00742537	68.7558	0.793845	0
4.9818	0.00700522	69.7947	0.790757	0
4.96957	0.00718882	67.2979	0.810312	0
4.94319	0.00717273	67.2643	0.806195	0
4.90826	0.00693664	63.628	0.779436	0
4.9001	0.00709682	64.7675	0.785955	0
4.89533	0.00679053	62.9409	0.789042	0
4.86087	0.00687926	61.1814	0.77532	0
4.84548	0.00668983	61.6674	0.773604	0
4.84712	0.00666928	59.9916	0.775663	0
4.81796	0.00659907	59.9749	0.780809	0
4.79396	0.00649765	58.5002	0.748561	0
4.78642	0.0062823	58.3829	0.764342	0
4.77187	0.00628335	57.6288	0.763656	0
4.74865	0.0062632	56.2882	0.76194	0
4.7295	0.00621824	56.238	0.795217	0
4.71791	0.006355	54.4952	0.768458	0
4.71161	0.0060455	54.0092	0.761254	0
4.70405	0.00615615	54.9811	0.762283	0
4.68745	0.00613102	53.7579	0.762283	0
4.67163	0.00609228	52.7692	0.755765	0
4.66722	0.00600977	52.4508	0.760568	0
4.66294	0.00612716	52.5178	0.760225	0
4.64	0.00585424	51.1772	0.757137	0
4.62687	0.00575353	51.4286	0.74513	0
4.62408	0.00580752	49.2501	0.742729	0
4.61094	0.00567416	49.6523	0.752335	0
4.59874	0.00578082	48.2949	0.732437	0
4.58898	0.00561206	48.0101	0.74067	0
4.57425	0.00567711	47.323	0.733466	0
4.55645	0.00542368	46.6695	0.732437	0
4.53811	0.00548107	45.4629	0.728663	0
4.53078	0.00553354	44.3737	0.706364	0
4.52376	0.00527462	44.8261	0.722488	0
4.51912	0.00540785	45.6473	0.718028	0
4.50658	0.00538521	41.4244	0.697102	0
4.4882	0.0051838	43.0499	0.713912	0
4.47468	0.0051022	41.3741	0.699846	0
4.45958	0.00512569	41.1227	0.685094	0
4.45219	0.00509566	41.6422	0.704306	0
4.44374	0.00501564	39.9497	0.695729	0
4.43379	0.00503219	39.514	0.685437	0
4.43636	0.00497016	39.7319	0.692642	0
4.42896	0.00497925	39.6146	0.702934	0
4.41405	0.00489157	38.5756	0.680978	0
4.40113	0.00484439	38.1567	0.656277	0
4.3961	0.00478995	37.2183	0.694014	0
4.3905	0.00473649	36.3301	0.669314	0
4.37999	0.0046973	35.5928	0.66554	0
4.37556	0.00476443	36.4977	0.674803	0
4.36818	0.00461826	35.8106	0.681321	0
4.36417	0.00464515	35.5258	0.671372	0
4.36629	0.00462951	35.0398	0.670686	0
4.35359	0.00464973	35.2241	0.662109	0
4.33707	0.00461819	32.8948	0.648044	0
4.32594	0.00437975	32.7943	0.657306	0
4.31954	0.00446449	32.3251	0.641869	0
4.3188	0.00447705	32.2748	0.640153	0
4.31352	0.00425189	33.163	0.648387	0
4.30984	0.00434461	32.3754	0.637752	0
4.30305	0.00441116	32.191	0.63535	0
4.29806	0.00430332	32.3419	0.638438	0
4.29241	0.00434291	30.6829	0.638438	0
4.28443	0.0040889	31.8224	0.632263	0
4.2848	0.00430057	32.057	0.636723	0
4.28741	0.00433107	31.018	0.633292	0
4.27692	0.00432256	30.951	0.645299	0
4.26837	0.00429861	29.8282	0.63535	0
4.2676	0.00428867	30.6326	0.637066	0
4.26012	0.00424129	29.8953	0.623686	0
4.25242	0.00424659	29.9958	0.630205	0
4.2467	0.00414497	27.9514	0.602417	0
4.23956	0.00406691	28.7222	0.614424	0
4.23707	0.00408641	28.253	0.628146	0
4.23222	0.00407934	27.7168	0.600015	0
4.23188	0.00405094	28.5044	0.604818	0
4.2341	0.00408131	28.3536	0.61957	0
4.22803	0.0040444	28.4206	0.613394	0
4.2178	0.0039895	26.7784	0.603789	0
4.21392	0.00396405	27.08	0.60276	0
4.21508	0.00409406	27.0465	0.607219	0
4.218	0.00395535	28.1357	0.607219	0
4.21274	0.00403301	27.2643	0.597271	0
4.19505	0.00397668	25.3372	0.588694	0
4.18467	0.00390562	26.6276	0.604132	0
4.18015	0.00389901	25.0021	0.588008	0
4.16477	0.00383717	22.9409	0.570855	0
4.15064	0.00381715	23.8123	0.578402	0
4.13825	0.00361529	22.7231	0.557475	0
4.12292	0.00353408	21.2484	0.546154	0
4.10641	0.00333372	18.9191	0.520768	0
4.09928	0.00347369	20.1424	0.545468	0
4.09288	0.00327045	18.9862	0.522826	0
4.0838	0.00323354	18.517	0.522826	0
4.08019	0.00315529	18.3159	0.513564	0
4.07446	0.00318571	17.545	0.512191	0
4.06537	0.00316778	16.4055	0.485089	0
4.06331	0.00317426	17.7964	0.508761	0
4.06192	0.00312074	16.9418	0.500184	0
4.05153	0.00301421	16.5061	0.486462	0
4.04784	0.00299752	16.925	0.491608	0
4.04622	0.00295918	16.5563	0.494009	0
4.03454	0.00292771	15.6682	0.481316	0
4.02804	0.0029243	15.4671	0.477199	0
4.02735	0.00285475	15.4336	0.469652	0
4.02166	0.00283054	15.0649	0.467593	0
4.01438	0.00279919	14.646	0.468622	0
4.00909	0.00275653	13.3724	0.438776	0
4.00309	0.00269044	13.3389	0.435345	0
3.99946	0.00265387	12.8194	0.443236	0
3.99822	0.00266401	13.3724	0.453871	0
4.00056	0.00272008	13.1378	0.448725	0
3.99935	0.0026822	12.9703	0.434659	0
3.99457	0.00263692	12.7692	0.438433	0
3.99107	0.00264471	12.0318	0.428484	0
3.98473	0.00256789	12.2329	0.426083	0
3.97806	0.00256396	11.747	0.432944	0
3.97779	0.00250468	11.6799	0.430543	0
3.97962	0.0025934	12.7692	0.44701	0
3.97214	0.0024946	11.2778	0.409616	0
3.96758	0.00255225	11.8307	0.427112	0
3.97405	0.00262069	11.8643	0.431229	0
3.96772	0.00249931	11.747	0.420251	0
3.95844	0.00250991	10.775	0.414419	0
3.9616	0.0025387	10.9929	0.418535	0
3.9643	0.00249898	11.3448	0.40893	0
3.96201	0.00247052	11.5961	0.419222	0
3.95842	0.00246954	11.1437	0.411674	0
3.95631	0.00246502	10.9594	0.413046	0
3.95257	0.00241209	10.7918	0.405156	0
3.95092	0.00241922	10.8923	0.413733	0
3.95014	0.00244513	10.6577	0.405842	0
3.94517	0.0024327	10.9594	0.425054	0
3.94251	0.00242419	10.3561	0.396579	0
3.93737	0.00233802	9.78634	0.397609	0
3.93491	0.00237767	9.8031	0.390061	0
3.93597	0.00231073	9.87013	0.391434	0
3.93371	0.00229804	9.63553	0.383886	0
3.93233	0.0023496	10.3729	0.389032	0
3.93757	0.00242707	9.8031	0.388003	0
3.9342	0.00234397	10.4231	0.393835	0
3.93078	0.00229634	9.60201	0.388689	0
3.93046	0.00235123	9.19983	0.377368	0
3.93081	0.00237158	10.4064	0.406185	0
3.92619	0.00236386	9.70256	0.389032	0
3.91748	0.00222279	8.68035	0.362273	0
3.91629	0.00224752	8.76414	0.370507	0
3.9202	0.00230445	9.06577	0.373594	0
3.91421	0.00226414	8.84793	0.374623	0
3.90866	0.00219393	8.94847	0.373594	0
3.90807	0.00221075	8.59656	0.372908	0
3.90799	0.0022095	9.04902	0.376339	0
3.91166	0.0022436	9.26686	0.37874	0
3.90644	0.00222972	8.39548	0.354726	0
3.90153	0.00213471	8.73062	0.369821	0
3.90585	0.00217888	8.71387	0.367419	0
3.90518	0.00213138	8.99874	0.377025	0
3.89983	0.0021016	7.62463	0.346835	0
3.89772	0.00207092	7.72518	0.347522	0
3.90024	0.00213314	8.63008	0.367076	0
3.89625	0.00211456	7.95978	0.352668	0
3.88911	0.0021196	7.35651	0.340317	0
3.88917	0.00202158	8.06033	0.353354	0
3.88857	0.00211678	7.75869	0.342376	0
3.88455	0.00203368	7.75869	0.347179	0
3.88535	0.00206418	8.09384	0.359186	0
3.88706	0.00205279	7.82572	0.346492	0
3.88273	0.00208564	7.70842	0.354383	0
3.87993	0.00203552	7.5576	0.345806	0
3.87972	0.00206136	7.74194	0.350952	0
3.87893	0.00200254	7.13867	0.33277	0
3.88072	0.00206882	7.54085	0.34958	0
3.87939	0.0020433	7.79221	0.350266	0
3.87494	0.00195457	6.93758	0.325223	0
3.87287	0.00196328	7.00461	0.332084	0
3.87241	0.00206522	6.90406	0.339631	0
3.87056	0.00200921	7.10515	0.341346	0
3.86827	0.00195595	6.77	0.319734	0
3.86762	0.0019602	6.87055	0.328996	0
3.86652	0.00195588	7.18894	0.338602	0
3.86669	0.00192114	6.68622	0.323507	0
3.86892	0.0020276	7.54085	0.34958	0
3.86715	0.00201955	6.61919	0.332427	0
3.86299	0.00193776	6.28404	0.312872	0
3.86345	0.00198546	6.18349	0.316303	0
3.8633	0.00195183	6.78676	0.324193	0
3.86272	0.00191983	6.83703	0.322478	0
3.8587	0.00186761	6.28404	0.318018	0
3.85651	0.00195529	6.68622	0.321792	0
3.85208	0.00187278	5.89862	0.302581	0
3.84733	0.00186748	5.91537	0.310471	0
3.84873	0.00186971	5.6305	0.300179	0
3.84905	0.00188646	6.66946	0.321449	0
3.8471	0.00182286	6.21701	0.314931	0
3.84463	0.0018063	5.8651	0.304639	0
3.84563	0.0018682	5.93213	0.30704	0
3.84398	0.00173904	5.71429	0.297092	0
3.8452	0.00182946	6.14998	0.317332	0
3.84773	0.00184137	6.61919	0.319734	0
3.84646	0.00183241	5.79807	0.301551	0
3.84606	0.00186709	6.21701	0.3115	0
3.84316	0.00177614	5.83159	0.30704	0
3.84399	0.00189326	6.18349	0.310814	0
3.84436	0.00184085	5.8651	0.303953	0
3.83932	0.00183823	5.71429	0.298121	0
3.83838	0.00180905	5.78132	0.303953	0
3.83733	0.00177744	5.46292	0.298807	0
3.83425	0.00180702	5.59698	0.29469	0
3.83233	0.00173341	5.46292	0.29469	0
3.83309	0.00179079	5.44617	0.29915	0
3.82981	0.0017179	5.78132	0.300522	0
3.83036	0.00178661	5.78132	0.300522	0
3.8318	0.00173923	5.22832	0.284055	0
3.8303	0.00176992	5.46292	0.290916	0
3.83156	0.00179086	5.78132	0.302237	0
3.83157	0.00177548	5.52995	0.299836	0
3.8314	0.00171685	5.89862	0.298807	0
3.82878	0.00175003	5.46292	0.290916	0
3.82262	0.00172569	5.0775	0.290573	0
3.82101	0.00169016	4.54127	0.272391	0
3.8209	0.00168904	4.87641	0.278223	0
3.82148	0.00168296	5.17805	0.290916	0
3.82075	0.00172071	5.6305	0.301894	0
3.81834	0.00170841	5.11102	0.288515	0
3.81811	0.00171437	4.77587	0.276851	0
3.8204	0.0017018	4.90993	0.283026	0
3.82037	0.00170776	5.14453	0.288172	0
3.8164	0.00169389	4.39045	0.26896	0
3.81545	0.0016244	4.52451	0.271019	0
3.8173	0.00169395	4.77587	0.274792	0
3.81817	0.00171195	5.01047	0.283369	0
3.81683	0.00174519	5.21156	0.292632	0
3.81321	0.00166752	4.52451	0.273077	0
3.8082	0.00160902	4.54127	0.271362	0
3.8071	0.00165436	4.62505	0.274449	0
3.80849	0.0016437	5.01047	0.279252	0
3.80706	0.00163179	3.97151	0.257296	0
3.8064	0.00162354	4.77587	0.275822	0
3.80867	0.0016191	4.60829	0.273077	0
3.80782	0.00160562	4.8429	0.276508	0
3.80674	0.0015746	4.39045	0.261413	0
3.80723	0.00156603	4.22287	0.258326	0
3.80772	0.00158003	4.39045	0.262442	0
3.8068	0.00162865	4.20612	0.260041	0
3.80492	0.00157951	4.30666	0.26999	0
3.80246	0.00159024	4.22287	0.261413	0
3.80311	0.00159279	4.64181	0.270676	0
3.80248	0.00157094	4.27315	0.263815	0
3.79963	0.00160614	4.45748	0.262099	0
3.80029	0.00162407	4.45748	0.268274	0
3.79974	0.00164448	4.30666	0.262442	0
3.79698	0.00157931	4.49099	0.27342	0
3.79625	0.00157054	4.08881	0.254895	0
3.79632	0.00155294	4.20612	0.266559	0
3.79733	0.00154437	4.57478	0.26896	0
3.79686	0.00155471	3.77042	0.247348	0
3.79397	0.00156511	4.02178	0.257296	0
3.7963	0.00156766	4.50775	0.266559	0
3.79771	0.00160915	3.92124	0.261413	0
3.79448	0.00152893	4.32342	0.265187	0
3.79582	0.00161883	4.50775	0.274792	0
3.79248	0.00150387	3.75367	0.244603	0
3.78935	0.00152533	3.92124	0.257982	0
3.79277	0.00155432	4.42396	0.26553	0
3.7924	0.00159593	4.25639	0.26553	0
3.78897	0.00157879	3.80394	0.249406	0
3.7872	0.00152703	3.77042	0.246318	0
3.78806	0.00150256	4.0553	0.254895	0
3.78795	0.00156577	4.10557	0.258326	0
3.7842	0.00152304	3.72015	0.241516	0
3.78568	0.00155968	3.87097	0.254552	0
3.78709	0.00155517	3.90448	0.25215	0
3.7865	0.0015091	4.00503	0.254895	0
3.78798	0.00155634	4.15584	0.257639	0
3.78515	0.00150262	3.51906	0.234311	0
3.78466	0.00152363	3.70339	0.245632	0
3.78692	0.00156786	4.18936	0.261756	0
3.78447	0.00151283	3.98827	0.247691	0
3.782	0.00148391	3.85421	0.247348	0
3.78015	0.00145505	3.61961	0.24426	0
3.77946	0.00146722	3.63636	0.249406	0
3.77849	0.00149052	3.41852	0.2398	0
3.77765	0.00149647	3.72015	0.254895	0
3.77771	0.00145564	3.385	0.231567	0
3.77817	0.00147678	3.36824	0.233625	0
3.77729	0.00145093	3.23419	0.232939	0
3.77965	0.00144589	3.45203	0.237056	0
3.77996	0.001486	3.75367	0.243574	0
3.77972	0.00147069	3.77042	0.244946	0
3.78075	0.00151407	4.30666	0.264501	0
3.77873	0.00153665	3.80394	0.250435	0
3.77494	0.00139053	3.31797	0.228479	0
3.7749	0.0014665	3.63636	0.244603	0
3.77488	0.00146526	3.63636	0.243574	0
3.7727	0.00145106	3.30121	0.234997	0
3.77217	0.00141291	3.66988	0.245632	0
3.77143	0.00143882	3.65312	0.249749	0
3.77076	0.00145486	3.16716	0.231224	0
3.77134	0.00145741	3.46879	0.238771	0
3.77415	0.00149189	3.48555	0.238085	0
3.77161	0.00146729	3.40176	0.238085	0
3.76918	0.00146016	3.41852	0.2398	0
3.77196	0.00145806	3.53582	0.24426	0
3.76954	0.00144118	2.86552	0.216472	0
3.76652	0.00139112	2.83201	0.214071	0
3.77045	0.0014332	3.58609	0.242202	0
3.77043	0.00143961	3.43527	0.239114	0
3.76799	0.0014048	3.31797	0.228479	0
3.76709	0.00142181	2.84876	0.215786	0
3.76507	0.00138039	3.18391	0.225392	0
3.76672	0.00138124	3.25094	0.231224	0
3.76863	0.00148227	3.48555	0.237056	0
3.76549	0.00140558	3.66988	0.2398	0
3.76559	0.00140663	3.2677	0.228136	0
3.76613	0.00144779	3.25094	0.228822	0
3.76466	0.00143536	2.69795	0.214757	0
3.76342	0.00134506	2.99958	0.221961	0
3.76505	0.00138379	3.23419	0.232939	0
3.76465	0.00138033	2.81525	0.214757	0
3.75988	0.00129134	2.76498	0.213041	0
3.76129	0.00135697	3.04985	0.222304	0
3.76113	0.00134591	2.73146	0.21064	0
3.7592	0.00132805	2.68119	0.207552	0
3.76039	0.00140081	3.16716	0.226078	0
3.75984	0.00134414	2.79849	0.213041	0
3.75641	0.00136331	2.54713	0.200005	0
3.75981	0.00138445	2.98282	0.217844	0
3.76219	0.0013834	3.20067	0.233282	0
3.75984	0.00134813	2.96607	0.21853	0
3.7595	0.00134512	3.35149	0.23191	0
3.76189	0.0013783	3.5023	0.243231	0
3.75994	0.00138321	2.74822	0.2151	0
3.75858	0.00140316	3.33473	0.236027	0
3.75829	0.00136187	2.84876	0.215786	0
3.75861	0.00142096	3.30121	0.233968	0
3.75712	0.00132621	2.84876	0.215786	0
3.75522	0.00138288	2.83201	0.214071	0
3.75489	0.00137261	2.86552	0.217844	0
3.75588	0.00139158	3.11688	0.225735	0
3.75406	0.00132052	2.66443	0.209611	0
3.75286	0.00134224	2.56389	0.20618	0
3.75449	0.00134983	2.79849	0.218187	0
3.75526	0.0013196	3.01634	0.220246	0
3.7563	0.00136482	3.23419	0.232939	0
3.75434	0.0013537	2.56389	0.204808	0
3.75237	0.00130573	2.73146	0.209268	0
3.75295	0.00135252	2.78173	0.217501	0
3.75293	0.00129526	2.69795	0.21064	0
3.75056	0.00132065	2.63092	0.212355	0
3.75197	0.00131875	2.68119	0.210297	0
3.7515	0.00133806	2.83201	0.212698	0
3.7509	0.001313	2.63092	0.210983	0
3.75184	0.0014012	2.96607	0.222304	0
3.74979	0.00133714	2.83201	0.217844	0
3.74817	0.00132333	2.63092	0.209954	0
3.74991	0.0013533	2.68119	0.215443	0
3.75039	0.00135697	2.76498	0.210297	0
3.74954	0.00132837	2.69795	0.21064	0
3.74762	0.00133335	2.68119	0.210297	0
3.74616	0.00124023	2.09468	0.185596	0
3.74741	0.00130717	2.78173	0.210983	0
3.74924	0.00131352	2.69795	0.213384	0
3.74586	0.00126654	2.54713	0.204122	0
3.74497	0.00129448	2.76498	0.214414	0
3.74714	0.00135886	2.51362	0.204465	0
3.74696	0.00132863	2.58065	0.207895	0
3.74642	0.00132327	2.96607	0.220932	0
3.74474	0.00127066	2.19522	0.187998	0
3.74333	0.00124992	2.69795	0.209268	0
3.745	0.0012789	2.3628	0.194516	0
3.74492	0.00132791	2.56389	0.207552	0
3.74358	0.00126595	2.7147	0.207209	0
3.74247	0.00120915	1.87683	0.174618	0
3.74344	0.00123748	2.63092	0.205837	0
3.74397	0.00124966	2.19522	0.191085	0
3.74058	0.00120627	2.31253	0.194173	0
3.74047	0.0012278	2.39631	0.198633	0
3.74191	0.00120346	2.32928	0.196231	0
3.74084	0.00121785	2.31253	0.195545	0
3.73969	0.00121334	2.17847	0.185939	0
3.73955	0.00122427	2.2455	0.191428	0
3.73813	0.00123186	1.92711	0.183195	0
3.73558	0.00119371	1.84332	0.173246	0
3.73691	0.00123533	2.31253	0.192458	0
3.73667	0.00123788	1.97738	0.180794	0
3.73697	0.00118409	1.92711	0.178392	0
3.73684	0.00118645	1.94386	0.182509	0
3.73628	0.00117284	1.82656	0.17256	0
3.73745	0.00119659	2.07792	0.183195	0
3.73671	0.00117578	1.8098	0.170159	0
3.73501	0.00119391	2.14495	0.189027	0
3.73658	0.00120869	2.06116	0.185596	0
3.73569	0.00119345	2.04441	0.186626	0
3.73262	0.00116498	1.77629	0.173589	0
3.73291	0.00116956	1.86008	0.175648	0
3.73305	0.00120326	1.87683	0.179421	0
3.72958	0.00115563	1.70926	0.165699	0
3.72859	0.00111329	1.59196	0.161925	0
3.72908	0.00108522	1.29032	0.146487	0
3.7295	0.00109844	1.92711	0.178392	0
3.7299	0.00112239	1.79305	0.17256	0
3.72953	0.00110779	1.5752	0.159181	0
3.72841	0.00103562	1.17302	0.142028	0
3.7275	0.0010775	1.65899	0.168443	0
3.72817	0.00108476	1.50817	0.157808	0
3.72912	0.00108195	1.54168	0.161239	0
3.72848	0.00109078	1.62547	0.161582	0
3.72736	0.00110007	1.40762	0.152662	0
3.72668	0.00109059	1.49141	0.158838	0
3.72627	0.00108627	1.67574	0.169129	0
3.72416	0.00102941	1.24005	0.142028	0
3.72356	0.00103647	1.29032	0.148546	0
3.72334	0.00102496	1.10599	0.136196	0
3.72325	0.00103739	1.39087	0.149918	0
3.72316	0.00102038	0.988689	0.127276	0
3.72246	0.00105034	0.988689	0.127276	0
3.72303	0.00100539	1.05572	0.131393	0
3.72254	0.000995641	1.12275	0.137225	0
3.72269	0.000998651	1.32384	0.146487	0
3.72288	0.00102829	1.29032	0.144772	0
3.72229	0.0010211	1.29032	0.146487	0
3.72207	0.00102967	1.24005	0.142028	0
3.72272	0.00107397	1.24005	0.143743	0
3.72187	0.00104609	1.20654	0.139969	0
3.7191	0.000981508	1.05572	0.131393	0
3.72084	0.000978694	1.03896	0.130363	0
3.72167	0.000991257	1.12275	0.139283	0
3.72093	0.00102698	1.34059	0.147517	0
3.72091	0.00101344	1.13951	0.138254	0
3.7207	0.00103726	1.29032	0.148546	0
3.7205	0.00101828	1.17302	0.140312	0
3.72049	0.00100146	1.25681	0.144772	0
3.71984	0.00100009	1.13951	0.136196	0
3.71964	0.000961158	1.13951	0.140312	0
3.71874	0.000960373	1.0222	0.133451	0
3.71939	0.000992501	1.03896	0.136539	0
3.71913	0.000963382	1.10599	0.134137	0
3.7195	0.000979479	1.12275	0.135166	0
3.71912	0.000999437	1.08923	0.133108	0
3.71837	0.000957428	1.05572	0.133451	0
3.71791	0.000964364	1.05572	0.133451	0
3.71779	0.000967636	0.988689	0.127276	0
3.7175	0.000969926	0.888144	0.120758	0
3.717	0.00098635	1.0222	0.129334	0
3.71604	0.000939434	0.921659	0.122816	0
3.71661	0.000983274	0.804357	0.114926	0
3.71609	0.000954091	0.904902	0.121787	0
3.71619	0.000952586	0.871387	0.119386	0
3.71671	0.000914503	0.904902	0.121787	0
3.71523	0.000929946	0.770842	0.112524	0
3.71563	0.000943949	0.955174	0.124874	0
3.71646	0.000974245	1.27357	0.145801	0
3.71569	0.000941397	0.988689	0.127276	0
3.71506	0.000973263	0.971931	0.126247	0
3.71725	0.000926936	0.871387	0.121787	0
3.71597	0.000982358	0.737327	0.110123	0
3.71364	0.000922879	0.804357	0.117327	0
3.71422	0.000992043	0.787599	0.113897	0
3.71379	0.000935181	0.787599	0.116298	0
3.71459	0.000920131	0.636783	0.102575	0
3.7157	0.000975815	1.0222	0.131393	0
3.71603	0.000964822	0.971931	0.128305	0
3.71481	0.000967047	1.07248	0.132422	0
3.71457	0.000936685	0.871387	0.119386	0
3.71389	0.000922879	0.871387	0.119386	0
3.71448	0.000932694	0.871387	0.121787	0
3.71545	0.000924842	0.837872	0.117327	0
3.715	0.000958082	0.888144	0.122816	0
3.7133	0.000944276	0.988689	0.127276	0
3.71262	0.000942902	0.770842	0.112524	0
3.71252	0.000928964	0.804357	0.117327	0
3.71221	0.00092229	0.871387	0.121787	0
3.71182	0.000950427	0.837872	0.12213	0
3.71195	0.000926609	0.854629	0.118356	0
3.71232	0.000917448	0.821114	0.115955	0
3.71148	0.00093806	0.888144	0.120758	0
3.71245	0.000956054	0.988689	0.127276	0
3.71218	0.00092602	0.921659	0.125218	0
3.71208	0.000938583	0.921659	0.122816	0
3.71184	0.000919476	0.837872	0.117327	0
3.71228	0.000891013	0.754085	0.111495	0
3.71153	0.000893957	0.72057	0.111495	0
3.71258	0.000948791	0.837872	0.117327	0
3.7139	0.000990014	1.03896	0.130363	0
3.71268	0.000944603	0.955174	0.127276	0
3.71303	0.000969991	1.08923	0.135509	0
3.7113	0.000914438	0.603268	0.099831	0
3.70874	0.000893172	0.670297	0.104977	0
3.71011	0.000887676	0.703812	0.107721	0
3.71123	0.000914831	0.871387	0.119386	0
3.71128	0.000943883	0.804357	0.117327	0
3.71114	0.000890358	0.636783	0.102575	0
3.71073	0.000912148	0.871387	0.119386	0
3.71094	0.000906062	0.72057	0.111495	0
3.71128	0.000943687	0.921659	0.122816	0
3.71097	0.000945781	0.888144	0.122816	0
3.7094	0.000888199	0.737327	0.110123	0
3.71029	0.000925954	0.821114	0.118356	0
3.71072	0.000899388	0.787599	0.113897	0
3.70796	0.00091398	0.787599	0.113897	0
3.70942	0.000907306	0.737327	0.115269	0
3.70875	0.00090266	0.519481	0.0926267	0
3.70873	0.000880478	0.737327	0.110123	0
3.71041	0.000920981	0.854629	0.118356	0
3.70951	0.000918233	0.871387	0.121787	0
3.70827	0.000918495	0.854629	0.118356	0
3.71007	0.000937144	0.770842	0.112524	0
3.71063	0.000907306	0.770842	0.117327	0
3.70977	0.000891471	0.620025	0.103948	0
3.70996	0.000925235	0.854629	0.120758	0
3.70871	0.000867718	0.435693	0.0850793	0
3.70811	0.000874	0.804357	0.114926	0
3.70894	0.000892976	0.687055	0.106349	0
3.70903	0.000904557	0.787599	0.113897	0
3.70785	0.000901875	0.670297	0.107721	0
3.70681	0.000908156	0.821114	0.115955	0
3.70647	0.000917513	0.620025	0.101203	0
3.707	0.000885778	0.871387	0.119386	0
3.70868	0.000924515	0.770842	0.114926	0
3.70778	0.000909072	0.670297	0.104977	0
3.70752	0.000906717	0.703812	0.107721	0
3.7078	0.000863072	0.687055	0.106349	0
3.70762	0.000886105	0.603268	0.102575	0
3.70815	0.000898538	0.687055	0.109094	0
3.70759	0.00088689	0.536238	0.0970865	0
3.70744	0.000888592	0.737327	0.110123	0
3.70825	0.000883226	0.703812	0.107721	0
3.70801	0.000894415	0.72057	0.111495	0
3.70704	0.000898341	0.72057	0.111495	0
3.70751	0.000918168	0.821114	0.118356	0
3.70698	0.000897229	0.770842	0.112524	0
3.70746	0.000918495	0.754085	0.111495	0
3.70663	0.000918364	0.65354	0.103948	0
3.70558	0.000893892	0.754085	0.111495	0
3.7071	0.000907109	0.821114	0.115955	0
3.70794	0.000882703	0.754085	0.116298	0
3.70666	0.00090266	0.569753	0.0970865	0
3.70667	0.000849004	0.670297	0.104977	0
3.70575	0.00083173	0.536238	0.094342	0
3.70642	0.000879758	0.636783	0.10532	0
3.70678	0.000857772	0.770842	0.114926	0
3.70734	0.000878318	0.904902	0.121787	0
3.70745	0.000912998	0.821114	0.115955	0
3.70531	0.000904819	0.754085	0.111495	0
3.70465	0.000875832	0.670297	0.104977	0
3.70563	0.000899257	0.754085	0.111495	0
3.70508	0.0008687	0.737327	0.110123	0
3.70477	0.0008439	0.536238	0.094342	0
3.7059	0.000868373	0.938416	0.123845	0
3.70772	0.000883815	0.687055	0.106349	0
3.70682	0.00087701	0.620025	0.101203	0
3.70642	0.000865755	0.72057	0.108751	0
3.70655	0.000858427	0.620025	0.101203	0
3.70641	0.000906062	0.770842	0.114926	0
3.70589	0.000890358	0.821114	0.115955	0
3.70742	0.000912017	0.837872	0.117327	0
3.70648	0.000891274	0.670297	0.104977	0
3.70368	0.000841283	0.536238	0.094342	0
3.70311	0.000847434	0.703812	0.107721	0
3.70477	0.000875897	0.65354	0.106349	0
3.70608	0.000905932	0.854629	0.120758	0
3.70537	0.000886694	0.469208	0.0881669	0
3.70499	0.000822111	0.569753	0.0970865	0
3.70476	0.000844947	0.58651	0.0984587	0
3.70549	0.000876944	0.620025	0.101203	0
3.70487	0.000883684	0.58651	0.0984587	0
3.7055	0.000911428	0.670297	0.104977	0
3.70711	0.000910447	0.888144	0.120758	0
3.70669	0.000923926	0.770842	0.112524	0
3.70361	0.000884469	0.58651	0.101203	0
3.70299	0.000871317	0.636783	0.102575	0
3.70374	0.000872037	0.58651	0.0984587	0
3.70345	0.000845144	0.603268	0.099831	0
3.70359	0.000854566	0.569753	0.0970865	0
3.70528	0.000839713	0.703812	0.107721	0
3.70432	0.000856594	0.58651	0.0984587	0
3.70451	0.000889246	0.620025	0.103948	0
3.70524	0.000851556	0.452451	0.0864516	0
3.70438	0.000848612	0.703812	0.107721	0
3.70522	0.000852472	0.603268	0.099831	0
3.70463	0.000849462	0.368664	0.0782181	0
3.70431	0.000849135	0.72057	0.108751	0
3.70394	0.00085136	0.469208	0.0881669	0
3.70373	0.000840301	0.536238	0.094342	0
3.70332	0.000842003	0.536238	0.094342	0
3.70363	0.000851033	0.536238	0.0970865	0
3.70232	0.000842134	0.435693	0.0850793	0
3.70351	0.000857969	0.620025	0.101203	0
3.70365	0.000873149	0.502723	0.0912544	0
3.70207	0.000848873	0.620025	0.101203	0
3.70323	0.000858819	0.65354	0.103948	0
3.70431	0.00085365	0.670297	0.104977	0
3.70239	0.00085522	0.552995	0.0957142	0
3.70303	0.00083703	0.536238	0.094342	0
3.70496	0.000872364	0.703812	0.107721	0
3.70499	0.000909269	0.620025	0.101203	0
3.70331	0.000855351	0.65354	0.103948	0
3.70369	0.000868045	0.904902	0.121787	0
3.70389	0.00088833	0.552995	0.0984587	0
3.70293	0.000854435	0.754085	0.111495	0
3.70229	0.000876421	0.536238	0.0970865	0
3.70247	0.000846321	0.485966	0.0926267	0
3.70209	0.000826364	0.670297	0.107721	0
3.70308	0.000843181	0.469208	0.0881669	0
3.70313	0.000840367	0.485966	0.0895391	0
3.70344	0.000854108	0.569753	0.0970865	0
3.70411	0.000868765	0.569753	0.102575	0
3.70374	0.000863203	0.485966	0.0895391	0
3.70335	0.000860913	0.670297	0.104977	0
3.7029	0.00081452	0.335149	0.0747875	0
3.70186	0.000843704	0.636783	0.102575	0
3.70267	0.000851163	0.452451	0.0864516	0
3.70204	0.000790048	0.485966	0.0895391	0
3.70192	0.000850509	0.452451	0.0864516	0
3.70203	0.000840759	0.469208	0.0881669	0
3.70224	0.000855417	0.670297	0.104977	0
3.70305	0.00086353	0.620025	0.101203	0
3.70097	0.000839909	0.536238	0.094342	0
3.70151	0.000841872	0.519481	0.0926267	0
3.70302	0.000828392	0.351906	0.0765028	0
3.70117	0.000821129	0.485966	0.0895391	0
3.70219	0.000824597	0.58651	0.0984587	0
3.70338	0.000825644	0.435693	0.0850793	0
3.70182	0.000813801	0.402178	0.0816487	0
3.70191	0.000813474	0.452451	0.0864516	0
3.70321	0.000865624	0.636783	0.102575	0
3.70284	0.000844685	0.569753	0.0970865	0
3.70253	0.00084534	0.502723	0.0912544	0
3.70229	0.00082957	0.519481	0.0926267	0
3.70236	0.000833627	0.552995	0.0957142	0
3.70215	0.000823027	0.603268	0.099831	0
3.70221	0.000845602	0.502723	0.0912544	0
3.70164	0.000829178	0.385421	0.0799334	0
3.70236	0.000817792	0.485966	0.0895391	0
3.70256	0.00084462	0.569753	0.099831	0
3.70206	0.000830225	0.452451	0.0864516	0
3.70178	0.000802023	0.402178	0.0816487	0
3.70279	0.000854239	0.435693	0.0850793	0
3.70298	0.000835852	0.519481	0.0926267	0
3.7021	0.000854173	0.603268	0.099831	0
3.70249	0.000857183	0.670297	0.104977	0
3.70251	0.000862353	0.552995	0.0957142	0
3.70069	0.000831206	0.519481	0.0926267	0
3.70112	0.000833693	0.519481	0.0957142	0
3.70183	0.000790245	0.284876	0.0689554	0
3.70084	0.000828392	0.519481	0.0926267	0
3.7018	0.000834151	0.569753	0.0970865	0
3.70275	0.000839582	0.469208	0.0881669	0
3.7027	0.000854828	0.452451	0.0864516	0
3.70214	0.00081452	0.402178	0.0816487	0
3.70174	0.00083402	0.569753	0.0970865	0
3.70312	0.000846779	0.519481	0.0926267	0
3.70292	0.000846845	0.58651	0.101203	0
3.70198	0.000831075	0.418936	0.083364	0
3.70083	0.00080608	0.418936	0.083364	0
3.70205	0.000814062	0.469208	0.0881669	0
3.70211	0.000852996	0.636783	0.10532	0
3.7015	0.00085594	0.402178	0.0816487	0
3.70208	0.000829963	0.519481	0.0957142	0
3.70317	0.000830159	0.536238	0.094342	0
3.70294	0.00083487	0.385421	0.0799334	0
3.70167	0.000810922	0.603268	0.099831	0
3.70216	0.00080091	0.335149	0.0747875	0
3.70317	0.000819624	0.536238	0.094342	0
3.70218	0.000816091	0.452451	0.0864516	0
3.70173	0.000792993	0.435693	0.0850793	0
3.70166	0.000811445	0.536238	0.094342	0
3.70083	0.000798031	0.284876	0.0689554	0
3.70092	0.000836833	0.636783	0.102575	0
3.70207	0.000836048	0.385421	0.0799334	0
3.70149	0.000813408	0.435693	0.0850793	0
3.7011	0.000838993	0.469208	0.0881669	0
3.70103	0.000797639	0.469208	0.0881669	0
3.70144	0.000821391	0.485966	0.0895391	0
3.7022	0.000800714	0.402178	0.0816487	0
3.70269	0.000810071	0.502723	0.0912544	0
3.70185	0.000839974	0.402178	0.0816487	0
3.70103	0.000813408	0.469208	0.0912544	0
3.70157	0.000808501	0.402178	0.0816487	0
3.70231	0.000832057	0.435693	0.0850793	0
3.70235	0.000862876	0.65354	0.103948	0
3.70148	0.000826168	0.435693	0.0850793	0
3.70281	0.000828981	0.603268	0.099831	0
3.70163	0.000794301	0.268119	0.066897	0
3.70149	0.000812688	0.603268	0.099831	0
3.70233	0.000842657	0.385421	0.0799334	0
3.70033	0.000784159	0.402178	0.0816487	0
3.70168	0.000801499	0.402178	0.0816487	0
3.70351	0.000824139	0.620025	0.101203	0
3.70286	0.000842919	0.485966	0.0895391	0
3.70133	0.000788674	0.418936	0.083364	0
3.70148	0.000822438	0.502723	0.0912544	0
3.70308	0.000828327	0.670297	0.104977	0
3.70173	0.000808108	0.485966	0.0895391	0
3.70117	0.000848939	0.418936	0.083364	0
3.70122	0.000812099	0.402178	0.0816487	0
3.70156	0.000822961	0.519481	0.0926267	0
3.70217	0.000825252	0.519481	0.0926267	0
3.70182	0.000811903	0.402178	0.0816487	0
3.70107	0.000812427	0.435693	0.0850793	0
3.70109	0.000819755	0.519481	0.0926267	0
3.70239	0.000811772	0.469208	0.0881669	0
3.70251	0.000820802	0.485966	0.0895391	0
3.70219	0.000793582	0.385421	0.0799334	0
3.7019	0.000806734	0.469208	0.0881669	0
3.70294	0.000810006	0.469208	0.0881669	0
3.70122	0.000799144	0.301634	0.0706707	0
3.70172	0.000827018	0.502723	0.0912544	0
3.7028	0.000798816	0.402178	0.0816487	0
3.70213	0.000799929	0.469208	0.0881669	0
3.70142	0.000840825	0.335149	0.0747875	0
3.70127	0.000801957	0.469208	0.0881669	0
3.70159	0.000810464	0.385421	0.0799334	0
3.70183	0.000785272	0.318391	0.0727291	0
3.70212	0.00080837	0.536238	0.094342	0
3.70192	0.000802808	0.402178	0.0816487	0
3.70155	0.000795741	0.452451	0.0864516	0
3.70147	0.000789001	0.318391	0.0727291	0
3.70233	0.000804836	0.485966	0.0895391	0
3.70141	0.000819232	0.418936	0.083364	0
3.70112	0.000790375	0.368664	0.0782181	0
3.70082	0.000781804	0.368664	0.0782181	0
3.70114	0.000809089	0.335149	0.0747875	0
3.70192	0.000826168	0.452451	0.0864516	0
3.70174	0.000774737	0.301634	0.0706707	0
3.70118	0.000803528	0.301634	0.0706707	0
3.70214	0.000823092	0.284876	0.0689554	0
3.70149	0.000789132	0.435693	0.0850793	0
3.70193	0.000786973	0.351906	0.0765028	0
3.70244	0.000791095	0.368664	0.0782181	0
3.70239	0.000807781	0.435693	0.0850793	0
3.70107	0.000776503	0.318391	0.0727291	0
3.70124	0.000787823	0.469208	0.0881669	0
3.70305	0.000794301	0.519481	0.0926267	0
3.70183	0.000793254	0.301634	0.0706707	0
3.70258	0.000818708	0.552995	0.0957142	0
3.70253	0.000817203	0.335149	0.0747875	0
3.70089	0.000807519	0.452451	0.0864516	0
3.70171	0.000783636	0.402178	0.0816487	0
3.70151	0.000788216	0.318391	0.0727291	0
3.70163	0.00076322	0.301634	0.0706707	0
3.70269	0.000785402	0.452451	0.0929697	0
3.70242	0.000824728	0.418936	0.083364	0
3.7015	0.000784225	0.335149	0.0782181	0
3.70228	0.000783374	0.452451	0.0864516	0
3.70315	0.000816025	0.452451	0.0898822	0
3.70197	0.000810856	0.368664	0.0850793	0
3.70249	0.00079031	0.385421	0.0799334	0
3.7021	0.00075419	0.268119	0.066897	0
3.70127	0.000773559	0.351906	0.0765028	0
3.70122	0.000796003	0.301634	0.0706707	0
3.70174	0.000763613	0.268119	0.066897	0
3.70218	0.00076021	0.335149	0.0747875	0
3.70232	0.000790833	0.335149	0.0747875	0
3.70237	0.000781673	0.385421	0.0799334	0
3.70188	0.000780626	0.284876	0.0689554	0
3.70244	0.000766427	0.301634	0.0706707	0
3.70286	0.000797442	0.418936	0.083364	0
3.70257	0.000780953	0.452451	0.0864516	0
3.70232	0.000794825	0.351906	0.0765028	0
3.70239	0.000811052	0.402178	0.0850793	0
3.70221	0.000801957	0.268119	0.066897	0
3.70158	0.000777812	0.301634	0.0706707	0
3.70153	0.000772643	0.335149	0.0747875	0
3.70158	0.000777158	0.335149	0.0747875	0
3.7019	0.000792404	0.435693	0.0850793	0
3.7028	0.000791291	0.351906	0.0765028	0
3.70188	0.000792666	0.368664	0.0782181	0
3.70181	0.000794105	0.552995	0.0957142	0
3.70368	0.000756677	0.268119	0.066897	0
3.70238	0.000759556	0.301634	0.0706707	0
3.70228	0.000792011	0.318391	0.0727291	0
3.70385	0.000792731	0.485966	0.0895391	0
3.70344	0.00081295	0.284876	0.0689554	0
3.70334	0.000801826	0.485966	0.0895391	0
3.70334	0.00078802	0.184332	0.055576	0
3.70253	0.000751508	0.234604	0.0624372	0
3.70218	0.000764398	0.351906	0.0765028	0
3.70195	0.000771007	0.284876	0.0689554	0
3.70263	0.000783439	0.318391	0.0727291	0
3.7024	0.000751115	0.284876	0.0689554	0
3.70341	0.000753602	0.284876	0.0689554	0
3.70325	0.000766361	0.435693	0.0850793	0
3.70268	0.000782458	0.284876	0.0689554	0
3.70256	0.000776045	0.385421	0.0799334	0
3.7029	0.000793974	0.318391	0.0727291	0
3.70304	0.000806668	0.318391	0.0727291	0
3.70423	0.000807388	0.519481	0.0926267	0
3.70497	0.000811314	0.469208	0.0881669	0
3.703	0.000776961	0.284876	0.0689554	0
3.70205	0.000776961	0.385421	0.0799334	0
3.70293	0.000801368	0.251362	0.0689554	0
3.70392	0.000781411	0.351906	0.0765028	0
3.70268	0.000788543	0.351906	0.0765028	0
3.70305	0.000784879	0.351906	0.0765028	0
3.70356	0.000761192	0.251362	0.0648387	0
3.7028	0.000778466	0.351906	0.0765028	0
3.70327	0.000763809	0.301634	0.0706707	0
3.70284	0.000772905	0.335149	0.0747875	0
3.70349	0.00076996	0.301634	0.0706707	0
3.70354	0.000773821	0.268119	0.066897	0
3.70279	0.000740384	0.268119	0.066897	0
3.70302	0.000784421	0.318391	0.0727291	0
3.70352	0.000790768	0.335149	0.0747875	0
3.70231	0.00076538	0.368664	0.0782181	0
3.70358	0.000790637	0.469208	0.0881669	0
3.70405	0.00076021	0.268119	0.066897	0
3.70306	0.000741758	0.318391	0.0727291	0
3.70377	0.000776569	0.402178	0.0816487	0
3.70386	0.000782589	0.234604	0.0624372	0
3.70323	0.000746338	0.301634	0.0706707	0
3.70433	0.000779448	0.402178	0.0816487	0
3.70557	0.000797181	0.402178	0.0816487	0
3.70487	0.000802219	0.268119	0.066897	0
3.7054	0.000801957	0.485966	0.0895391	0
3.70518	0.000778008	0.251362	0.0648387	0
3.70355	0.000782065	0.335149	0.0747875	0
3.70386	0.00074732	0.100545	0.0411674	0
3.70318	0.000742412	0.201089	0.0579774	0
3.70383	0.000778794	0.335149	0.0782181	0
3.70298	0.000766034	0.368664	0.0782181	0
3.70274	0.000738814	0.251362	0.0648387	0
3.70236	0.000747516	0.251362	0.0648387	0
3.703	0.000767539	0.251362	0.0648387	0
3.70363	0.000730896	0.301634	0.0706707	0
3.70464	0.000748432	0.418936	0.083364	0
3.70537	0.000760603	0.301634	0.0706707	0
3.70481	0.000738552	0.251362	0.0648387	0
3.70482	0.000734888	0.251362	0.0648387	0
3.70494	0.000774868	0.368664	0.0782181	0
3.70514	0.000764136	0.351906	0.0765028	0
3.70529	0.000775915	0.251362	0.0648387	0
3.70448	0.000769895	0.301634	0.0706707	0
3.70433	0.000749348	0.251362	0.0648387	0
3.70404	0.000773101	0.268119	0.066897	0
3.70434	0.000792535	0.234604	0.0624372	0
3.70404	0.00074058	0.234604	0.0624372	0
3.70466	0.000772447	0.284876	0.0689554	0
3.70525	0.00074889	0.184332	0.055576	0
3.7047	0.000761192	0.335149	0.0747875	0
3.70487	0.000776896	0.268119	0.066897	0
3.70457	0.000775326	0.452451	0.0864516	0
3.70436	0.000794629	0.335149	0.0747875	0
3.70442	0.000772708	0.251362	0.0648387	0
3.70434	0.000781084	0.268119	0.066897	0
3.70465	0.000776242	0.284876	0.0689554	0
3.70368	0.000780887	0.284876	0.0689554	0
3.70516	0.000781607	0.385421	0.0799334	0
3.70533	0.000801957	0.335149	0.0747875	0
3.70471	0.000793843	0.284876	0.0689554	0
3.70455	0.000797835	0.301634	0.0706707	0
3.70463	0.000760734	0.268119	0.066897	0
3.70478	0.000744964	0.167574	0.0528315	0
3.70518	0.000765969	0.268119	0.066897	0
3.70621	0.000756415	0.318391	0.0727291	0
3.70461	0.000736785	0.150817	0.050087	0
3.70523	0.000733775	0.251362	0.0689554	0
3.70599	0.000762828	0.318391	0.0727291	0
3.70608	0.000775784	0.318391	0.0727291	0
3.70582	0.000742347	0.217847	0.0603789	0
3.70549	0.000759163	0.301634	0.0706707	0
3.70582	0.000755434	0.284876	0.0727291	0
3.70539	0.000719838	0.284876	0.0689554	0
3.70599	0.000749218	0.385421	0.0799334	0
3.7063	0.00078056	0.418936	0.083364	0
3.70628	0.00078586	0.217847	0.0603789	0
3.70534	0.000756808	0.268119	0.066897	0
3.70584	0.000775456	0.234604	0.0624372	0
3.70535	0.00077454	0.335149	0.0747875	0
3.70645	0.000772447	0.217847	0.0603789	0
3.70631	0.000756677	0.368664	0.0782181	0
3.70534	0.000769044	0.167574	0.0528315	0
3.7047	0.00074287	0.217847	0.0603789	0
3.70484	0.000729064	0.184332	0.055576	0
3.70519	0.000737047	0.335149	0.0747875	0
3.70616	0.000755368	0.201089	0.0579774	0
3.70673	0.00077225	0.318391	0.0727291	0
3.70642	0.000772708	0.318391	0.0727291	0
3.70685	0.000801172	0.368664	0.0782181	0
3.70705	0.000808631	0.268119	0.0710138	0
3.70685	0.00079103	0.268119	0.066897	0
3.70597	0.000735934	0.167574	0.0528315	0
3.70561	0.000741496	0.234604	0.0624372	0
3.70749	0.000775653	0.335149	0.0747875	0
3.70795	0.000769437	0.284876	0.0689554	0
3.7063	0.000726708	0.234604	0.0624372	0
3.70693	0.00075262	0.351906	0.0765028	0
3.70764	0.000768586	0.268119	0.066897	0
3.70722	0.000757004	0.268119	0.066897	0
3.70618	0.000759883	0.318391	0.0727291	0
3.70646	0.000764136	0.201089	0.0579774	0
3.70633	0.000758705	0.284876	0.0689554	0
3.70583	0.000737701	0.150817	0.050087	0
3.70598	0.000743721	0.284876	0.0689554	0
3.7067	0.000763613	0.301634	0.0706707	0
3.7064	0.000742347	0.234604	0.0624372	0
3.70679	0.000718791	0.117302	0.044255	0
3.70703	0.000756219	0.301634	0.0706707	0
3.70699	0.000753732	0.318391	0.0727291	0
3.70741	0.000763613	0.234604	0.0624372	0
3.70714	0.000760472	0.301634	0.0706707	0
3.70638	0.00074287	0.134059	0.0473425	0
3.70788	0.000765969	0.335149	0.0747875	0
3.70858	0.000759556	0.268119	0.066897	0
3.70757	0.000753798	0.150817	0.050087	0
3.70717	0.00074961	0.335149	0.0747875	0
3.70699	0.000721801	0.217847	0.0603789	0
3.70719	0.000752882	0.234604	0.0624372	0
3.7077	0.000744964	0.284876	0.0689554	0
3.70734	0.000734691	0.201089	0.0579774	0
3.70768	0.000719314	0.167574	0.0528315	0
3.70788	0.000737439	0.201089	0.0579774	0
3.70785	0.000735738	0.201089	0.0579774	0
3.70795	0.000721735	0.0670297	0.0336201	0
3.7081	0.00075262	0.217847	0.0603789	0
3.70876	0.000761912	0.335149	0.0747875	0
3.70746	0.000738552	0.251362	0.0648387	0
3.70776	0.000741104	0.217847	0.0603789	0
3.70775	0.00072769	0.284876	0.0689554	0
3.70824	0.000744114	0.251362	0.0648387	0
3.70873	0.000759425	0.268119	0.066897	0
3.70863	0.000750592	0.201089	0.0579774	0
3.7086	0.000761585	0.234604	0.0624372	0
3.71029	0.000764202	0.385421	0.0799334	0
3.70931	0.00076237	0.251362	0.0648387	0
3.70856	0.000737832	0.184332	0.055576	0
3.70775	0.000719314	0.134059	0.0473425	0
3.70897	0.000721408	0.217847	0.0603789	0
3.70954	0.000755761	0.251362	0.0648387	0
3.70932	0.000744768	0.201089	0.0579774	0
3.70891	0.000723829	0.234604	0.066897	0
3.70871	0.000730111	0.201089	0.0579774	0
3.7092	0.000727755	0.184332	0.055576	0
3.70867	0.000732008	0.217847	0.0603789	0
3.70925	0.000755434	0.217847	0.0603789	0
3.70908	0.00074431	0.217847	0.0603789	0
3.70906	0.000743787	0.284876	0.0689554	0
3.70992	0.000763482	0.318391	0.0727291	0
3.70854	0.000764464	0.251362	0.0648387	0
3.70979	0.000736785	0.201089	0.0579774	0
3.71073	0.000751311	0.435693	0.0850793	0
3.71021	0.000752489	0.201089	0.0579774	0
3.7087	0.00074575	0.268119	0.066897	0
3.70906	0.000741823	0.201089	0.0579774	0
3.70924	0.00076322	0.167574	0.0528315	0
3.70986	0.000775849	0.335149	0.0747875	0
3.70976	0.00076165	0.318391	0.0727291	0
3.71001	0.000770614	0.301634	0.0706707	0
3.70948	0.000768193	0.134059	0.0473425	0
3.70945	0.000741365	0.335149	0.0747875	0
3.71021	0.000752751	0.268119	0.066897	0
3.71013	0.000729129	0.167574	0.0528315	0
3.71076	0.000726447	0.167574	0.0528315	0
3.71196	0.000714341	0.117302	0.044255	0
3.71114	0.00071722	0.268119	0.066897	0
3.71126	0.000757135	0.335149	0.0747875	0
3.71077	0.000761454	0.201089	0.0579774	0
3.71045	0.000732924	0.201089	0.0579774	0
3.71074	0.000758117	0.234604	0.0624372	0
3.71107	0.000747843	0.268119	0.066897	0
3.71016	0.000748694	0.217847	0.0603789	0
3.71092	0.000749218	0.318391	0.0727291	0
3.7113	0.00072697	0.134059	0.0473425	0
3.7109	0.000731289	0.184332	0.055576	0
3.71085	0.000737243	0.217847	0.0603789	0
3.71086	0.000750134	0.251362	0.0648387	0
3.71076	0.000727363	0.0837872	0.0373937	0
3.71122	0.000756939	0.318391	0.0727291	0
3.71181	0.000751639	0.234604	0.0624372	0
3.71055	0.000741496	0.167574	0.0528315	0
3.71156	0.000740907	0.184332	0.055576	0
3.71129	0.000715781	0.167574	0.0528315	0
3.71045	0.000720427	0.167574	0.0528315	0
3.71129	0.000760407	0.167574	0.0528315	0
3.71191	0.000734364	0.268119	0.066897	0
3.71203	0.000728344	0.134059	0.0473425	0
3.71184	0.00072095	0.167574	0.0528315	0
3.71217	0.000744375	0.268119	0.066897	0
3.71208	0.000755499	0.201089	0.0579774	0
3.71085	0.00073299	0.184332	0.055576	0
3.71122	0.000730438	0.150817	0.050087	0
3.71136	0.000722259	0.217847	0.0603789	0
3.71026	0.000734168	0.268119	0.066897	0
3.71124	0.000753078	0.217847	0.0603789	0
3.71229	0.000758967	0.184332	0.055576	0
3.71297	0.000744899	0.268119	0.066897	0
3.71329	0.000757135	0.201089	0.0579774	0
3.71192	0.000758967	0.234604	0.0624372	0
3.71205	0.000738355	0.167574	0.0528315	0
3.71192	0.000717089	0.201089	0.0579774	0
3.71165	0.000712902	0.167574	0.0528315	0
3.71254	0.00071637	0.134059	0.0473425	0
3.71195	0.000737112	0.184332	0.055576	0
3.71329	0.000738421	0.184332	0.055576	0
3.71254	0.00072625	0.150817	0.050087	0
3.71297	0.000750853	0.234604	0.0624372	0
3.71319	0.000749479	0.201089	0.0579774	0
3.71191	0.000724614	0.184332	0.055576	0
3.71281	0.000746469	0.234604	0.0624372	0
3.71256	0.000761846	0.284876	0.0689554	0
3.71259	0.000733579	0.100545	0.0411674	0
3.71281	0.000715846	0.167574	0.0528315	0
3.71355	0.000738683	0.184332	0.055576	0
3.71419	0.000748759	0.234604	0.0624372	0
3.71332	0.000732859	0.184332	0.055576	0
3.713	0.000744375	0.251362	0.0648387	0
3.71378	0.000727428	0.201089	0.0579774	0
3.71411	0.000724287	0.217847	0.0603789	0
3.71359	0.000712117	0.150817	0.050087	0
3.71466	0.000745619	0.234604	0.0624372	0
3.71407	0.000725203	0.117302	0.044255	0
3.71298	0.000723698	0.184332	0.055576	0
3.7135	0.000742609	0.234604	0.0624372	0
3.71418	0.000751246	0.268119	0.066897	0
3.71377	0.000760014	0.284876	0.0689554	0
3.71354	0.000740253	0.234604	0.0624372	0
3.7135	0.000721146	0.251362	0.0648387	0
3.71409	0.000719576	0.184332	0.055576	0
3.71339	0.000746731	0.150817	0.050087	0
3.71298	0.000751704	0.251362	0.0648387	0
3.71359	0.000734364	0.284876	0.0689554	0
3.71285	0.000708518	0.0837872	0.0373937	0
3.71325	0.000711331	0.184332	0.055576	0
3.71428	0.000727493	0.184332	0.055576	0
3.71405	0.00072396	0.201089	0.0579774	0
3.7146	0.000714014	0.150817	0.050087	0
3.71475	0.000728279	0.284876	0.0689554	0
3.71485	0.000727952	0.234604	0.066897	0
3.71343	0.000730111	0.150817	0.050087	0
3.71331	0.000722848	0.167574	0.0528315	0
3.71451	0.000706424	0.167574	0.0528315	0
3.71548	0.000732924	0.251362	0.0648387	0
3.71578	0.000744114	0.150817	0.050087	0
3.71542	0.000725596	0.167574	0.0528315	0
3.71496	0.00073371	0.251362	0.0648387	0
3.71512	0.000725465	0.150817	0.050087	0
3.71533	0.00072468	0.268119	0.066897	0
3.71506	0.000736654	0.167574	0.0528315	0
3.71581	0.000723109	0.167574	0.0528315	0
3.7162	0.000734299	0.184332	0.055576	0
3.71575	0.000715126	0.217847	0.0603789	0
3.71535	0.000731027	0.217847	0.0603789	0
3.71518	0.000741627	0.167574	0.0528315	0
3.71476	0.000719772	0.117302	0.044255	0
3.71558	0.000753602	0.284876	0.0689554	0
3.71635	0.000717613	0.150817	0.050087	0
3.71501	0.000713229	0.100545	0.0411674	0
3.71545	0.000712575	0.167574	0.0528315	0
3.71672	0.000727821	0.117302	0.044255	0
3.71582	0.000720034	0.234604	0.0624372	0
3.71489	0.000728344	0.167574	0.0528315	0
3.71629	0.000718594	0.217847	0.0603789	0
3.71588	0.000754125	0.217847	0.0603789	0
3.71522	0.000736065	0.167574	0.0528315	0
3.71664	0.000733186	0.217847	0.0603789	0
3.71665	0.000729718	0.217847	0.0603789	0
3.71645	0.000750461	0.184332	0.055576	0
3.71716	0.000726119	0.201089	0.0579774	0
3.71656	0.000697263	0.217847	0.0603789	0
3.71592	0.000729522	0.0670297	0.0336201	0
3.71584	0.000713622	0.184332	0.055576	0
3.71747	0.000727755	0.167574	0.0528315	0
3.71673	0.000747778	0.167574	0.0528315	0
3.71618	0.000741038	0.167574	0.0528315	0
3.7168	0.000733971	0.184332	0.055576	0
3.71659	0.000714996	0.150817	0.050087	0
3.71657	0.000711986	0.134059	0.0473425	0
3.71664	0.000723567	0.100545	0.0411674	0
3.71679	0.000727428	0.117302	0.044255	0
3.71645	0.000712444	0.117302	0.044255	0
3.71643	0.000728802	0.134059	0.0473425	0
3.71731	0.000733383	0.201089	0.0579774	0
3.71824	0.000748694	0.284876	0.0689554	0
3.71752	0.000750526	0.184332	0.055576	0
3.71767	0.000772447	0.217847	0.0603789	0
3.71805	0.000741627	0.167574	0.0528315	0
3.71793	0.000717351	0.100545	0.0411674	0
3.71826	0.000714865	0.134059	0.0473425	0
3.71791	0.000723829	0.184332	0.055576	0
3.71768	0.000735149	0.134059	0.0473425	0
3.71831	0.000726447	0.167574	0.0528315	0
3.7185	0.000724025	0.117302	0.044255	0
3.71822	0.000702825	0.150817	0.050087	0
3.71841	0.000701058	0.0502723	0.0291603	0
3.71789	0.000724811	0.268119	0.066897	0
3.71811	0.000753013	0.184332	0.055576	0
3.71862	0.000739599	0.150817	0.050087	0
3.71817	0.000712575	0.117302	0.044255	0
3.71895	0.000740515	0.167574	0.0528315	0
3.71892	0.000751246	0.150817	0.050087	0
3.71881	0.000725007	0.167574	0.0528315	0
3.71823	0.000718464	0.134059	0.0473425	0
3.7182	0.000750919	0.167574	0.0528315	0
3.71785	0.000734495	0.251362	0.0648387	0
3.71869	0.00075419	0.134059	0.0473425	0
3.71904	0.000731747	0.201089	0.0579774	0
3.71862	0.000710088	0.100545	0.0411674	0
3.71969	0.000726185	0.217847	0.0603789	0
3.71903	0.000747713	0.134059	0.0473425	0
3.7182	0.000729522	0.167574	0.0528315	0
3.71855	0.000744375	0.167574	0.0579774	0
3.71942	0.000729326	0.184332	0.055576	0
3.71951	0.000716631	0.150817	0.050087	0
3.71954	0.000720492	0.167574	0.0528315	0
3.72032	0.000749676	0.217847	0.0603789	0
3.72098	0.000757462	0.284876	0.0689554	0
3.71947	0.000726512	0.184332	0.055576	0
3.71932	0.000728082	0.167574	0.0528315	0
3.7197	0.000745815	0.150817	0.050087	0
3.72018	0.000714472	0.217847	0.0603789	0
3.72056	0.000761192	0.234604	0.0624372	0
3.72026	0.000748956	0.268119	0.066897	0
3.71988	0.000744964	0.201089	0.0579774	0
3.71989	0.000717024	0.0837872	0.0373937	0
3.72085	0.000735411	0.184332	0.055576	0
3.72027	0.000738879	0.234604	0.0624372	0
3.72004	0.000713752	0.117302	0.044255	0
3.7207	0.00070806	0.217847	0.0603789	0
3.72027	0.000714145	0.150817	0.050087	0
3.72113	0.000711789	0.150817	0.050087	0
3.72192	0.000728933	0.217847	0.0648387	0
3.72107	0.000719969	0.184332	0.055576	0
3.72019	0.000724876	0.150817	0.050087	0
3.7211	0.000706947	0.217847	0.0603789	0
3.7214	0.00074588	0.284876	0.0689554	0
3.7221	0.0007714	0.201089	0.0579774	0
3.72105	0.000709761	0.100545	0.0411674	0
3.72222	0.00070891	0.117302	0.044255	0
3.72171	0.000688168	0.117302	0.044255	0
3.72176	0.000710546	0.0837872	0.0373937	0
3.72179	0.000709368	0.150817	0.050087	0
3.72212	0.000720819	0.251362	0.0648387	0
3.72157	0.000737767	0.217847	0.0603789	0
3.72109	0.000714145	0.117302	0.044255	0
3.72157	0.000723175	0.217847	0.0603789	0
3.72137	0.000731354	0.134059	0.0473425	0
3.72234	0.00075419	0.184332	0.055576	0
3.72161	0.000695365	0.0335149	0.0236713	0
3.72218	0.00073155	0.201089	0.0579774	0
3.72279	0.000731616	0.184332	0.055576	0
3.72251	0.000729064	0.150817	0.050087	0
3.7221	0.00069988	0.150817	0.050087	0
3.72329	0.000701582	0.100545	0.0411674	0
3.72307	0.000726054	0.217847	0.0603789	0
3.72269	0.000703152	0.134059	0.0473425	0
3.72315	0.000733252	0.201089	0.0624372	0
3.72341	0.000720361	0.117302	0.044255	0
3.72309	0.0007254	0.217847	0.0603789	0
3.72402	0.000737505	0.251362	0.0648387	0
3.72344	0.000722062	0.117302	0.044255	0
3.72288	0.000705704	0.150817	0.050087	0
3.72366	0.000738225	0.167574	0.0528315	0
3.72359	0.000712575	0.184332	0.055576	0
3.72188	0.000702629	0.0670297	0.0336201	0
3.72223	0.000716828	0.0837872	0.0373937	0
3.72369	0.000705442	0.134059	0.0473425	0
3.72306	0.000712117	0.167574	0.0528315	0
3.72382	0.00073227	0.184332	0.055576	0
3.7245	0.000749087	0.150817	0.050087	0
3.72395	0.000732924	0.201089	0.0579774	0
3.7236	0.000719576	0.184332	0.055576	0
3.7239	0.000701385	0.0670297	0.0336201	0
3.72341	0.00070289	0.234604	0.0624372	0
3.72383	0.00071264	0.0837872	0.0373937	0
3.72376	0.000704984	0.167574	0.0528315	0
3.72387	0.000722848	0.217847	0.0603789	0
3.72349	0.000716108	0.134059	0.0473425	0
3.72337	0.000712117	0.117302	0.044255	0
3.72377	0.000717678	0.150817	0.050087	0
3.72516	0.000711789	0.217847	0.0603789	0
3.72542	0.000715912	0.167574	0.0528315	0
3.72473	0.000730503	0.217847	0.0603789	0
3.72436	0.000731158	0.150817	0.050087	0
3.72477	0.000729522	0.167574	0.0528315	0
3.72454	0.000699291	0.134059	0.0473425	0
3.72389	0.000702956	0.0837872	0.0373937	0
3.72404	0.000723437	0.184332	0.055576	0
3.72502	0.000732008	0.184332	0.055576	0
3.72605	0.000719445	0.167574	0.0528315	0
3.72566	0.000702367	0.0837872	0.0373937	0
3.72525	0.000720885	0.167574	0.0528315	0
3.72534	0.000724222	0.150817	0.050087	0
3.72608	0.000703021	0.0837872	0.0373937	0
3.72567	0.000728737	0.234604	0.0624372	0
3.7262	0.00072239	0.150817	0.050087	0
3.72698	0.000712182	0.167574	0.0528315	0
3.72647	0.000710219	0.0670297	0.0336201	0
3.72583	0.00069373	0.150817	0.050087	0
3.72634	0.000703152	0.234604	0.0624372	0
3.72629	0.000717548	0.100545	0.0411674	0
3.72492	0.000707144	0.167574	0.0528315	0
3.72422	0.000701713	0.0670297	0.0336201	0
3.72517	0.000718987	0.167574	0.0528315	0
3.72579	0.000709172	0.134059	0.0473425	0
3.72667	0.000719707	0.100545	0.0411674	0
3.7256	0.000682279	0.0837872	0.0373937	0
3.72571	0.000722259	0.100545	0.0411674	0
3.7265	0.000697917	0.0670297	0.0336201	0
3.72639	0.000719118	0.167574	0.0528315	0
3.7272	0.000691243	0.117302	0.044255	0
3.72797	0.000721016	0.201089	0.0579774	0
3.72689	0.000725072	0.167574	0.0528315	0
3.72643	0.000698245	0.117302	0.044255	0
3.72748	0.000709237	0.150817	0.050087	0
3.72809	0.000718987	0.167574	0.0528315	0
3.72718	0.000704853	0.150817	0.050087	0
3.72741	0.000699488	0.0837872	0.0373937	0
3.72798	0.000715454	0.150817	0.050087	0
3.72767	0.000713883	0.100545	0.0411674	0
3.72716	0.00070433	0.117302	0.044255	0
3.72667	0.000716959	0.0670297	0.0336201	0
3.72809	0.000698964	0.100545	0.0411674	0
3.7278	0.000682671	0.100545	0.0411674	0
3.72719	0.000720623	0.150817	0.050087	0
3.72844	0.000714603	0.100545	0.0411674	0
3.72737	0.000709957	0.150817	0.050087	0
3.72736	0.000714734	0.134059	0.0473425	0
3.72822	0.000723633	0.167574	0.0528315	0
3.72864	0.000731289	0.251362	0.0648387	0
3.72816	0.000711855	0.134059	0.0473425	0
3.7277	0.000736065	0.150817	0.050087	0
3.72833	0.000721932	0.0837872	0.0373937	0
3.72932	0.000721735	0.167574	0.0528315	0
3.72938	0.000709957	0.167574	0.0528315	0
3.72944	0.000711658	0.150817	0.050087	0
3.72959	0.000722782	0.184332	0.055576	0
3.72847	0.000698964	0.150817	0.050087	0
3.72897	0.000712967	0.100545	0.0411674	0
3.72972	0.000697001	0.0670297	0.0336201	0
3.72872	0.000702105	0.0502723	0.0291603	0
3.72901	0.000686794	0.150817	0.050087	0
3.73027	0.000700535	0.100545	0.0411674	0
3.73049	0.000715846	0.100545	0.0411674	0
3.72981	0.000713556	0.268119	0.066897	0
3.72937	0.000725138	0.251362	0.0648387	0
3.72978	0.000707863	0.0670297	0.0336201	0
3.72967	0.000703021	0.167574	0.0528315	0
3.72986	0.000721735	0.134059	0.0473425	0
3.73032	0.000714865	0.100545	0.0411674	0
3.72978	0.000688822	0.134059	0.0473425	0
3.72968	0.00067953	0.134059	0.0473425	0
3.73002	0.000688691	0.117302	0.044255	0
3.72991	0.000698179	0.217847	0.0603789	0
3.73086	0.000743067	0.100545	0.0411674	0
3.73086	0.000703414	0.150817	0.050087	0
3.72974	0.000709303	0.100545	0.0411674	0
3.72948	0.000690981	0.0837872	0.0373937	0
3.7301	0.000708649	0.0502723	0.0291603	0
3.72985	0.00071035	0.167574	0.0528315	0
3.73105	0.000713294	0.184332	0.055576	0
3.73134	0.000717286	0.117302	0.044255	0
3.73108	0.000716959	0.201089	0.0579774	0
3.7312	0.000703545	0.134059	0.0473425	0
3.73201	0.000710939	0.167574	0.0528315	0
3.73199	0.000702171	0.0837872	0.0373937	0
3.73034	0.000691243	0.0502723	0.0291603	0
3.73121	0.000681035	0.0502723	0.0291603	0
3.73192	0.000685354	0.0837872	0.0373937	0
3.73245	0.000693664	0.134059	0.0473425	0
3.73113	0.000688626	0.167574	0.0528315	0
3.73147	0.000679269	0.0670297	0.0336201	0
3.73224	0.000721932	0.134059	0.0473425	0
3.73121	0.000710677	0.184332	0.055576	0
3.73105	0.00070505	0.0837872	0.0373937	0
3.73257	0.000729522	0.201089	0.0579774	0
3.73203	0.00071035	0.100545	0.0411674	0
3.73195	0.00069373	0.0670297	0.0336201	0
3.73191	0.000702825	0.117302	0.044255	0
3.73347	0.000725727	0.201089	0.0579774	0
3.7323	0.000716828	0.184332	0.055576	0
3.73202	0.000705966	0.100545	0.0411674	0
3.73256	0.000680381	0.0502723	0.0291603	0
3.73231	0.000704068	0.0670297	0.0336201	0
3.73275	0.000703283	0.134059	0.0473425	0
3.73155	0.000691243	0.100545	0.0411674	0
3.73214	0.000704264	0.0670297	0.0336201	0
3.73259	0.000675146	0.150817	0.050087	0
3.73269	0.000700927	0.0335149	0.0236713	0
3.73273	0.000718922	0.184332	0.0603789	0
3.73462	0.000746731	0.201089	0.0579774	0
3.7331	0.000710415	0.150817	0.050087	0
3.7328	0.000709565	0.150817	0.050087	0
3.73361	0.00069759	0.117302	0.044255	0
3.73379	0.000710284	0.167574	0.0528315	0
3.73377	0.000699553	0.134059	0.0473425	0
3.73369	0.000694188	0.0502723	0.0291603	0
3.73423	0.000704003	0.100545	0.0411674	0
3.73365	0.000702956	0.134059	0.0473425	0
3.73349	0.000705966	0.184332	0.055576	0
3.73338	0.00069687	0.100545	0.0411674	0
3.73293	0.000690262	0.117302	0.044255	0
3.73353	0.000692225	0.0837872	0.0373937	0
3.73431	0.000706751	0.117302	0.044255	0
3.73384	0.000710154	0.117302	0.044255	0
3.73435	0.000695562	0.117302	0.044255	0
3.73562	0.000700731	0.184332	0.055576	0
3.73535	0.000687775	0.0837872	0.0373937	0
3.73418	0.000711986	0.100545	0.0411674	0
3.73465	0.000701124	0.150817	0.050087	0
3.73548	0.00071264	0.217847	0.0603789	0
3.73457	0.000694057	0.0502723	0.0291603	0
3.73456	0.000713818	0.134059	0.0473425	0
3.73473	0.000707209	0.0502723	0.0291603	0
3.73488	0.000698375	0.0502723	0.0291603	0
3.7358	0.000704199	0.117302	0.044255	0
3.7352	0.000710873	0.117302	0.044255	0
3.73531	0.000715257	0.167574	0.0528315	0
3.73567	0.000709041	0.100545	0.0411674	0
3.73478	0.000699161	0.0335149	0.0236713	0
3.7351	0.000704984	0.117302	0.044255	0
3.73651	0.000712444	0.134059	0.0473425	0
3.73574	0.000702432	0.134059	0.0473425	0
3.73516	0.000701909	0.150817	0.050087	0
3.73646	0.000719707	0.184332	0.055576	0
3.73587	0.000691832	0.0670297	0.0336201	0
3.73523	0.000701778	0.0837872	0.0373937	0
3.73628	0.000692814	0.134059	0.0473425	0
3.73545	0.000709565	0.134059	0.0473425	0
3.73439	0.000697263	0.134059	0.0473425	0
3.73568	0.000723895	0.167574	0.0528315	0
3.73675	0.000706816	0.134059	0.0473425	0
3.73675	0.000663172	0.100545	0.0411674	0
3.73637	0.000701713	0.134059	0.0473425	0
3.7366	0.000706358	0.134059	0.0473425	0
3.73695	0.000683587	0.0670297	0.0336201	0
3.73767	0.000737112	0.217847	0.0603789	0
3.73857	0.000737636	0.167574	0.0528315	0
3.73656	0.000732466	0.100545	0.0411674	0
3.73648	0.00071336	0.184332	0.055576	0
3.73721	0.000737505	0.134059	0.0473425	0
3.73771	0.000725989	0.134059	0.0473425	0
3.73801	0.000703414	0.184332	0.055576	0
3.73725	0.000712967	0.201089	0.0579774	0
3.7376	0.000719183	0.0837872	0.0373937	0
3.73784	0.000714341	0.184332	0.055576	0
3.73741	0.000711593	0.0670297	0.0411674	0
3.73685	0.000713425	0.0502723	0.0291603	0
3.73718	0.000705508	0.117302	0.044255	0
3.7381	0.000687579	0.150817	0.050087	0
3.73764	0.000696936	0.117302	0.044255	0
3.73677	0.000697067	0.0670297	0.0336201	0
3.73787	0.000713229	0.167574	0.0528315	0
3.73871	0.000711528	0.0837872	0.0373937	0
3.73862	0.000703479	0.0670297	0.0336201	0
3.73744	0.000695038	0.134059	0.0473425	0
3.73839	0.000688626	0.100545	0.0411674	0
3.73811	0.000696543	0.117302	0.050087	0
3.73943	0.00070734	0.117302	0.044255	0
3.7388	0.000698703	0.134059	0.0473425	0
3.74037	0.000703087	0.134059	0.0473425	0
3.73946	0.000692552	0.0335149	0.0236713	0
3.73992	0.000697852	0.117302	0.044255	0
3.74086	0.000691897	0.0670297	0.0336201	0
3.74036	0.000700862	0.117302	0.044255	0
3.74014	0.00072095	0.0837872	0.0373937	0
3.74055	0.000715519	0.117302	0.044255	0
3.73907	0.000717482	0.134059	0.0473425	0
3.73888	0.000699488	0.167574	0.0528315	0
3.73985	0.000726185	0.100545	0.0411674	0
3.73934	0.000694973	0.0837872	0.0373937	0
3.73915	0.000724156	0.134059	0.0473425	0
3.74022	0.000714865	0.117302	0.044255	0
3.73951	0.000684242	0.0837872	0.0373937	0
3.73834	0.000696805	0.117302	0.044255	0
3.7395	0.000692094	0.150817	0.050087	0
3.74053	0.000682017	0.0335149	0.0236713	0
3.73967	0.000686205	0.100545	0.0411674	0
3.73987	0.000702301	0.100545	0.0411674	0
3.73929	0.000686532	0.0670297	0.0336201	0
3.7392	0.000702563	0.0670297	0.0336201	0
3.73983	0.000695038	0.150817	0.050087	0
3.74101	0.00068627	0.117302	0.044255	0
3.74007	0.000678745	0.0502723	0.0291603	0
3.74025	0.000687579	0.0670297	0.0336201	0
3.74147	0.000682998	0.0837872	0.0373937	0
3.7412	0.000692748	0.117302	0.044255	0
3.74148	0.000683457	0.0502723	0.0291603	0
3.74093	0.000712967	0.134059	0.0473425	0
3.74102	0.000707536	0.150817	0.050087	0
3.74155	0.000709761	0.150817	0.050087	0
3.74137	0.000714799	0.134059	0.0473425	0
0	0	0	0	0
0	0	0	0	0
0	0	0	0	0
0	0	0	0	0
0	0	0	0	0
0	0	0	0	0
0	0	0	0	0
0	0	0	0	0
0	0	0	0	0
0	0	0	0	0
0	0	0	0	0
0	0	0	0	0
0	0	0	0	0
0	0	0	0	0
0	0	0	0	0
0	0	0	0	0
0	0	0	0	0
0	0	0	0	0
0	0	0	0	0
0	0	0	0	0
0	0	0	0	0
0	0	0	0	0
0	0	0	0	0
0	0	0	0	0
0	0	0	0	0
0	0	0	0	0
0	0	0	0	0
0	0	0	0	0
0	0	0	0	0
0	0	0	0	0
0	0	0	0	0
0	0	0	0	0
0	0	0	0	0
0	0	0	0	0
0	0	0	0	0
0	0	0	0	0
0	0	0	0	0
0	0	0	0	0
0	0	0	0	0
0	0	0	0	0
0	0	0	0	0
0	0	0	0	0
0	0	0	0	0
0	0	0	0	0
0	0	0	0	0
0	0	0	0	0
0	0	0	0	0
0	0	0	0	0
0	0	0	0	0
0	0	0	0	0
0	0	0	0	0
0	0	0	0	0
0	0	0	0	0
0	0	0	0	0
0	0	0	0	0
0	0	0	0	0
0	0	0	0	0
0	0	0	0	0
0	0	0	0	0
0	0	0	0	0
0	0	0	0	0
0	0	0	0	0
0	0	0	0	0
0	0	0	0	0
0	0	0	0	0
0	0	0	0	0
0	0	0	0	0
0	0	0	0	0
0	0	0	0	0
0	0	0	0	0
0	0	0	0	0
0	0	0	0	0
0	0	0	0	0
0	0	0	0	0
0	0	0	0	0
0	0	0	0	0
0	0	0	0	0
0	0	0	0	0
0	0	0	0	0
0	0	0	0	0
0	0	0	0	0
0	0	0	0	0
0	0	0	0	0
0	0	0	0	0
0	0	0	0	0
0	0	0	0	0
0	0	0	0	0
0	0	0	0	0
0	0	0	0	0
0	0	0	0	0
0	0	0	0	0
0	0	0	0	0
0	0	0	0	0
0	0	0	0	0
0	0	0	0	0
0	0	0	0	0
0	0	0	0	0
0	0	0	0	0
0	0	0	0	0
0	0	0	0	0
0	0	0	0	0
0	0	0	0	0
0	0	0	0	0
0	0	0	0	0
0	0	0	0	0
0	0	0	0	0
0	0	0	0	0
0	0	0	0	0
0	0	0	0	0
0	0	0	0	0
0	0	0	0	0
0	0	0	0	0
0	0	0	0	0
0	0	0	0	0
0	0	0	0	0
0	0	0	0	0
0	0	0	0	0
0	0	0	0	0
0	0	0	0	0
0	0	0	0	0
0	0	0	0	0
0	0	0	0	0
0	0	0	0	0
0	0	0	0	0
0	0	0	0	0
0	0	0	0	0
0	0	0	0	0
0	0	0	0	0
0	0	0	0	0
0	0	0	0	0
0	0	0	0	0
0	0	0	0	0
0	0	0	0	0
0	0	0	0	0
0	0	0	0	0
0	0	0	0	0
0	0	0	0	0
0	0	0	0	0
0	0	0	0	0
0	0	0	0	0
0	0	0	0	0
0	0	0	0	0
0	0	0	0	0
0	0	0	0	0
0	0	0	0	0
0	0	0	0	0
0	0	0	0	0
0	0	0	0	0
0	0	0	0	0
0	0	0	0	0
0	0	0	0	0
0	0	0	0	0
0	0	0	0	0
0	0	0	0	0
0	0	0	0	0
0	0	0	0	0
0	0	0	0	0
0	0	0	0	0
0	0	0	0	0
0	0	0	0	0
0	0	0	0	0
0	0	0	0	0
0	0	0	0	0
0	0	0	0	0
0	0	0	0	0
0	0	0	0	0
0	0	0	0	0
0	0	0	0	0
0	0	0	0	0
0	0	0	0	0
0	0	0	0	0
0	0	0	0	0
0	0	0	0	0
0	0	0	0	0
0	0	0	0	0
0	0	0	0	0
0	0	0	0	0
0	0	0	0	0
0	0	0	0	0
0	0	0	0	0
0	0	0	0	0
0	0	0	0	0
0	0	0	0	0
0	0	0	0	0
0	0	0	0	0
0	0	0	0	0
0	0	0	0	0
0	0	0	0	0
0	0	0	0	0
0	0	0	0	0
0	0	0	0	0
0	0	0	0	0
0	0	0	0	0
0	0	0	0	0
0	0	0	0	0
0	0	0	0	0
0	0	0	0	0
0	0	0	0	0
0	0	0	0	0
0	0	0	0	0
0	0	0	0	0
0	0	0	0	0
0	0	0	0	0
0	0	0	0	0
0	0	0	0	0
0	0	0	0	0
0	0	0	0	0
0	0	0	0	0
0	0	0	0	0
0	0	0	0	0
0	0	0	0	0
0	0	0	0	0
0	0	0	0	0
0	0	0	0	0
0	0	0	0	0
0	0	0	0	0
0	0	0	0	0
0	0	0	0	0
0	0	0	0	0
0	0	0	0	0
0	0	0	0	0
0	0	0	0	0
0	0	0	0	0
0	0	0	0	0
0	0	0	0	0
0	0	0	0	0
0	0	0	0	0
0	0	0	0	0
0	0	0	0	0
0	0	0	0	0
0	0	0	0	0
0	0	0	0	0
0	0	0	0	0
0	0	0	0	0
0	0	0	0	0
0	0	0	0	0
0	0	0	0	0
0	0	0	0	0
0	0	0	0	0
0	0	0	0	0
0	0	0	0	0
0	0	0	0	0
0	0	0	0	0
0	0	0	0	0
0	0	0	0	0
0	0	0	0	0
0	0	0	0	0
0	0	0	0	0
0	0	0	0	0
0	0	0	0	0
0	0	0	0	0
0	0	0	0	0
0	0	0	0	0
0	0	0	0	0
0	0	0	0	0
0	0	0	0	0
0	0	0	0	0
0	0	0	0	0
0	0	0	0	0
0	0	0	0	0
0	0	0	0	0
0	0	0	0	0
0	0	0	0	0
0	0	0	0	0
0	0	0	0	0
0	0	0	0	0
0	0	0	0	0
0	0	0	0	0
0	0	0	0	0
0	0	0	0	0
0	0	0	0	0
0	0	0	0	0
0	0	0	0	0
0	0	0	0	0
0	0	0	0	0
0	0	0	0	0
0	0	0	0	0
0	0	0	0	0
0	0	0	0	0
0	0	0	0	0
0	0	0	0	0
0	0	0	0	0
0	0	0	0	0
0	0	0	0	0
0	0	0	0	0
0	0	0	0	0
0	0	0	0	0
0	0	0	0	0
0	0	0	0	0
0	0	0	0	0
0	0	0	0	0
0	0	0	0	0
0	0	0	0	0
0	0	0	0	0
0	0	0	0	0
0	0	0	0	0
0	0	0	0	0
0	0	0	0	0
0	0	0	0	0
0	0	0	0	0
0	0	0	0	0
0	0	0	0	0
0	0	0	0	0
0	0	0	0	0
0	0	0	0	0
0	0	0	0	0
0	0	0	0	0
0	0	0	0	0
0	0	0	0	0
0	0	0	0	0
0	0	0	0	0
0	0	0	0	0
0	0	0	0	0
0	0	0	0	0
0	0	0	0	0
0	0	0	0	0
0	0	0	0	0
0	0	0	0	0
0	0	0	0	0
0	0	0	0	0
0	0	0	0	0
0	0	0	0	0
0	0	0	0	0
0	0	0	0	0
0	0	0	0	0
0	0	0	0	0
0	0	0	0	0
0	0	0	0	0
0	0	0	0	0
0	0	0	0	0
0	0	0	0	0
0	0	0	0	0
0	0	0	0	0
0	0	0	0	0
0	0	0	0	0
0	0	0	0	0
0	0	0	0	0
0	0	0	0	0
0	0	0	0	0
0	0	0	0	0
0	0	0	0	0
0	0	0	0	0
0	0	0	0	0
0	0	0	0	0
0	0	0	0	0
0	0	0	0	0
0	0	0	0	0
0	0	0	0	0
0	0	0	0	0
0	0	0	0	0
0	0	0	0	0
0	0	0	0	0
0	0	0	0	0
0	0	0	0	0
0	0	0	0	0
0	0	0	0	0
0	0	0	0	0
0	0	0	0	0
0	0	0	0	0
0	0	0	0	0
0	0	0	0	0
0	0	0	0	0
0	0	0	0	0
0	0	0	0	0
0	0	0	0	0
0	0	0	0	0
0	0	0	0	0
0	0	0	0	0
0	0	0	0	0
0	0	0	0	0
0	0	0	0	0
0	0	0	0	0
0	0	0	0	0
0	0	0	0	0
0	0	0	0	0
0	0	0	0	0
0	0	0	0	0
0	0	0	0	0
0	0	0	0	0
0	0	0	0	0
0	0	0	0	0
0	0	0	0	0
0	0	0	0	0
0	0	0	0	0
0	0	0	0	0
0	0	0	0	0
0	0	0	0	0
0	0	0	0	0
0	0	0	0	0
0	0	0	0	0
0	0	0	0	0
0	0	0	0	0
0	0	0	0	0
0	0	0	0	0
0	0	0	0	0
0	0	0	0	0
0	0	0	0	0
0	0	0	0	0
0	0	0	0	0
0	0	0	0	0
