a2610503.050195
Narit-cm 05/01/2026 02:35:02 05/01/2026 03:05:01 0045 0013.384714 0052.542598 00.0 00.0
0002397 0010 0000000 0010 05 0000000 0010 0000000 0010
1 0 1 01600 1 0000 3.75 00000.o 0 0 01 000 16 002397 0.500 BT0
1 2 1 02000 1 0000 3.75 00000.o 0 0 01 000 16 002397 0.500 S2A0
1 1 1 01600 1 0000 3.75 00000.o 0 0 00 000 00 002397 3.1746 BC0
1 3 1 02000 1 0000 3.75 00000.o 0 0 00 000 00 002397 3.1746 S2P0
1 5 0 01600 0 0000 1.00 00000.o 0 0 00 000 00 000000 0.000 OF0
0.000 .o Analog 0 	0.000 .o Analog StErr 0 	0.000 .o Photon Counting 0 	0.000 .o PC StErr 0 	0.000 .o Overflow Info 0 
34.9421	0.217717	167.359	0.883657	0
82.4336	0.459294	193.842	0.866952	0
293.732	2.27662	115.094	1.38515	0
474.167	0.0459561	0.884439	0.124776	0
473.457	0	0	0	0
473.457	0	0.317063	0.0726153	0
473.457	1.09892E-5	29.7205	0.720698	0
473.457	0	15.8531	0.588082	0
473.457	0	3.83813	0.286029	0
473.457	0	14.0175	0.49433	0
473.457	0	47.2758	0.831155	0
473.457	6.37242E-6	98.4898	0.989	0
473.457	6.37242E-6	150.655	1.01593	0
473.457	0	127.76	1.0773	0
473.457	0	82.4364	0.917748	0
473.457	0	81.9191	0.877861	0
473.457	0	87.476	0.901384	0
473.457	6.37242E-6	92.5323	0.905134	0
473.457	0	110.622	0.925589	0
473.457	0	124.839	0.92968	0
473.457	0	138.957	0.985932	0
473.457	0	150.555	0.981159	0
473.457	0	162.737	0.953545	0
473.457	0	167.126	0.916385	0
473.457	0	181.21	0.888429	0
473.457	0	191.856	0.89968	0
473.457	0	198.765	0.899339	0
473.457	0	203.521	0.877179	0
473.457	0	203.254	0.868315	0
473.457	0	205.273	0.912975	0
473.457	0	204.456	0.901043	0
473.457	0	202.537	0.89968	0
473.457	0	202.436	0.887066	0
473.457	0	201.368	0.887748	0
473.457	0	201.402	0.894225	0
473.457	1.09892E-5	201.135	0.880929	0
473.781	0.0514759	201.168	0.898998	1
486.079	0.254633	201.719	0.876838	1
499.441	0.0703599	202.703	0.900702	1
500	0	201.118	0.88877	1
500	0	200.467	0.91468	1
500	0	200.25	0.889793	1
499.989	0.00786806	202.403	0.915362	1
497.16	0.153344	202.286	0.889452	1
471.87	0.447799	202.203	0.895589	1
429.028	0.512301	202.136	0.887748	1
387.595	0.523756	202.62	0.871725	0
346.949	0.552497	202.186	0.895248	0
306.723	0.571437	200.2	0.889111	0
267.357	0.579774	203.454	0.915703	0
228.033	0.581491	202.637	0.888089	0
190.545	0.570727	203.421	0.870702	0
157.139	0.534291	201.602	0.87752	0
127.162	0.48009	202.186	0.868656	0
100.537	0.418586	202.103	0.882975	0
78.9167	0.356977	200.2	0.872747	0
61.905	0.297078	199.166	0.899339	0
48.5479	0.243359	196.946	0.873088	0
38.1366	0.195242	195.995	0.881611	0
29.9158	0.151819	195.277	0.880588	0
23.8495	0.117586	194.894	0.854679	0
19.5005	0.0924709	192.157	0.875816	0
16.1206	0.0709273	191.573	0.883316	0
13.7736	0.0549493	190.288	0.871043	0
12.3082	0.0465121	189.186	0.857747	0
11.0995	0.0411809	189.453	0.85502	0
10.1255	0.0350788	187.167	0.851951	0
9.45852	0.0305753	183.78	0.849565	0
8.9149	0.0293417	181.961	0.847519	0
8.45656	0.027381	180.859	0.843428	0
8.12568	0.0260392	178.173	0.841042	0
7.90855	0.0255707	177.822	0.838315	0
7.78119	0.0250106	176.454	0.850247	0
7.6247	0.0246117	173.934	0.842747	0
7.35729	0.0241744	173.166	0.849224	0
7.05099	0.0238579	170.513	0.860133	0
6.8423	0.0225456	169.462	0.856042	0
6.75006	0.0228202	168.26	0.870702	0
6.72364	0.0225718	166.825	0.831155	0
6.72579	0.022266	167.676	0.841724	0
6.72785	0.0222923	165.774	0.827405	0
6.7636	0.0215934	162.253	0.840019	0
6.76894	0.0217287	164.139	0.833542	0
6.76499	0.0215792	162.92	0.849565	0
6.84402	0.0210455	163.438	0.838997	0
6.96107	0.0209396	162.036	0.841383	0
7.10187	0.0213602	162.169	0.865247	0
7.26359	0.0216793	160.985	0.836269	0
7.42656	0.0211308	161.535	0.831155	0
7.51006	0.02091	159.583	0.853997	0
7.49167	0.0207742	158.982	0.830133	0
7.52646	0.0211774	160.284	0.85161	0
7.66381	0.0207024	159.099	0.84411	0
7.7621	0.0209858	159.049	0.846497	0
7.74308	0.0207136	159.316	0.836951	0
7.65634	0.0204693	156.963	0.846497	0
7.50266	0.0204357	156.212	0.857406	0
7.20659	0.0206327	154.443	0.851951	0
6.84596	0.0199424	149.804	0.858429	0
6.57949	0.0196161	149.036	0.858088	0
6.41226	0.0176973	145.715	0.841042	0
6.34004	0.0172423	146.7	0.845474	0
6.30966	0.0169237	146.7	0.850929	0
6.24854	0.0161958	145.615	0.833883	0
6.21047	0.0161718	142.261	0.869338	0
6.22889	0.016122	142.929	0.840701	0
6.24862	0.0160338	141.043	0.84036	0
6.23481	0.0157251	140.726	0.852633	0
6.25839	0.0155424	139.291	0.843088	0
6.28991	0.0157306	139.191	0.838315	0
6.27788	0.0154273	139.841	0.826383	0
6.30939	0.0151832	139.224	0.850247	0
6.36035	0.0150283	137.906	0.831496	0
6.36665	0.0149699	138.273	0.845474	0
6.38847	0.0148865	137.071	0.849565	0
6.44393	0.0152262	137.872	0.863202	0
6.4724	0.0151541	136.621	0.831837	0
6.47643	0.0147778	136.471	0.84786	0
6.49791	0.0148117	136.02	0.861156	0
6.50797	0.0147785	136.137	0.843769	0
6.51579	0.0148854	135.019	0.833883	0
6.5679	0.0144344	134.301	0.852974	0
6.55734	0.0143829	134.785	0.853315	0
6.54398	0.0143792	134.301	0.862179	0
6.583	0.0145173	134.435	0.851951	0
6.56489	0.014005	133.133	0.854338	0
6.56612	0.0139756	132.816	0.860815	0
6.59625	0.0143986	133.751	0.866611	0
6.56435	0.0142814	132.532	0.833201	0
6.55276	0.0140552	130.713	0.820587	0
6.57635	0.0137882	130.947	0.848201	0
6.58729	0.0139477	130.847	0.839337	0
6.58448	0.0135187	130.597	0.823996	0
6.56781	0.0132446	129.345	0.84036	0
6.55318	0.0135525	126.675	0.836951	0
6.55217	0.0138443	130.163	0.834906	0
6.56172	0.0133801	127.509	0.840019	0
6.56797	0.0135467	128.878	0.831496	0
6.55496	0.0134017	126.375	0.831496	0
6.53539	0.0132119	125.907	0.833542	0
6.53284	0.0129043	125.423	0.827746	0
6.52221	0.0130211	124.439	0.826383	0
6.50835	0.012854	125.423	0.831496	0
6.49501	0.0126937	125.557	0.84411	0
6.4902	0.012677	125.006	0.846838	0
6.49553	0.0127473	123.821	0.851951	0
6.50429	0.0128612	123.554	0.841724	0
6.48477	0.0127339	122.954	0.835246	0
6.47353	0.0124075	122.687	0.833883	0
6.48386	0.0124908	121.902	0.838656	0
6.47045	0.0122783	121.685	0.863883	0
6.43463	0.0122221	121.602	0.836951	0
6.43356	0.0121696	121.268	0.846838	0
6.43683	0.0120352	120.1	0.834224	0
6.41408	0.0120079	121.552	0.830474	0
6.39653	0.0118387	118.682	0.849224	0
6.3835	0.0117342	119.75	0.845133	0
6.37289	0.0118008	119.049	0.852974	0
6.36509	0.0115674	117.53	0.828769	0
6.35856	0.0118183	117.347	0.85502	0
6.33467	0.0117454	116.329	0.833883	0
6.34361	0.0117193	117.33	0.842406	0
6.36085	0.0114594	116.963	0.84786	0
6.32418	0.0115684	115.378	0.837292	0
6.29035	0.0113464	115.811	0.847179	0
6.28538	0.0113431	116.662	0.84411	0
6.27068	0.0113339	114.043	0.832519	0
6.24415	0.0111209	114.41	0.840701	0
6.23431	0.0110459	112.991	0.832178	0
6.22703	0.011113	112.29	0.818542	0
6.21566	0.0110607	112.841	0.844451	0
6.20343	0.0108956	112.34	0.834565	0
6.19333	0.0110019	111.99	0.834565	0
6.17724	0.0112443	111.573	0.858088	0
6.1611	0.0109917	110.555	0.830133	0
6.14944	0.0107456	110.588	0.853656	0
6.11743	0.0108955	108.652	0.854679	0
6.09227	0.0107226	109.07	0.839678	0
6.08165	0.0107645	109.47	0.860815	0
6.06369	0.0102749	107.601	0.820246	0
6.05087	0.0104597	108.436	0.831837	0
6.03504	0.010418	108.219	0.837633	0
6.00975	0.0103647	106.383	0.831155	0
5.99502	0.0105012	105.615	0.833201	0
5.97364	0.0101195	105.131	0.833883	0
5.95355	0.0103675	103.529	0.834224	0
5.9423	0.0101282	104.097	0.82911	0
5.93109	0.00990782	103.813	0.823996	0
5.91356	0.0102188	101.243	0.837292	0
5.88867	0.00984988	102.662	0.845474	0
5.86051	0.0101064	101.51	0.834906	0
5.84005	0.00990463	100.642	0.848883	0
5.81351	0.00987115	99.9416	0.845133	0
5.78739	0.00991848	99.6078	0.844451	0
5.77021	0.00970234	98.3396	0.830474	0
5.75166	0.00976841	99.0905	0.830133	0
5.75529	0.00957229	98.5398	0.84036	0
5.73436	0.0097751	97.7222	0.84786	0
5.68403	0.0096922	96.9378	0.823314	0
5.66979	0.0093105	96.821	0.815132	0
5.66585	0.00940993	93.3834	0.842065	0
5.64631	0.00938431	95.5528	0.843428	0
5.62086	0.00918019	94.8185	0.824678	0
5.59857	0.00950961	92.6158	0.829451	0
5.58904	0.00912011	94.635	0.83286	0
5.57265	0.00923579	91.164	0.834906	0
5.52812	0.00879024	91.6479	0.809678	0
5.51428	0.00877964	91.2975	0.833201	0
5.51761	0.00888244	90.096	0.842406	0
5.48168	0.0088959	88.9612	0.828769	0
5.44194	0.00854399	90.7635	0.837292	0
5.43171	0.00880559	88.1268	0.828087	0
5.41014	0.00869725	86.1243	0.838656	0
5.38385	0.0085369	87.4426	0.815814	0
5.36703	0.00858411	85.8907	0.830474	0
5.34846	0.00841511	85.9074	0.809337	0
5.32762	0.00828877	83.9549	0.811723	0
5.30313	0.00786871	83.8381	0.809337	0
5.28195	0.00826074	82.7368	0.823655	0
5.2642	0.00805858	82.1193	0.830474	0
5.25647	0.0081874	81.4518	0.812064	0
5.22871	0.00791566	80.5006	0.795018	0
5.19995	0.00806554	79.4493	0.816496	0
5.19626	0.00812244	79.466	0.81786	0
5.17391	0.00786	78.3646	0.827746	0
5.14522	0.00785551	78.3646	0.806269	0
5.14502	0.00773027	78.2478	0.803882	0
5.13825	0.00771558	76.529	0.822973	0
5.10834	0.00778561	74.7267	0.821269	0
5.09083	0.00773846	75.8281	0.819223	0
5.07996	0.00760985	75.1439	0.804905	0
5.05491	0.00749852	73.1748	0.801496	0
5.04999	0.00751966	74.5098	0.813769	0
5.05035	0.00758774	73.2416	0.822633	0
5.0288	0.00757025	72.6575	0.794336	0
5.00907	0.00741698	71.8064	0.801837	0
4.99813	0.00736282	71.8064	0.797405	0
4.99065	0.00757148	70.5215	0.805587	0
4.97416	0.00753721	69.854	0.812064	0
4.95611	0.00724174	70.7885	0.808314	0
4.94309	0.00737946	68.836	0.812746	0
4.92561	0.00707118	68.2854	0.792973	0
4.90396	0.00704315	66.8169	0.805928	0
4.88875	0.00705701	67.1673	0.805587	0
4.87547	0.00696194	65.2149	0.797405	0
4.85121	0.00681518	64.3972	0.782404	0
4.83404	0.0067852	62.1277	0.779336	0
4.82545	0.00690719	63.0622	0.785473	0
4.81498	0.00701597	63.4627	0.781382	0
4.79741	0.00680341	60.8594	0.788541	0
4.76801	0.00672818	62.0275	0.783768	0
4.75741	0.00663961	61.5269	0.769109	0
4.75789	0.00654845	61.0597	0.783427	0
4.73158	0.00643309	60.1418	0.786836	0
4.71141	0.00649513	58.2228	0.769449	0
4.7043	0.00644714	57.1214	0.769449	0
4.68965	0.00639213	57.2048	0.761267	0
4.67353	0.00636566	56.0534	0.774563	0
4.65686	0.00625876	55.5361	0.762631	0
4.63479	0.00626559	54.5348	0.75104	0
4.61598	0.00608254	52.5657	0.763654	0
4.60513	0.00615186	52.5156	0.752404	0
4.6029	0.0059432	53.0663	0.765699	0
4.60186	0.00594755	53.0163	0.756154	0
4.58929	0.00592388	53.4835	0.752745	0
4.57304	0.00593611	51.748	0.751381	0
4.56504	0.00580521	51.0805	0.744222	0
4.55677	0.0056751	50.897	0.744563	0
4.54805	0.00566535	49.562	0.729903	0
4.53739	0.00567113	49.345	0.745926	0
4.52467	0.00558231	48.5607	0.73229	0
4.51413	0.00569454	48.6275	0.753426	0
4.50654	0.00568193	46.9754	0.722744	0
4.49664	0.00578714	48.2603	0.719335	0
4.47893	0.00573031	45.3567	0.708084	0
4.47403	0.00564714	46.2244	0.73979	0
4.46742	0.0056171	45.7405	0.728199	0
4.44885	0.00559681	45.0563	0.741835	0
4.43971	0.0054308	44.4723	0.702289	0
4.44029	0.00524548	45.7238	0.715244	0
4.43821	0.00528372	43.6879	0.723426	0
4.42743	0.00548874	44.7393	0.729903	0
4.42545	0.00545271	43.0872	0.712175	0
4.42064	0.00528931	44.2553	0.720698	0
4.40877	0.00515185	43.471	0.723426	0
4.39885	0.0052527	42.8869	0.687629	0
4.38973	0.0051261	41.8857	0.714903	0
4.3813	0.00515594	41.9191	0.702971	0
4.38578	0.00514138	43.3208	0.724448	0
4.3809	0.00528378	40.7676	0.690016	0
4.36277	0.00516095	41.0346	0.692402	0
4.36013	0.0049766	40.9345	0.701948	0
4.35861	0.00502778	40.3671	0.697516	0
4.3492	0.00505177	39.4326	0.688652	0
4.3439	0.00490007	40.9345	0.718653	0
4.33514	0.00504546	39.7664	0.694789	0
4.32407	0.004908	38.8319	0.686266	0
4.3213	0.00491145	39.2157	0.675697	0
4.31474	0.00482321	38.1977	0.683879	0
4.30804	0.00483895	37.2966	0.673311	0
4.31378	0.00495222	38.6316	0.692402	0
4.31317	0.00480039	38.398	0.686607	0
4.29756	0.00475806	37.4635	0.683538	0
4.28375	0.00480533	35.9616	0.687289	0
4.28277	0.00486684	36.529	0.68047	0
4.28308	0.00476209	36.8294	0.677402	0
4.27715	0.00469056	36.262	0.679447	0
4.26882	0.00470421	35.2774	0.667515	0
4.26576	0.00467014	36.529	0.681834	0
4.26234	0.00479766	35.5611	0.674334	0
4.25117	0.00471098	35.3108	0.675015	0
4.24417	0.00471026	34.6934	0.667174	0
4.24568	0.00465525	34.7434	0.660015	0
4.24478	0.00461643	34.5265	0.66547	0
4.23584	0.00465883	33.9758	0.671947	0
4.22672	0.0045795	33.6254	0.65081	0
4.2175	0.0045135	32.3237	0.652856	0
4.2105	0.00444574	32.4906	0.646378	0
4.21299	0.00459367	33.4752	0.645356	0
4.20347	0.00444119	31.506	0.644333	0
4.19505	0.00436765	32.524	0.651492	0
4.20525	0.0043733	32.4572	0.633424	0
4.19803	0.00436862	31.6062	0.646038	0
4.18477	0.00439112	32.0567	0.642969	0
4.18418	0.00430347	31.0889	0.635469	0
4.18226	0.00432323	30.8552	0.637856	0
4.17868	0.00438306	31.4393	0.639219	0
4.1773	0.00438501	31.7397	0.637856	0
4.17164	0.00436895	30.4047	0.640583	0
4.16508	0.00433604	30.0876	0.63581	0
4.16489	0.00423825	30.1544	0.610582	0
4.16754	0.00438033	30.9887	0.63956	0
4.15989	0.00439444	30.0209	0.641265	0
4.15705	0.00427765	29.2699	0.621492	0
4.15425	0.00424599	30.0209	0.641265	0
4.14123	0.00419117	29.4034	0.62456	0
4.13752	0.00405182	29.37	0.616037	0
4.13599	0.00410833	28.8694	0.616719	0
4.12673	0.00417088	28.4856	0.610923	0
4.12136	0.00413635	27.8014	0.61331	0
4.11734	0.00404786	28.5524	0.631378	0
4.11462	0.0041357	27.0004	0.606832	0
4.10547	0.00403453	27.2841	0.596264	0
4.10115	0.00395272	27.7347	0.601718	0
4.10783	0.00409506	27.2507	0.611946	0
4.10533	0.0040078	26.65	0.605809	0
4.09444	0.00401918	27.2007	0.6099	0
4.08873	0.00394694	26.3162	0.597627	0
4.08757	0.00393289	26.8169	0.596605	0
4.08472	0.00393211	26.0325	0.595582	0
4.07158	0.00375453	25.5987	0.592173	0
4.06605	0.00378704	24.7309	0.585695	0
4.07297	0.0038849	25.4485	0.595582	0
4.06121	0.00383757	23.8965	0.574786	0
4.04182	0.00370179	23.9132	0.585013	0
4.04304	0.0037226	23.5628	0.571377	0
4.04725	0.00378054	23.8465	0.589104	0
4.04193	0.00367708	22.4781	0.563195	0
4.034	0.0036356	23.2123	0.567286	0
4.03051	0.00359197	22.7117	0.558763	0
4.02472	0.00354398	21.6771	0.558422	0
4.01889	0.0035921	21.7939	0.558763	0
4.01579	0.00357181	21.844	0.548535	0
4.01382	0.00355822	21.1431	0.54274	0
4.00819	0.00355614	20.9595	0.536262	0
4.00196	0.00339702	21.2766	0.53183	0
3.98971	0.00340222	20.025	0.540694	0
3.98225	0.00341972	19.9416	0.534899	0
3.98155	0.00342492	18.8736	0.534558	0
3.98245	0.0033255	20.6425	0.542058	0
3.97851	0.00325124	19.6412	0.537626	0
3.96896	0.00334409	18.5065	0.519898	0
3.96324	0.00322776	18.69	0.510353	0
3.95912	0.00315285	18.0058	0.506603	0
3.9511	0.00312717	17.1882	0.504898	0
3.94558	0.00299959	16.554	0.489898	0
3.94408	0.00301767	17.4385	0.508307	0
3.94385	0.00301292	16.237	0.489557	0
3.93596	0.00306084	15.8865	0.483079	0
3.92691	0.00291532	15.8031	0.480011	0
3.91993	0.00298392	15.3859	0.477625	0
3.91719	0.00279626	14.902	0.466715	0
3.91481	0.00287715	15.6362	0.469443	0
3.90764	0.00285166	14.6516	0.473875	0
3.90008	0.0028648	13.7839	0.455806	0
3.89861	0.0028276	13.567	0.455124	0
3.89858	0.00277591	13.6504	0.446942	0
3.89712	0.00275354	13.5836	0.456488	0
3.89411	0.00269632	13.5002	0.445919	0
3.892	0.00275633	13.7839	0.45376	0
3.88836	0.00272428	13.4335	0.441146	0
3.88263	0.00265437	12.3655	0.429555	0
3.87946	0.00254338	12.282	0.432624	0
3.87935	0.00260405	13.35	0.448647	0
3.8773	0.00257784	12.5156	0.433646	0
3.86998	0.00255352	11.698	0.422396	0
3.86741	0.00254676	11.748	0.437396	0
3.87309	0.00259917	12.6491	0.441146	0
3.86884	0.00257661	12.015	0.432624	0
3.86201	0.00263194	11.7313	0.425805	0
3.86512	0.00259579	12.499	0.436715	0
3.86773	0.00264397	11.6312	0.417623	0
3.86541	0.00252933	12.2153	0.441828	0
3.86187	0.00250313	11.7647	0.422055	0
3.85964	0.00253258	11.6813	0.423419	0
3.85911	0.00253486	11.9816	0.422396	0
3.85823	0.00240501	11.5311	0.415578	0
3.85426	0.00250534	10.9804	0.414555	0
3.84772	0.00246281	10.7801	0.402623	0
3.845	0.00244877	10.5298	0.407055	0
3.84477	0.00246795	10.9637	0.408418	0
3.84056	0.0024422	10.7301	0.407737	0
3.83878	0.00243992	10.9136	0.414214	0
3.83805	0.00242601	9.84564	0.391032	0
3.83365	0.00235643	10.1126	0.391714	0
3.83517	0.00240865	9.77889	0.388986	0
3.83574	0.00233244	9.96245	0.390691	0
3.83748	0.00235741	9.91239	0.403646	0
3.83898	0.00240631	10.8803	0.407737	0
3.83376	0.00230545	9.57864	0.383872	0
3.82986	0.00236898	10.0626	0.400918	0
3.83049	0.00237633	9.26158	0.384554	0
3.82615	0.00228868	9.92908	0.386259	0
3.82626	0.0023565	9.87902	0.3941	0
3.82669	0.0023946	9.91239	0.391714	0
3.82489	0.00235975	10.0793	0.403987	0
3.82045	0.00231937	9.67877	0.386259	0
3.81525	0.00233595	9.11139	0.374668	0
3.81561	0.0023392	9.37839	0.384213	0
3.81667	0.00231339	9.3617	0.381827	0
3.81499	0.00226598	9.54526	0.384895	0
3.81487	0.00224205	9.72883	0.396827	0
3.81461	0.00224498	9.37839	0.383532	0
3.81519	0.00225324	9.19483	0.377054	0
3.81507	0.00221117	9.51189	0.387963	0
3.81103	0.00222534	8.59408	0.366486	0
3.80963	0.00227866	9.27826	0.380122	0
3.81029	0.00226735	8.89445	0.381486	0
3.80436	0.00225155	8.74426	0.370918	0
3.80144	0.00226774	8.86108	0.369895	0
3.79974	0.00220818	8.44389	0.367508	0
3.79709	0.00224706	8.47726	0.372622	0
3.79663	0.0021241	8.5607	0.357622	0
3.79483	0.0021226	7.7597	0.350463	0
3.79715	0.00216578	8.07676	0.357963	0
3.79718	0.00214439	8.14351	0.355917	0
3.79378	0.00210732	8.61076	0.367508	0
3.79337	0.00209718	7.84314	0.353872	0
3.79387	0.00210823	7.39257	0.342622	0
3.79154	0.00206753	8.21026	0.363077	0
3.79014	0.00205212	7.8932	0.35319	0
3.79064	0.00217488	8.61076	0.369895	0
3.79019	0.00213314	8.62745	0.369895	0
3.78804	0.00214393	8.22695	0.359326	0
3.78319	0.00207247	7.3592	0.337849	0
3.78181	0.00204574	7.99332	0.354554	0
3.78622	0.00211408	8.2937	0.364781	0
3.78549	0.00222151	7.82645	0.353872	0
3.78267	0.00209321	7.50939	0.349099	0
3.7804	0.00196342	7.47601	0.343644	0
3.77994	0.00202858	7.2257	0.337508	0
3.77969	0.00203788	7.44264	0.341599	0
3.77886	0.00203573	7.64289	0.336485	0
3.77817	0.00204067	7.64289	0.342281	0
3.77691	0.00207962	7.64289	0.353531	0
3.77439	0.00204002	7.14226	0.333758	0
3.7717	0.00195445	6.85857	0.323871	0
3.77075	0.00195438	7.42595	0.342962	0
3.77455	0.00204425	7.84314	0.357281	0
3.77237	0.00204171	6.84189	0.326939	0
3.76602	0.00195432	6.72507	0.330008	0
3.7682	0.00200848	6.99207	0.330348	0
3.76877	0.00202071	6.79182	0.328644	0
3.76459	0.00190848	6.72507	0.325917	0
3.76605	0.0019975	7.17564	0.340917	0
3.76758	0.0019681	6.35795	0.313303	0
3.76551	0.00197558	7.29245	0.340235	0
3.76622	0.00193058	7.00876	0.331371	0
3.764	0.00194255	6.57489	0.31978	0
3.7621	0.00195334	6.54151	0.320121	0
3.76116	0.00196895	6.50814	0.324894	0
3.75901	0.00195724	6.60826	0.326598	0
3.7581	0.0019088	6.6917	0.333758	0
3.75553	0.00182368	6.1577	0.313984	0
3.75607	0.00195263	6.35795	0.321144	0
3.7578	0.00195152	6.60826	0.323871	0
3.75747	0.00197363	6.6917	0.325235	0
3.7573	0.00196004	6.72507	0.321485	0
3.75429	0.00197285	6.37463	0.319098	0
3.75412	0.0019155	6.6917	0.331371	0
3.75487	0.00195555	6.50814	0.324894	0
3.75269	0.00191433	6.34126	0.31228	0
3.74776	0.00179195	5.69045	0.301711	0
3.74994	0.0018467	6.37463	0.313644	0
3.75103	0.00182017	6.59157	0.324553	0
3.74605	0.00185542	6.07426	0.310916	0
3.74513	0.00185665	5.84063	0.307166	0
3.74622	0.00190542	6.00751	0.30853	0
3.74168	0.00182004	5.6237	0.29762	0
3.73981	0.0017781	6.07426	0.308871	0
3.74444	0.00184748	6.05757	0.309553	0
3.74398	0.00191036	5.84063	0.308189	0
3.74052	0.00183948	5.50688	0.296939	0
3.74038	0.00181933	5.80726	0.303075	0
3.74065	0.0018389	5.45682	0.296939	0
3.73902	0.00175034	5.37338	0.293189	0
3.73845	0.00179683	5.84063	0.307166	0
3.73848	0.0017755	5.74051	0.296939	0
3.73811	0.00177329	5.57363	0.303757	0
3.74031	0.0018614	5.95745	0.31228	0
3.7385	0.00179917	5.57363	0.294552	0
3.73272	0.00175814	5.17313	0.291825	0
3.73152	0.0017216	5.39007	0.289779	0
3.73426	0.00176146	5.77388	0.305121	0
3.73471	0.00180418	6.10763	0.315689	0
3.73368	0.00177758	5.28995	0.288757	0
3.73158	0.00182869	5.25657	0.293529	0
3.73001	0.00178356	5.52357	0.302734	0
3.7284	0.00172992	4.8227	0.277506	0
3.72892	0.00174474	5.25657	0.286029	0
3.72853	0.00170235	5.07301	0.285007	0
3.72941	0.00169546	5.30663	0.29012	0
3.7311	0.00174721	5.65707	0.30103	0
3.72683	0.00168824	4.68919	0.274438	0
3.7243	0.00167601	4.98957	0.282961	0
3.72853	0.00174422	5.44013	0.29387	0
3.72681	0.00175866	5.23988	0.288416	0
3.7221	0.0017121	4.93951	0.286029	0
3.71783	0.00164974	4.00501	0.258415	0
3.71528	0.00161047	4.53901	0.26762	0
3.71742	0.0016264	4.32207	0.261142	0
3.71597	0.00157672	4.38882	0.264892	0
3.70979	0.001534	3.53776	0.236937	0
3.71053	0.00155968	4.03838	0.258415	0
3.71328	0.00157028	4.05507	0.257733	0
3.71257	0.00161287	4.23863	0.263529	0
3.71068	0.00160806	3.82144	0.243756	0
3.709	0.00155091	3.55444	0.247506	0
3.70521	0.0015143	3.62119	0.241369	0
3.70556	0.00146358	3.48769	0.235233	0
3.7055	0.00148751	3.83813	0.245119	0
3.70236	0.00152503	3.15394	0.223982	0
3.70165	0.0014628	3.72132	0.247847	0
3.70076	0.00149238	3.10388	0.223641	0
3.69993	0.00143484	3.62119	0.243756	0
3.70036	0.00144082	3.32082	0.23046	0
3.6988	0.0014323	2.87025	0.216141	0
3.69574	0.00138613	2.51982	0.205573	0
3.69736	0.00141039	2.97038	0.221937	0
3.69967	0.00138048	2.937	0.218187	0
3.69657	0.00138789	3.27076	0.233528	0
3.69696	0.00143945	3.38757	0.235915	0
3.69822	0.00142385	2.97038	0.21955	0
3.69756	0.00141013	3.40426	0.236255	0
3.69519	0.00141032	2.97038	0.224323	0
3.69328	0.00142248	3.02044	0.219891	0
3.69143	0.00140375	2.50313	0.204891	0
3.68998	0.00137092	2.51982	0.204209	0
3.68969	0.0013622	2.75344	0.21205	0
3.68835	0.00132163	2.45307	0.198755	0
3.68694	0.0012804	2.72007	0.206937	0
3.68964	0.00134543	2.45307	0.200118	0
3.68993	0.00132169	2.45307	0.20455	0
3.68777	0.00127962	2.61994	0.204891	0
3.68884	0.00131981	2.48644	0.198755	0
3.68875	0.0013308	2.63663	0.206937	0
3.68702	0.00129692	2.35294	0.196709	0
3.68823	0.00130329	2.63663	0.206937	0
3.68696	0.00127611	2.5365	0.205914	0
3.6849	0.0013267	2.58657	0.203868	0
3.68505	0.0013029	2.25282	0.191254	0
3.68616	0.00132553	2.75344	0.217505	0
3.68494	0.00132924	2.63663	0.2083	0
3.68395	0.00129334	2.403	0.202505	0
3.68335	0.00127253	2.25282	0.189891	0
3.68375	0.00127468	2.403	0.198414	0
3.68367	0.00129055	2.30288	0.201823	0
3.68367	0.00132267	2.43638	0.199777	0
3.68321	0.00133197	2.28619	0.193982	0
3.68274	0.00126571	2.30288	0.1933	0
3.68225	0.00128333	2.10263	0.185459	0
3.67964	0.00122851	2.15269	0.1858	0
3.68045	0.00121044	2.2695	0.191936	0
3.67991	0.00125914	2.0025	0.1783	0
3.67845	0.00126037	2.2695	0.190573	0
3.67889	0.00128925	2.15269	0.1858	0
3.67871	0.00124978	2.30288	0.191936	0
3.67909	0.00129334	2.30288	0.1933	0
3.67883	0.00128645	2.18607	0.194664	0
3.67629	0.00126024	1.76888	0.17114	0
3.67652	0.00126454	2.33625	0.194664	0
3.67813	0.00121083	2.20275	0.189209	0
3.67739	0.00128638	2.11932	0.188868	0
3.67582	0.00122227	2.0025	0.181368	0
3.67603	0.00120608	1.75219	0.170458	0
3.67472	0.00122155	1.88569	0.17489	0
3.67673	0.0011774	2.21944	0.189891	0
3.67742	0.00125166	2.20275	0.193641	0
3.67629	0.00124178	2.2695	0.191936	0
3.67516	0.00124054	2.01919	0.183413	0
3.67459	0.00122084	2.136	0.18955	0
3.67314	0.00125446	2.03588	0.184095	0
3.67198	0.0011856	1.70213	0.165004	0
3.67122	0.00119034	1.75219	0.172163	0
3.67263	0.0012066	1.85232	0.173186	0
3.67247	0.00117786	1.869	0.175572	0
3.6717	0.00118703	1.81894	0.175231	0
3.67161	0.0012473	1.71882	0.169095	0
3.67162	0.00121226	1.93575	0.184777	0
3.67111	0.0012209	1.78557	0.172163	0
3.67135	0.00124542	2.20275	0.189209	0
3.6723	0.00125543	2.10263	0.185459	0
3.67082	0.00117851	1.869	0.174209	0
3.66987	0.00116739	1.80225	0.17114	0
3.66969	0.0011458	1.76888	0.169777	0
3.66896	0.00118742	1.88569	0.176254	0
3.66701	0.00117181	1.50188	0.160572	0
3.66659	0.00114912	1.50188	0.157163	0
3.66735	0.00116823	1.43513	0.152049	0
3.66583	0.00111999	1.335	0.154094	0
3.66583	0.00114886	1.78557	0.168754	0
3.66759	0.00112759	1.56863	0.16364	0
3.66906	0.00118202	1.90238	0.175572	0
3.66963	0.00121772	2.05257	0.187845	0
3.66853	0.00120075	1.81894	0.171822	0
3.66718	0.00117571	1.41844	0.153072	0
3.66681	0.00118313	2.136	0.188186	0
3.6679	0.00118651	1.76888	0.169777	0
3.66479	0.0011763	1.45181	0.154776	0
3.6643	0.00118221	1.63538	0.161936	0
3.66458	0.0011166	1.58531	0.161254	0
3.66426	0.00115406	1.58531	0.161254	0
3.6642	0.00114736	1.40175	0.152049	0
3.66401	0.00116498	1.4685	0.155458	0
3.66358	0.00112987	1.56863	0.161936	0
3.66379	0.00113722	1.53525	0.163981	0
3.66334	0.00113618	1.65207	0.162617	0
3.66211	0.00114203	1.602	0.16364	0
3.66356	0.00109788	1.61869	0.162617	0
3.66445	0.00117773	1.80225	0.17114	0
3.66206	0.00118033	1.2015	0.139435	0
3.66217	0.00116791	1.88569	0.17489	0
3.66247	0.00114281	1.4685	0.157163	0
3.66147	0.0011893	1.53525	0.163981	0
3.66074	0.00115542	1.55194	0.161254	0
3.66057	0.00108793	1.31831	0.145912	0
3.66163	0.00113559	1.4685	0.153754	0
3.66355	0.00115321	1.63538	0.167049	0
3.6628	0.0011603	1.61869	0.160913	0
3.66303	0.00112974	1.55194	0.157845	0
3.66043	0.00112103	1.38506	0.158526	0
3.66071	0.00115699	1.61869	0.166027	0
3.66199	0.0011445	1.38506	0.151367	0
3.65921	0.00111934	1.45181	0.156481	0
3.66067	0.00113117	1.51856	0.15614	0
3.66316	0.00116355	1.71882	0.165686	0
3.66108	0.00116882	1.66875	0.165004	0
3.65898	0.00113572	1.4685	0.157163	0
3.65935	0.00114086	1.335	0.150685	0
3.66	0.00116017	1.68544	0.166027	0
3.65954	0.00114222	1.50188	0.157163	0
3.65887	0.00115263	1.53525	0.158867	0
3.65751	0.00107089	1.30163	0.146935	0
3.65561	0.00106068	1.38506	0.154776	0
3.65618	0.00110223	1.26825	0.145231	0
3.65787	0.00107336	1.31831	0.145912	0
3.65784	0.00112389	1.50188	0.157163	0
3.65877	0.00112337	1.40175	0.150344	0
3.6566	0.00107909	1.30163	0.14489	0
3.65611	0.00108481	1.38506	0.149322	0
3.65778	0.00111056	1.38506	0.154776	0
3.65786	0.00114418	1.76888	0.169777	0
3.65751	0.00114587	1.55194	0.162958	0
3.6571	0.00113085	1.4685	0.155458	0
3.6581	0.00112896	1.30163	0.14489	0
3.65834	0.00111329	1.30163	0.14489	0
3.65793	0.0011287	1.41844	0.153072	0
3.65753	0.00114151	1.61869	0.162617	0
3.65574	0.00107818	1.36838	0.15239	0
3.65358	0.00106465	1.10138	0.133639	0
3.65619	0.00107466	1.40175	0.152049	0
3.65541	0.00107161	1.18481	0.140458	0
3.65435	0.00108858	1.21819	0.142503	0
3.65787	0.00111895	1.55194	0.157845	0
3.65646	0.00111713	1.45181	0.156481	0
3.654	0.00107336	1.05131	0.132958	0
3.65393	0.00107518	1.03463	0.129548	0
3.65336	0.00104924	1.18481	0.138412	0
3.65283	0.00106771	1.11806	0.136708	0
3.65329	0.00104833	1.10138	0.133639	0
3.65273	0.00102817	1.11806	0.136708	0
3.65171	0.00102798	1.30163	0.146935	0
3.65349	0.00106296	1.18481	0.138412	0
3.6536	0.00108162	1.08469	0.134662	0
3.65096	0.001114	1.36838	0.15239	0
3.65187	0.0010614	0.984564	0.12648	0
3.65232	0.00103526	1.31831	0.147617	0
3.65412	0.00107779	1.23488	0.141481	0
3.65335	0.0010523	1.335	0.15239	0
3.65312	0.00108617	1.31831	0.149663	0
3.65343	0.00106771	1.2015	0.139435	0
3.65247	0.00108481	1.18481	0.144549	0
3.65209	0.00104898	1.26825	0.143185	0
3.65156	0.0010428	1.15144	0.136708	0
3.65092	0.00104872	1.11806	0.134662	0
3.64997	0.00102785	1.05131	0.130571	0
3.64959	0.00104774	1.15144	0.140799	0
3.65045	0.00100847	1.068	0.131594	0
3.65131	0.00109138	1.30163	0.14864	0
3.65063	0.00107733	1.068	0.131594	0
3.65032	0.00105574	1.15144	0.138753	0
3.64969	0.00105412	1.00125	0.129889	0
3.64915	0.00103682	1.03463	0.136026	0
3.65062	0.00108266	1.08469	0.134662	0
3.65144	0.00107935	1.15144	0.138753	0
3.65069	0.00102102	1.15144	0.136708	0
3.64979	0.00103155	0.901126	0.123412	0
3.64944	0.00104573	1.23488	0.141481	0
3.64938	0.00103877	1.16813	0.139435	0
3.65009	0.00106322	1.335	0.14864	0
3.6495	0.00104794	1.08469	0.132617	0
3.64859	0.00104995	1.11806	0.134662	0
3.64854	0.0010216	1.08469	0.132617	0
3.64917	0.00103832	1.21819	0.140458	0
3.64989	0.0010296	1.00125	0.127503	0
3.649	0.00103695	1.335	0.146935	0
3.64999	0.00104982	1.13475	0.139776	0
3.65202	0.00107726	1.23488	0.141481	0
3.65072	0.00105021	1.11806	0.138753	0
3.64904	0.00105795	1.08469	0.132617	0
3.6488	0.00105912	1.08469	0.132617	0
3.64941	0.00104625	1.13475	0.135685	0
3.64944	0.00105568	1.13475	0.135685	0
3.64796	0.00103324	1.18481	0.140458	0
3.64685	0.00103097	0.984564	0.128867	0
3.64668	0.00102681	1.01794	0.128526	0
3.64568	0.00100327	0.984564	0.12648	0
3.6462	0.00101718	0.951189	0.130912	0
3.6468	0.00100093	0.901126	0.121366	0
3.64712	0.00101653	1.16813	0.13773	0
3.64679	0.00100203	1.11806	0.136708	0
3.64675	0.00101809	1.00125	0.131935	0
3.64808	0.00104573	1.03463	0.131935	0
3.64792	0.00107752	1.15144	0.140799	0
3.6479	0.00106003	1.18481	0.140458	0
3.64642	0.00105594	0.917814	0.124776	0
3.64738	0.00103207	1.16813	0.139435	0
3.64737	0.00106315	1.11806	0.136708	0
3.64485	0.000983499	0.584063	0.0981841	0
3.64389	0.00097316	0.667501	0.104661	0
3.64454	0.000998975	0.784314	0.117957	0
3.645	0.00100268	0.917814	0.124776	0
3.64658	0.000998975	1.03463	0.129548	0
3.64685	0.000991497	0.867751	0.121366	0
3.64601	0.000992343	0.951189	0.126821	0
3.64755	0.00100808	1.05131	0.130571	0
3.64547	0.00100262	0.934501	0.123412	0
3.64388	0.000955864	0.867751	0.11898	0
3.64476	0.000985125	0.867751	0.11898	0
3.64504	0.000993578	1.03463	0.129548	0
3.64457	0.00100951	0.884439	0.120003	0
3.64402	0.00100775	0.834376	0.11898	0
3.64405	0.000984345	0.767626	0.112162	0
3.64328	0.00103773	0.951189	0.124435	0
3.64457	0.00103448	1.00125	0.129889	0
3.64524	0.00105015	1.13475	0.13773	0
3.64525	0.00100509	0.867751	0.121366	0
3.64457	0.00100125	0.967877	0.125457	0
3.64409	0.00101055	0.884439	0.122389	0
3.64496	0.000999365	0.934501	0.123412	0
3.64594	0.00100944	0.934501	0.123412	0
3.64574	0.0010086	1.05131	0.132958	0
3.64565	0.00104839	0.967877	0.131935	0
3.64556	0.00103285	0.951189	0.126821	0
3.64483	0.000978297	0.767626	0.112162	0
3.64424	0.00100151	1.00125	0.127503	0
3.64432	0.0010229	1.01794	0.128526	0
3.64339	0.00100301	0.750939	0.110798	0
3.64218	0.00098441	0.734251	0.109775	0
3.64275	0.00101159	0.867751	0.121366	0
3.64443	0.00102102	1.068	0.13398	0
3.645	0.00103936	1.00125	0.129889	0
3.64475	0.00102355	0.851064	0.117957	0
3.64278	0.000964187	0.717564	0.108412	0
3.64469	0.000979338	0.984564	0.128867	0
3.64576	0.000986295	0.867751	0.121366	0
3.64305	0.000988571	0.951189	0.124435	0
3.64237	0.000965878	0.667501	0.104661	0
3.64163	0.000957099	0.667501	0.104661	0
3.64104	0.000953458	0.934501	0.125798	0
3.64218	0.000955083	0.734251	0.109775	0
3.64203	0.000961911	0.700876	0.109775	0
3.64252	0.000960676	0.917814	0.124776	0
3.64342	0.00099774	0.834376	0.121366	0
3.64256	0.00101276	0.650814	0.103298	0
3.64089	0.000961976	0.717564	0.108412	0
3.64156	0.000986946	0.801001	0.114548	0
3.64301	0.00100996	0.834376	0.116935	0
3.64231	0.000967048	0.750939	0.110798	0
3.6427	0.000969194	0.767626	0.112162	0
3.64319	0.00101478	0.834376	0.11898	0
3.64327	0.000992017	0.967877	0.127844	0
3.64318	0.000986815	0.867751	0.11898	0
3.64142	0.000952092	0.801001	0.116935	0
3.64111	0.000970299	0.750939	0.110798	0
3.64161	0.000974526	0.700876	0.107048	0
3.64004	0.000963732	0.867751	0.121366	0
3.64101	0.000972575	0.634126	0.101934	0
3.64166	0.000941103	0.817689	0.117957	0
3.64232	0.000968999	0.901126	0.123412	0
3.64147	0.000965357	0.784314	0.113184	0
3.64038	0.000950597	0.617438	0.10057	0
3.64198	0.000952417	0.767626	0.112162	0
3.64311	0.00095827	0.951189	0.124435	0
3.64234	0.000952092	0.851064	0.120344	0
3.64134	0.000947606	0.634126	0.101934	0
3.64194	0.000938437	0.767626	0.114548	0
3.64236	0.00097238	0.917814	0.124776	0
3.64148	0.000983369	0.884439	0.120003	0
3.64127	0.00100431	0.767626	0.112162	0
3.64174	0.000953783	0.684189	0.106025	0
3.64221	0.000987596	0.801001	0.116935	0
3.64189	0.000939673	0.617438	0.10057	0
3.6421	0.000986685	0.967877	0.127844	0
3.64284	0.000980118	0.750939	0.110798	0
3.64134	0.000988766	0.717564	0.108412	0
3.64077	0.000924977	0.750939	0.110798	0
3.64222	0.000970234	0.901126	0.121366	0
3.64158	0.00095866	0.817689	0.115571	0
3.64071	0.000964902	0.851064	0.117957	0
3.64207	0.000969324	0.734251	0.109775	0
3.64118	0.000954108	0.684189	0.108412	0
3.6388	0.000927383	0.500626	0.0906839	0
3.63784	0.000923611	0.483938	0.0893202	0
3.63934	0.000921791	0.784314	0.113184	0
3.63985	0.000921271	0.750939	0.110798	0
3.64066	0.00097186	0.717564	0.108412	0
3.64014	0.000936226	0.634126	0.101934	0
3.63997	0.000944614	0.667501	0.107389	0
3.63988	0.000950532	0.767626	0.112162	0
3.639	0.000922636	0.650814	0.103298	0
3.63956	0.000923546	0.684189	0.106025	0
3.63981	0.000942599	0.567376	0.0964795	0
3.63911	0.00093408	0.734251	0.109775	0
3.64017	0.000948971	0.634126	0.101934	0
3.64021	0.000961001	0.817689	0.115571	0
3.6393	0.000950792	0.617438	0.10057	0
3.63919	0.000982329	0.483938	0.0893202	0
3.6395	0.000949101	0.717564	0.108412	0
3.64012	0.000954043	0.600751	0.102275	0
3.64034	0.000930959	0.684189	0.106025	0
3.64043	0.000936876	0.517313	0.0923885	0
3.64058	0.00093187	0.584063	0.0981841	0
3.64003	0.000944159	0.734251	0.112162	0
3.64042	0.000916134	0.834376	0.116935	0
3.64116	0.000936031	0.667501	0.107389	0
3.63995	0.000948711	0.700876	0.107048	0
3.64002	0.000977322	0.934501	0.123412	0
3.63906	0.000935511	0.550688	0.0951158	0
3.63804	0.000924457	0.650814	0.103298	0
3.63825	0.000929464	0.617438	0.103639	0
3.63831	0.00094611	0.483938	0.0893202	0
3.64033	0.000957164	0.901126	0.123412	0
3.63972	0.00097121	0.617438	0.10057	0
3.63833	0.000920555	0.483938	0.0923885	0
3.63891	0.00093317	0.817689	0.115571	0
3.63993	0.000944354	0.650814	0.103298	0
3.63943	0.000934406	0.667501	0.104661	0
3.64011	0.000953198	0.617438	0.10057	0
3.64062	0.000966008	0.834376	0.11898	0
3.64032	0.000941038	0.467251	0.0879566	0
3.6396	0.000938242	0.684189	0.106025	0
3.64013	0.000963342	0.600751	0.0995477	0
3.64011	0.000944614	0.567376	0.0995477	0
3.63828	0.000923156	0.534001	0.0937522	0
3.63825	0.000917239	0.584063	0.103639	0
3.63885	0.000946955	0.617438	0.10057	0
3.63858	0.000917824	0.534001	0.0937522	0
3.64081	0.000956904	0.667501	0.104661	0
3.64075	0.000983564	0.634126	0.101934	0
3.63895	0.00096035	0.650814	0.106025	0
3.63905	0.000938957	0.450563	0.086252	0
3.63923	0.000926538	0.567376	0.0964795	0
3.63974	0.000938437	0.550688	0.0951158	0
3.63923	0.000925172	0.617438	0.10057	0
3.63833	0.00092101	0.534001	0.0937522	0
3.63859	0.000949621	0.734251	0.109775	0
3.63813	0.000919645	0.517313	0.0923885	0
3.6393	0.000948516	0.817689	0.115571	0
3.63995	0.000952222	0.600751	0.0995477	0
3.63809	0.000912427	0.634126	0.101934	0
3.63974	0.000962171	0.884439	0.122389	0
3.64118	0.000958855	0.567376	0.0964795	0
3.63952	0.000945005	0.700876	0.107048	0
3.6393	0.000930049	0.534001	0.0937522	0
3.63868	0.0009201	0.534001	0.0968204	0
3.639	0.000890254	0.483938	0.0893202	0
3.63951	0.000930179	0.667501	0.104661	0
3.64038	0.00090638	0.500626	0.0906839	0
3.63798	0.000876403	0.467251	0.0879566	0
3.63852	0.000922506	0.584063	0.0981841	0
3.63951	0.000914508	0.617438	0.10057	0
3.63827	0.000940778	0.534001	0.0937522	0
3.63902	0.000915613	0.584063	0.100911	0
3.63953	0.000956384	0.667501	0.104661	0
3.63818	0.000895651	0.417188	0.0831837	0
3.6364	0.000894025	0.450563	0.086252	0
3.63943	0.000930504	0.700876	0.109775	0
3.63966	0.000936161	0.567376	0.0964795	0
3.63682	0.000888108	0.584063	0.0981841	0
3.63902	0.000930764	0.600751	0.0995477	0
3.64034	0.000927188	0.467251	0.0879566	0
3.63891	0.00090781	0.567376	0.0964795	0
3.63875	0.000911842	0.517313	0.0923885	0
3.63838	0.000887588	0.567376	0.0964795	0
3.63803	0.000922896	0.550688	0.0951158	0
3.63819	0.000909891	0.417188	0.0831837	0
3.63813	0.000914963	0.650814	0.103298	0
3.6378	0.000902088	0.417188	0.0831837	0
3.63885	0.000896431	0.684189	0.106025	0
3.63834	0.000892465	0.517313	0.0923885	0
3.63873	0.000935966	0.517313	0.0923885	0
3.63939	0.000948646	0.617438	0.103639	0
3.63941	0.000900853	0.500626	0.0906839	0
3.63904	0.000892009	0.517313	0.0923885	0
3.64	0.000918605	0.734251	0.109775	0
3.63992	0.000929399	0.467251	0.0879566	0
3.63982	0.000942989	0.750939	0.110798	0
3.6397	0.000910151	0.634126	0.101934	0
3.63735	0.000905339	0.383813	0.0797746	0
3.63761	0.000869186	0.534001	0.0937522	0
3.63767	0.000877769	0.500626	0.0906839	0
3.63731	0.000905795	0.584063	0.0981841	0
3.63905	0.000912622	0.550688	0.0981841	0
3.64006	0.000937072	0.600751	0.102275	0
3.63896	0.000935186	0.550688	0.0951158	0
3.6383	0.000895196	0.433876	0.0845474	0
3.63914	0.000924327	0.667501	0.104661	0
3.64015	0.000900788	0.450563	0.086252	0
3.63981	0.000930504	0.734251	0.109775	0
3.63953	0.000911127	0.534001	0.0937522	0
3.63896	0.000871852	0.467251	0.0879566	0
3.63952	0.000911062	0.600751	0.0995477	0
3.64014	0.000902869	0.650814	0.103298	0
3.63898	0.000888498	0.400501	0.0814791	0
3.63839	0.000884922	0.467251	0.0879566	0
3.63874	0.000903129	0.617438	0.10057	0
3.64002	0.00091958	0.584063	0.0981841	0
3.63943	0.000877119	0.483938	0.0893202	0
3.63882	0.000875298	0.550688	0.0951158	0
3.63806	0.000863594	0.483938	0.0893202	0
3.63907	0.000884402	0.400501	0.0814791	0
3.63971	0.000901958	0.584063	0.0981841	0
3.63858	0.00094728	0.517313	0.0923885	0
3.63811	0.000872567	0.383813	0.0797746	0
3.63889	0.000902218	0.534001	0.0937522	0
3.63931	0.000952873	0.667501	0.107389	0
3.63757	0.000904299	0.317063	0.0726153	0
3.63805	0.000884402	0.467251	0.0879566	0
3.63981	0.000915808	0.634126	0.101934	0
3.63912	0.00093421	0.567376	0.0964795	0
3.63837	0.000905925	0.500626	0.0906839	0
3.63954	0.000889603	0.600751	0.0995477	0
3.63997	0.000908591	0.550688	0.0981841	0
3.63944	0.000927773	0.534001	0.0937522	0
3.63829	0.000878029	0.450563	0.086252	0
3.63913	0.000888173	0.534001	0.0937522	0
3.64069	0.000918474	0.600751	0.0995477	0
3.63945	0.000903324	0.383813	0.0797746	0
3.63884	0.00087972	0.433876	0.0845474	0
3.63929	0.000888433	0.467251	0.0910248	0
3.6396	0.000898122	0.333751	0.0743199	0
3.63862	0.000883491	0.417188	0.086252	0
3.63909	0.000897276	0.383813	0.0831837	0
3.6401	0.000883361	0.517313	0.0923885	0
3.63996	0.000884206	0.383813	0.0797746	0
3.63942	0.000902088	0.467251	0.0879566	0
3.63966	0.0008673	0.467251	0.0879566	0
3.63915	0.000892595	0.500626	0.0906839	0
3.63956	0.000881085	0.500626	0.0906839	0
3.64015	0.00087998	0.483938	0.0893202	0
3.64036	0.000883946	0.584063	0.0981841	0
3.64074	0.000912232	0.567376	0.0964795	0
3.6398	0.000897667	0.450563	0.086252	0
3.63965	0.00088037	0.567376	0.0964795	0
3.64013	0.000890254	0.467251	0.0879566	0
3.63874	0.000889213	0.450563	0.086252	0
3.63947	0.000929594	0.383813	0.0797746	0
3.64047	0.000886417	0.600751	0.0995477	0
3.63984	0.000871462	0.483938	0.0893202	0
3.63998	0.000890384	0.367126	0.07807	0
3.64044	0.000855596	0.467251	0.0879566	0
3.64027	0.000849678	0.400501	0.0814791	0
3.63991	0.000873542	0.400501	0.0814791	0
3.63965	0.000881931	0.383813	0.0797746	0
3.63894	0.000848118	0.450563	0.0893202	0
3.63836	0.000852214	0.317063	0.0726153	0
3.63894	0.000894936	0.483938	0.0893202	0
3.64011	0.000881085	0.500626	0.0906839	0
3.63962	0.000875168	0.433876	0.0845474	0
3.63922	0.000905535	0.300375	0.0743199	0
3.64007	0.000861643	0.400501	0.0814791	0
3.64041	0.000867625	0.417188	0.086252	0
3.64086	0.000887458	0.450563	0.086252	0
3.64139	0.000884336	0.450563	0.086252	0
3.64052	0.000886677	0.400501	0.0814791	0
3.64002	0.000876924	0.433876	0.0845474	0
3.64036	0.000876794	0.350438	0.0760245	0
3.63926	0.000872892	0.417188	0.0831837	0
3.64035	0.000902934	0.483938	0.0893202	0
3.63995	0.000906965	0.467251	0.0879566	0
3.63955	0.000864309	0.400501	0.0814791	0
3.64005	0.000897471	0.483938	0.0893202	0
3.63977	0.00089461	0.517313	0.0923885	0
3.63897	0.000864504	0.317063	0.0726153	0
3.64013	0.000872632	0.383813	0.0797746	0
3.63979	0.000875818	0.367126	0.07807	0
3.64022	0.000918995	0.500626	0.0906839	0
3.64123	0.00089279	0.433876	0.0879566	0
3.64127	0.000885702	0.433876	0.0845474	0
3.63979	0.000891619	0.450563	0.0893202	0
3.63988	0.000874713	0.300375	0.0705698	0
3.6399	0.00085371	0.400501	0.0814791	0
3.6404	0.000876468	0.450563	0.086252	0
3.64117	0.000866975	0.550688	0.0951158	0
3.64084	0.000889083	0.500626	0.0906839	0
3.64017	0.000871267	0.367126	0.07807	0
3.64002	0.00086782	0.417188	0.086252	0
3.64013	0.000861773	0.300375	0.0705698	0
3.63986	0.000889213	0.383813	0.0797746	0
3.6417	0.000911582	0.500626	0.0906839	0
3.64107	0.000916459	0.467251	0.0879566	0
3.63989	0.000876924	0.433876	0.0845474	0
3.63955	0.000873672	0.383813	0.0797746	0
3.63999	0.000861123	0.467251	0.0879566	0
3.64141	0.000888173	0.534001	0.0937522	0
3.64157	0.000884206	0.350438	0.0760245	0
3.63922	0.000843826	0.350438	0.0760245	0
3.63895	0.000865934	0.567376	0.0964795	0
3.64053	0.000902543	0.534001	0.0937522	0
3.6412	0.000898187	0.483938	0.0893202	0
3.64129	0.000891229	0.483938	0.0893202	0
3.64047	0.000889148	0.500626	0.0906839	0
3.64076	0.000860667	0.367126	0.07807	0
3.63995	0.000858392	0.283688	0.0685243	0
3.64025	0.000847598	0.300375	0.0705698	0
3.64117	0.000850589	0.317063	0.0726153	0
3.64179	0.000861773	0.350438	0.0760245	0
3.64097	0.000872112	0.367126	0.07807	0
3.6413	0.000878614	0.367126	0.07807	0
3.64227	0.000882321	0.517313	0.0923885	0
3.64112	0.000871397	0.400501	0.0814791	0
3.64049	0.000840315	0.450563	0.086252	0
3.64072	0.000863073	0.433876	0.0879566	0
3.64071	0.00085358	0.383813	0.0797746	0
3.64129	0.000866195	0.317063	0.0726153	0
3.64165	0.000888433	0.550688	0.0951158	0
3.64084	0.000856246	0.350438	0.0760245	0
3.64006	0.000848638	0.283688	0.0685243	0
3.64081	0.000845907	0.300375	0.0705698	0
3.64228	0.000849223	0.500626	0.0906839	0
3.64167	0.000875428	0.450563	0.086252	0
3.64112	0.000874258	0.367126	0.07807	0
3.64074	0.000862748	0.500626	0.0906839	0
3.64131	0.000851564	0.367126	0.07807	0
3.64106	0.000838364	0.400501	0.0845474	0
3.64037	0.000823018	0.150188	0.0501148	0
3.6406	0.000856246	0.450563	0.086252	0
3.64094	0.000848638	0.333751	0.0743199	0
3.64165	0.000848248	0.367126	0.07807	0
3.64227	0.000864114	0.433876	0.0845474	0
3.64184	0.000851109	0.350438	0.0760245	0
3.64116	0.000820872	0.250313	0.0644333	0
3.64245	0.000835958	0.400501	0.0814791	0
3.64305	0.000852409	0.400501	0.0814791	0
3.64251	0.000878159	0.383813	0.0797746	0
3.64252	0.000880695	0.367126	0.07807	0
3.64244	0.000856116	0.350438	0.0760245	0
3.6436	0.000883816	0.483938	0.0893202	0
3.64371	0.000888368	0.550688	0.0951158	0
3.64185	0.000870746	0.283688	0.0685243	0
3.64154	0.000875103	0.367126	0.07807	0
3.64107	0.000853385	0.350438	0.0760245	0
3.64079	0.000866585	0.333751	0.0743199	0
3.64193	0.000847858	0.367126	0.07807	0
3.64281	0.000863399	0.450563	0.0893202	0
3.6423	0.000839079	0.400501	0.0814791	0
3.64229	0.000843891	0.300375	0.0705698	0
3.6416	0.00086626	0.216938	0.0600014	0
3.64219	0.000839404	0.367126	0.07807	0
3.64236	0.000844997	0.367126	0.07807	0
3.64271	0.000855596	0.367126	0.07807	0
3.6424	0.000842851	0.300375	0.0705698	0
3.64267	0.000842461	0.383813	0.0797746	0
3.64346	0.000864829	0.383813	0.0831837	0
3.64282	0.000861838	0.367126	0.07807	0
3.64122	0.000844801	0.216938	0.0600014	0
3.64299	0.000856311	0.450563	0.086252	0
3.6434	0.000860928	0.400501	0.0814791	0
3.64181	0.000850394	0.283688	0.0685243	0
3.64297	0.000840965	0.300375	0.0743199	0
3.64298	0.000862228	0.317063	0.0726153	0
3.64199	0.000839274	0.250313	0.0644333	0
3.64176	0.000838234	0.333751	0.0743199	0
3.64375	0.000864764	0.283688	0.0685243	0
3.64324	0.000845387	0.367126	0.07807	0
3.64197	0.000829846	0.383813	0.0797746	0
3.64271	0.000837454	0.317063	0.0726153	0
3.64263	0.000849093	0.250313	0.0644333	0
3.64238	0.000862033	0.367126	0.0814791	0
3.64375	0.000858782	0.250313	0.0644333	0
3.64316	0.000840445	0.250313	0.0644333	0
3.64271	0.00085345	0.383813	0.0797746	0
3.64397	0.000842656	0.333751	0.0743199	0
3.64333	0.000828155	0.333751	0.0743199	0
3.64323	0.000877574	0.417188	0.0831837	0
3.64312	0.000856766	0.267	0.0664788	0
3.6443	0.000851694	0.383813	0.0797746	0
3.64467	0.000849548	0.433876	0.0845474	0
3.64333	0.000835763	0.183563	0.0552285	0
3.64374	0.000855661	0.333751	0.0743199	0
3.64491	0.00086678	0.483938	0.0893202	0
3.64515	0.000859172	0.367126	0.07807	0
3.6443	0.000847923	0.433876	0.0845474	0
3.64448	0.00085488	0.333751	0.0743199	0
3.64466	0.000868991	0.450563	0.086252	0
3.64411	0.000845387	0.233625	0.0623878	0
3.64357	0.000857741	0.317063	0.0726153	0
3.64443	0.000878159	0.400501	0.0814791	0
3.64503	0.000871787	0.400501	0.0814791	0
3.64377	0.000858327	0.333751	0.0743199	0
3.64395	0.000849873	0.216938	0.0600014	0
3.64435	0.000842851	0.383813	0.0797746	0
3.64355	0.000844541	0.283688	0.0685243	0
3.64391	0.000883491	0.450563	0.086252	0
3.64531	0.000846687	0.367126	0.07807	0
3.64483	0.000857286	0.250313	0.0644333	0
3.64433	0.000890319	0.417188	0.0831837	0
3.64619	0.000896886	0.333751	0.0743199	0
3.64513	0.000848378	0.350438	0.0760245	0
3.64537	0.00085527	0.267	0.0664788	0
3.64538	0.000843046	0.283688	0.0685243	0
3.64452	0.000812289	0.350438	0.0760245	0
3.64525	0.000835828	0.250313	0.0644333	0
3.64472	0.000821913	0.216938	0.0600014	0
3.64521	0.000842851	0.283688	0.0685243	0
3.64543	0.000820287	0.283688	0.0685243	0
3.64537	0.000833682	0.300375	0.0705698	0
3.64541	0.000845127	0.333751	0.0743199	0
3.64576	0.000852669	0.350438	0.0760245	0
3.64664	0.000837584	0.367126	0.07807	0
3.64565	0.000848833	0.350438	0.0760245	0
3.64501	0.000818857	0.300375	0.0705698	0
3.64555	0.000825359	0.250313	0.0644333	0
3.64562	0.000845647	0.400501	0.0814791	0
3.64461	0.000837454	0.216938	0.0600014	0
3.64547	0.000814435	0.433876	0.0845474	0
3.64596	0.000822693	0.216938	0.0600014	0
3.64554	0.000822108	0.267	0.0664788	0
3.64582	0.000830886	0.267	0.0664788	0
3.64609	0.000882386	0.400501	0.0814791	0
3.64689	0.000852669	0.283688	0.0685243	0
3.64602	0.000875298	0.267	0.0664788	0
3.64559	0.000821067	0.250313	0.0644333	0
3.64564	0.000829326	0.300375	0.0705698	0
3.64605	0.00086613	0.333751	0.0743199	0
3.64734	0.000856181	0.467251	0.0879566	0
3.64689	0.000849223	0.283688	0.0685243	0
3.64622	0.000837129	0.333751	0.0743199	0
3.64601	0.000823668	0.250313	0.0644333	0
3.64689	0.00085527	0.317063	0.0726153	0
3.64718	0.000844606	0.250313	0.0644333	0
3.646	0.000817881	0.267	0.0664788	0
3.64687	0.000853255	0.433876	0.0845474	0
3.64685	0.000855726	0.166875	0.0525012	0
3.64574	0.000816191	0.166875	0.0525012	0
3.64673	0.000831146	0.317063	0.0726153	0
3.6472	0.000837844	0.216938	0.0600014	0
3.6464	0.000824059	0.300375	0.0705698	0
3.6464	0.000830366	0.367126	0.07807	0
3.64701	0.000826725	0.250313	0.0644333	0
3.64655	0.000820157	0.183563	0.0552285	0
3.64761	0.000852865	0.317063	0.0726153	0
3.64711	0.000836218	0.267	0.0664788	0
3.64566	0.000854165	0.367126	0.07807	0
3.64766	0.000846817	0.433876	0.0845474	0
3.64768	0.000854295	0.183563	0.0552285	0
3.64672	0.000844346	0.367126	0.07807	0
3.64838	0.000844151	0.500626	0.0906839	0
3.64786	0.000851174	0.216938	0.0644333	0
3.64674	0.000834723	0.283688	0.0685243	0
3.64721	0.000846557	0.317063	0.0763654	0
3.64824	0.000831927	0.283688	0.0685243	0
3.64668	0.000838299	0.333751	0.0743199	0
3.64753	0.00082822	0.233625	0.0623878	0
3.64823	0.000837194	0.383813	0.0797746	0
3.64866	0.000843241	0.367126	0.07807	0
3.64824	0.000850719	0.333751	0.0743199	0
3.64689	0.000812614	0.250313	0.0644333	0
3.64688	0.000833227	0.267	0.0664788	0
3.64702	0.000819702	0.183563	0.0552285	0
3.64757	0.000852214	0.267	0.0664788	0
3.64774	0.000817816	0.233625	0.0623878	0
3.64701	0.000810663	0.283688	0.0685243	0
3.64872	0.000838234	0.400501	0.0814791	0
3.64912	0.000832122	0.267	0.0664788	0
3.64862	0.000849613	0.367126	0.07807	0
3.6485	0.000852149	0.283688	0.0685243	0
3.6478	0.000833292	0.283688	0.0685243	0
3.64718	0.000822368	0.216938	0.0600014	0
3.64847	0.000837194	0.183563	0.0552285	0
3.6494	0.000812289	0.216938	0.0600014	0
3.64925	0.000851629	0.350438	0.0760245	0
3.64873	0.000840445	0.20025	0.057615	0
3.64838	0.000826139	0.267	0.0664788	0
3.64855	0.000817881	0.150188	0.0501148	0
3.64929	0.000824189	0.300375	0.0705698	0
3.64987	0.000842916	0.233625	0.0623878	0
3.64895	0.000843696	0.317063	0.0726153	0
3.64939	0.000833422	0.317063	0.0726153	0
3.64976	0.000847272	0.267	0.0664788	0
3.64945	0.0008673	0.333751	0.0743199	0
3.64929	0.000823603	0.183563	0.0552285	0
3.64968	0.000824449	0.283688	0.0685243	0
3.64991	0.000822433	0.250313	0.0644333	0
3.64969	0.000803901	0.216938	0.0600014	0
3.64944	0.000820287	0.250313	0.0685243	0
3.64974	0.000830756	0.283688	0.0685243	0
3.65001	0.000844281	0.283688	0.0685243	0
3.65014	0.000827115	0.250313	0.0644333	0
3.64925	0.000829651	0.20025	0.057615	0
3.6504	0.000816971	0.250313	0.0644333	0
3.65024	0.000834983	0.250313	0.0644333	0
3.6494	0.000830561	0.283688	0.0726153	0
3.64964	0.000819507	0.317063	0.0726153	0
3.64982	0.000835438	0.283688	0.0685243	0
3.65052	0.000854425	0.283688	0.0685243	0
3.64969	0.000803316	0.267	0.0664788	0
3.64977	0.000812354	0.116813	0.0439783	0
3.64966	0.000816126	0.250313	0.0644333	0
3.64991	0.000821718	0.166875	0.0525012	0
3.65061	0.000832967	0.267	0.0664788	0
3.65122	0.000843826	0.250313	0.0644333	0
3.65041	0.00081346	0.216938	0.0600014	0
3.65192	0.000830366	0.333751	0.07807	0
3.65161	0.000830691	0.233625	0.0623878	0
3.6506	0.000810013	0.20025	0.057615	0
3.65072	0.000817816	0.20025	0.057615	0
3.65156	0.000819442	0.233625	0.0623878	0
3.65336	0.000831666	0.400501	0.0814791	0
3.6526	0.000860342	0.317063	0.0726153	0
3.65044	0.000830366	0.233625	0.0623878	0
3.65063	0.000798699	0.233625	0.0623878	0
3.65168	0.000793432	0.216938	0.0600014	0
3.65198	0.000842981	0.417188	0.0893202	0
3.65199	0.000845517	0.233625	0.0623878	0
3.65092	0.000809298	0.300375	0.0705698	0
3.65096	0.000820677	0.317063	0.0763654	0
3.65098	0.000822368	0.183563	0.0552285	0
3.6502	0.000830431	0.20025	0.057615	0
3.65095	0.000833357	0.166875	0.0525012	0
3.65093	0.000810598	0.283688	0.0685243	0
3.65145	0.00081476	0.250313	0.0644333	0
3.65283	0.000819962	0.367126	0.07807	0
3.65205	0.000833422	0.1335	0.0470465	0
3.65254	0.000820092	0.400501	0.0814791	0
3.65321	0.000839144	0.317063	0.0726153	0
3.65202	0.000832447	0.233625	0.0623878	0
3.65205	0.000833747	0.317063	0.0726153	0
3.6533	0.000836413	0.233625	0.0623878	0
3.65282	0.000828025	0.267	0.0664788	0
3.6523	0.000824319	0.283688	0.0685243	0
3.65378	0.000818336	0.216938	0.0600014	0
3.65218	0.000816711	0.150188	0.0501148	0
3.65226	0.000816321	0.267	0.0664788	0
3.65308	0.000813134	0.150188	0.0501148	0
3.65331	0.000812549	0.183563	0.0552285	0
3.65202	0.000798634	0.216938	0.0600014	0
3.65195	0.000798894	0.20025	0.057615	0
3.65266	0.000819182	0.250313	0.0644333	0
3.65223	0.000802015	0.20025	0.057615	0
3.6526	0.000835113	0.216938	0.0600014	0
3.65298	0.000807607	0.267	0.0664788	0
3.65173	0.000812419	0.116813	0.0501148	0
3.65281	0.000819897	0.267	0.0664788	0
3.65322	0.000805396	0.283688	0.0685243	0
3.65378	0.000826009	0.250313	0.0644333	0
3.65336	0.000808193	0.116813	0.0439783	0
3.65296	0.000788945	0.183563	0.0552285	0
3.65411	0.000799414	0.233625	0.0623878	0
3.65448	0.000837714	0.367126	0.07807	0
3.65414	0.000807997	0.233625	0.0623878	0
3.65331	0.000792522	0.20025	0.057615	0
3.65274	0.000809363	0.233625	0.0623878	0
3.65422	0.000817881	0.20025	0.057615	0
3.6542	0.000817946	0.183563	0.0552285	0
3.65545	0.000811834	0.250313	0.0644333	0
3.65417	0.000797724	0.183563	0.0552285	0
3.65331	0.000817491	0.20025	0.057615	0
3.65419	0.00081463	0.216938	0.0600014	0
3.65542	0.000842721	0.317063	0.0726153	0
3.65448	0.000816061	0.183563	0.0552285	0
3.65356	0.000804161	0.150188	0.0552285	0
3.65398	0.000811509	0.150188	0.0501148	0
3.65466	0.000818011	0.20025	0.057615	0
3.65446	0.000816841	0.183563	0.0552285	0
3.65496	0.000848378	0.333751	0.0743199	0
3.65427	0.000810403	0.116813	0.0439783	0
3.65419	0.000790376	0.150188	0.0501148	0
3.65515	0.000804811	0.216938	0.0600014	0
3.65602	0.000802665	0.116813	0.0439783	0
3.65462	0.000805396	0.267	0.0664788	0
3.65535	0.000805461	0.267	0.0664788	0
3.65518	0.00080195	0.20025	0.057615	0
3.65526	0.000807282	0.216938	0.0600014	0
3.65567	0.000816126	0.233625	0.0623878	0
3.65619	0.000837584	0.250313	0.0644333	0
3.65621	0.000799934	0.183563	0.0552285	0
3.65555	0.000825684	0.166875	0.0525012	0
3.65575	0.000810143	0.20025	0.057615	0
3.65611	0.000803186	0.333751	0.0743199	0
3.65523	0.000826399	0.183563	0.0552285	0
3.65582	0.000804226	0.216938	0.0600014	0
3.65734	0.000804161	0.20025	0.057615	0
3.6558	0.000816516	0.0834376	0.0371599	0
3.65574	0.000778476	0.216938	0.0600014	0
3.65644	0.000792652	0.183563	0.0552285	0
3.65524	0.000805396	0.166875	0.0525012	0
3.65589	0.000812874	0.183563	0.0552285	0
3.65698	0.000818466	0.216938	0.0600014	0
3.65626	0.000815865	0.20025	0.057615	0
3.65525	0.000799999	0.166875	0.0525012	0
3.65697	0.000813655	0.350438	0.0760245	0
3.65759	0.00084064	0.233625	0.0623878	0
3.65646	0.000832122	0.300375	0.0705698	0
3.65687	0.000801105	0.300375	0.0705698	0
3.65668	0.000822043	0.216938	0.0600014	0
3.65786	0.000808778	0.20025	0.057615	0
3.658	0.000819312	0.333751	0.0743199	0
3.65724	0.000797659	0.166875	0.0525012	0
3.6573	0.000791026	0.20025	0.057615	0
3.65838	0.000821913	0.350438	0.0760245	0
3.65911	0.000841745	0.250313	0.0644333	0
3.65818	0.000837584	0.300375	0.0705698	0
3.65804	0.000795838	0.0667501	0.0334099	0
3.65829	0.000803121	0.183563	0.0552285	0
3.65807	0.000804031	0.267	0.0664788	0
3.65879	0.000818661	0.267	0.0664788	0
3.65791	0.000828545	0.283688	0.0685243	0
3.65824	0.000845777	0.233625	0.0623878	0
3.65844	0.000806502	0.1335	0.0470465	0
3.65805	0.000809038	0.166875	0.0525012	0
3.65806	0.000805722	0.20025	0.057615	0
3.6585	0.000824449	0.300375	0.0705698	0
3.65868	0.000844021	0.250313	0.0644333	0
3.65881	0.000803901	0.0834376	0.0371599	0
3.65866	0.000801365	0.283688	0.0685243	0
3.65827	0.000802665	0.150188	0.0501148	0
3.65766	0.000806892	0.333751	0.0743199	0
3.65845	0.000796943	0.20025	0.057615	0
3.65845	0.000790571	0.233625	0.0623878	0
3.65849	0.000818727	0.166875	0.0525012	0
3.65931	0.000817101	0.250313	0.0644333	0
3.65931	0.000807802	0.150188	0.0501148	0
3.65862	0.000791806	0.166875	0.0525012	0
3.65867	0.000791416	0.183563	0.0552285	0
3.65864	0.000790441	0.1335	0.0470465	0
3.65844	0.000804356	0.166875	0.0525012	0
3.65902	0.000785499	0.20025	0.057615	0
3.65988	0.000793627	0.20025	0.057615	0
3.65942	0.000784198	0.150188	0.0501148	0
3.66005	0.000787385	0.183563	0.0552285	0
3.66051	0.000798439	0.216938	0.0600014	0
3.65987	0.000786279	0.0834376	0.0371599	0
3.66011	0.000803121	0.267	0.0664788	0
3.66048	0.000823148	0.267	0.0664788	0
3.66053	0.000804486	0.267	0.0664788	0
3.66039	0.0008277	0.233625	0.0623878	0
3.66016	0.000799544	0.183563	0.0552285	0
3.66016	0.000803316	0.166875	0.0525012	0
3.65941	0.000790896	0.116813	0.0439783	0
3.65984	0.000783223	0.1335	0.0470465	0
3.6597	0.000768853	0.150188	0.0501148	0
3.65961	0.000806047	0.116813	0.0439783	0
3.65952	0.000787775	0.1335	0.0470465	0
3.65909	0.000784654	0.20025	0.057615	0
3.65871	0.000784589	0.0667501	0.0334099	0
3.65996	0.000804421	0.216938	0.0600014	0
3.66161	0.000806957	0.183563	0.0552285	0
3.66107	0.000802665	0.216938	0.0600014	0
3.66146	0.000815085	0.267	0.0664788	0
3.66184	0.000795253	0.183563	0.0552285	0
3.66122	0.000792066	0.233625	0.0623878	0
3.6611	0.000820027	0.100125	0.04091	0
3.66069	0.000817166	0.116813	0.0439783	0
3.66183	0.000791676	0.1335	0.0470465	0
3.66128	0.000792131	0.250313	0.0644333	0
3.66234	0.000793627	0.166875	0.0525012	0
3.66223	0.000820352	0.166875	0.0525012	0
3.66151	0.000818271	0.216938	0.0600014	0
3.6625	0.000779582	0.216938	0.0600014	0
3.66221	0.000791806	0.216938	0.0600014	0
3.66099	0.000796878	0.166875	0.0525012	0
3.6615	0.000798504	0.150188	0.0501148	0
3.66237	0.000777436	0.116813	0.0439783	0
3.66108	0.000769698	0.1335	0.0470465	0
3.6623	0.000808778	0.1335	0.0470465	0
3.66213	0.000785499	0.166875	0.0525012	0
3.66135	0.000799089	0.150188	0.0501148	0
3.66254	0.000818531	0.216938	0.0600014	0
3.66255	0.000795448	0.20025	0.057615	0
3.6623	0.000795448	0.116813	0.0439783	0
3.66191	0.00080221	0.0667501	0.0334099	0
3.66224	0.00077594	0.1335	0.0470465	0
3.66225	0.000795708	0.166875	0.0525012	0
3.66238	0.000799284	0.183563	0.0552285	0
3.66304	0.00081593	0.233625	0.0623878	0
3.66357	0.000795838	0.100125	0.04091	0
3.66367	0.000827375	0.20025	0.057615	0
3.6648	0.000797789	0.20025	0.057615	0
3.66452	0.000796423	0.116813	0.0439783	0
3.66329	0.000785239	0.150188	0.0501148	0
3.66415	0.000789791	0.183563	0.0552285	0
3.66405	0.000793172	0.150188	0.0501148	0
3.66404	0.000792457	0.20025	0.057615	0
3.66444	0.000797333	0.166875	0.0525012	0
3.66437	0.000811184	0.233625	0.0623878	0
3.6638	0.000791221	0.0834376	0.0371599	0
3.66372	0.000803641	0.116813	0.0439783	0
3.66317	0.000785954	0.150188	0.0501148	0
3.66393	0.00078888	0.250313	0.0685243	0
3.66408	0.000796813	0.150188	0.0501148	0
3.66386	0.000777111	0.183563	0.0552285	0
3.66421	0.000799479	0.183563	0.0552285	0
3.66482	0.000803771	0.350438	0.0760245	0
3.66535	0.000807867	0.1335	0.0470465	0
3.66418	0.000795643	0.183563	0.0552285	0
3.6645	0.000808908	0.150188	0.0501148	0
3.66427	0.000786734	0.100125	0.04091	0
3.66431	0.000766317	0.150188	0.0501148	0
3.6653	0.000799479	0.150188	0.0501148	0
3.66504	0.000790441	0.100125	0.04091	0
3.66414	0.000794082	0.150188	0.0501148	0
3.66523	0.000798569	0.233625	0.0623878	0
3.66587	0.000797203	0.1335	0.0470465	0
3.6658	0.00081489	0.216938	0.0600014	0
3.66618	0.000806957	0.116813	0.0439783	0
3.66576	0.000798049	0.216938	0.0600014	0
3.6653	0.000784784	0.166875	0.0525012	0
3.66697	0.00081398	0.233625	0.0623878	0
3.66648	0.00078784	0.183563	0.0552285	0
3.66517	0.000773209	0.116813	0.0439783	0
3.6653	0.000786149	0.1335	0.0470465	0
3.66554	0.000803316	0.166875	0.0525012	0
3.66532	0.000802145	0.166875	0.0525012	0
3.66557	0.000790311	0.116813	0.0439783	0
3.66622	0.000793432	0.166875	0.0525012	0
3.66604	0.000807412	0.150188	0.0501148	0
3.66609	0.000784458	0.1335	0.0470465	0
3.66686	0.000802535	0.183563	0.0552285	0
3.66633	0.00078732	0.116813	0.0439783	0
3.66665	0.000797008	0.20025	0.057615	0
3.66653	0.000818531	0.20025	0.057615	0
3.66614	0.000807737	0.150188	0.0501148	0
3.66674	0.000778151	0.1335	0.0470465	0
3.66723	0.000788945	0.150188	0.0501148	0
3.66723	0.000781662	0.100125	0.04091	0
3.66746	0.000792977	0.166875	0.0525012	0
3.66693	0.000780557	0.100125	0.04091	0
3.66748	0.000769698	0.150188	0.0501148	0
3.66823	0.000795513	0.116813	0.0439783	0
3.66701	0.000779777	0.150188	0.0501148	0
3.66792	0.000798894	0.166875	0.0525012	0
3.6678	0.000786799	0.100125	0.04091	0
3.66721	0.000792391	0.166875	0.057615	0
3.66812	0.000789335	0.100125	0.04091	0
3.66827	0.000793107	0.183563	0.0552285	0
3.66799	0.000801495	0.116813	0.0439783	0
3.66809	0.000803901	0.1335	0.0470465	0
3.66768	0.000789921	0.166875	0.0525012	0
3.66724	0.000798049	0.183563	0.0552285	0
3.66817	0.000784914	0.1335	0.0470465	0
3.66714	0.000788815	0.1335	0.0470465	0
3.66784	0.000793107	0.183563	0.0552285	0
3.66869	0.000790246	0.183563	0.0552285	0
3.66846	0.000796358	0.0834376	0.0371599	0
3.66991	0.000797203	0.20025	0.057615	0
3.66966	0.000803446	0.333751	0.0743199	0
3.66904	0.000809623	0.20025	0.057615	0
3.66914	0.000815735	0.166875	0.0525012	0
3.67008	0.000809363	0.20025	0.057615	0
3.67057	0.000805852	0.20025	0.057615	0
3.67063	0.000837259	0.166875	0.0525012	0
3.67083	0.000800845	0.100125	0.04091	0
3.66984	0.000790376	0.183563	0.0552285	0
3.67042	0.000805787	0.150188	0.0501148	0
3.67005	0.000792587	0.183563	0.0552285	0
3.6695	0.000770153	0.1335	0.0470465	0
3.66928	0.000764106	0.1335	0.0470465	0
3.67089	0.000799154	0.183563	0.0552285	0
3.67158	0.000789595	0.183563	0.0552285	0
3.67022	0.000790636	0.166875	0.0525012	0
3.67044	0.000797268	0.1335	0.0470465	0
3.67019	0.000791546	0.317063	0.0726153	0
3.67047	0.000803771	0.20025	0.057615	0
3.67034	0.000804551	0.166875	0.0525012	0
3.66975	0.000788945	0.150188	0.0501148	0
3.66978	0.000773534	0.0834376	0.0371599	0
3.66999	0.000795123	0.150188	0.0501148	0
3.67016	0.000793692	0.1335	0.0470465	0
3.66962	0.000787385	0.166875	0.0525012	0
3.67101	0.000777176	0.150188	0.0501148	0
3.67127	0.000776265	0.183563	0.0552285	0
3.67053	0.00077594	0.150188	0.0501148	0
3.67081	0.000807282	0.233625	0.0664788	0
3.67199	0.000826009	0.116813	0.0439783	0
3.67183	0.000807932	0.116813	0.0439783	0
3.67074	0.000792717	0.20025	0.057615	0
3.67173	0.000831081	0.1335	0.0470465	0
3.67127	0.000790441	0.116813	0.0439783	0
3.67158	0.00077438	0.216938	0.0600014	0
3.67249	0.000752791	0.116813	0.0439783	0
3.67068	0.000760724	0.0667501	0.0334099	0
3.67164	0.000781662	0.1335	0.0470465	0
3.67188	0.000778216	0.100125	0.04091	0
3.67177	0.000791611	0.183563	0.0552285	0
3.6727	0.000784068	0.116813	0.0439783	0
3.67132	0.000779387	0.0667501	0.0334099	0
3.67198	0.000772104	0.150188	0.0501148	0
3.67292	0.000785499	0.166875	0.0525012	0
3.67179	0.000776786	0.100125	0.04091	0
3.67146	0.000794472	0.20025	0.057615	0
3.67293	0.000793952	0.150188	0.0501148	0
3.6718	0.000809688	0.1335	0.0470465	0
3.67195	0.00078901	0.150188	0.0501148	0
3.67249	0.000779777	0.0834376	0.0371599	0
3.67219	0.000786149	0.0667501	0.0334099	0
3.67357	0.000785824	0.216938	0.0600014	0
3.67356	0.00076339	0.166875	0.0525012	0
3.67253	0.000798634	0.116813	0.0439783	0
3.67312	0.000784068	0.116813	0.0439783	0
3.6741	0.000798829	0.183563	0.0552285	0
3.67346	0.000766642	0.0834376	0.0371599	0
3.67296	0.000767552	0.0834376	0.0371599	0
3.6737	0.000765601	0.100125	0.04091	0
3.67369	0.000776525	0.1335	0.0470465	0
3.67322	0.000777696	0.150188	0.0501148	0
3.67364	0.000783028	0.116813	0.0439783	0
3.67437	0.000769178	0.1335	0.0470465	0
3.67416	0.000807022	0.20025	0.057615	0
3.67344	0.000785954	0.0667501	0.0334099	0
3.67313	0.000772819	0.100125	0.04091	0
3.67441	0.000785109	0.216938	0.0600014	0
3.67483	0.000787255	0.0834376	0.0371599	0
3.67369	0.000796228	0.183563	0.0552285	0
3.67494	0.00081385	0.183563	0.0552285	0
3.67509	0.000807997	0.1335	0.0470465	0
3.67471	0.000809493	0.150188	0.0501148	0
3.67447	0.000786929	0.150188	0.0501148	0
3.67394	0.00077607	0.0834376	0.0371599	0
3.67493	0.000789921	0.100125	0.04091	0
3.67551	0.000798439	0.20025	0.057615	0
3.6742	0.000792587	0.0834376	0.0371599	0
3.67447	0.000770283	0.116813	0.0439783	0
3.67441	0.00078797	0.116813	0.0439783	0
3.67552	0.000770868	0.116813	0.0439783	0
3.6758	0.000777566	0.116813	0.0439783	0
3.67545	0.000789725	0.100125	0.04091	0
3.67508	0.000793432	0.0834376	0.0371599	0
3.67536	0.000766967	0.1335	0.0470465	0
3.67522	0.000766967	0.0834376	0.0371599	0
3.67576	0.000782963	0.1335	0.0470465	0
3.67593	0.000797919	0.166875	0.0525012	0
3.67619	0.000781923	0.150188	0.0501148	0
3.6763	0.000777371	0.1335	0.0470465	0
3.6758	0.000781402	0.116813	0.0439783	0
3.67616	0.000777371	0.183563	0.0552285	0
3.67663	0.000781402	0.116813	0.0439783	0
3.67586	0.000807347	0.150188	0.0501148	0
3.6755	0.000782703	0.100125	0.04091	0
3.67565	0.000763065	0.150188	0.0501148	0
3.67637	0.000776656	0.0667501	0.0334099	0
3.67584	0.000794732	0.116813	0.0439783	0
3.67633	0.000797333	0.150188	0.0501148	0
3.67699	0.000795838	0.100125	0.04091	0
3.67636	0.000792131	0.183563	0.0552285	0
3.67683	0.000799869	0.116813	0.0439783	0
3.6771	0.000766187	0.100125	0.04091	0
3.6758	0.000752856	0.116813	0.0439783	0
3.67635	0.000781532	0.100125	0.04091	0
3.67717	0.000789205	0.116813	0.0439783	0
3.67751	0.000793042	0.116813	0.0439783	0
3.67764	0.000803381	0.183563	0.0552285	0
3.6782	0.000806957	0.150188	0.0501148	0
3.67887	0.000791611	0.233625	0.0623878	0
3.67838	0.000785434	0.20025	0.057615	0
3.67817	0.000795838	0.116813	0.0439783	0
3.67911	0.000797789	0.20025	0.057615	0
3.67882	0.000785109	0.166875	0.0525012	0
3.67903	0.000785694	0.100125	0.04091	0
0	0	0	0	0
0	0	0	0	0
0	0	0	0	0
0	0	0	0	0
0	0	0	0	0
0	0	0	0	0
0	0	0	0	0
0	0	0	0	0
0	0	0	0	0
0	0	0	0	0
0	0	0	0	0
0	0	0	0	0
0	0	0	0	0
0	0	0	0	0
0	0	0	0	0
0	0	0	0	0
0	0	0	0	0
0	0	0	0	0
0	0	0	0	0
0	0	0	0	0
0	0	0	0	0
0	0	0	0	0
0	0	0	0	0
0	0	0	0	0
0	0	0	0	0
0	0	0	0	0
0	0	0	0	0
0	0	0	0	0
0	0	0	0	0
0	0	0	0	0
0	0	0	0	0
0	0	0	0	0
0	0	0	0	0
0	0	0	0	0
0	0	0	0	0
0	0	0	0	0
0	0	0	0	0
0	0	0	0	0
0	0	0	0	0
0	0	0	0	0
0	0	0	0	0
0	0	0	0	0
0	0	0	0	0
0	0	0	0	0
0	0	0	0	0
0	0	0	0	0
0	0	0	0	0
0	0	0	0	0
0	0	0	0	0
0	0	0	0	0
0	0	0	0	0
0	0	0	0	0
0	0	0	0	0
0	0	0	0	0
0	0	0	0	0
0	0	0	0	0
0	0	0	0	0
0	0	0	0	0
0	0	0	0	0
0	0	0	0	0
0	0	0	0	0
0	0	0	0	0
0	0	0	0	0
0	0	0	0	0
0	0	0	0	0
0	0	0	0	0
0	0	0	0	0
0	0	0	0	0
0	0	0	0	0
0	0	0	0	0
0	0	0	0	0
0	0	0	0	0
0	0	0	0	0
0	0	0	0	0
0	0	0	0	0
0	0	0	0	0
0	0	0	0	0
0	0	0	0	0
0	0	0	0	0
0	0	0	0	0
0	0	0	0	0
0	0	0	0	0
0	0	0	0	0
0	0	0	0	0
0	0	0	0	0
0	0	0	0	0
0	0	0	0	0
0	0	0	0	0
0	0	0	0	0
0	0	0	0	0
0	0	0	0	0
0	0	0	0	0
0	0	0	0	0
0	0	0	0	0
0	0	0	0	0
0	0	0	0	0
0	0	0	0	0
0	0	0	0	0
0	0	0	0	0
0	0	0	0	0
0	0	0	0	0
0	0	0	0	0
0	0	0	0	0
0	0	0	0	0
0	0	0	0	0
0	0	0	0	0
0	0	0	0	0
0	0	0	0	0
0	0	0	0	0
0	0	0	0	0
0	0	0	0	0
0	0	0	0	0
0	0	0	0	0
0	0	0	0	0
0	0	0	0	0
0	0	0	0	0
0	0	0	0	0
0	0	0	0	0
0	0	0	0	0
0	0	0	0	0
0	0	0	0	0
0	0	0	0	0
0	0	0	0	0
0	0	0	0	0
0	0	0	0	0
0	0	0	0	0
0	0	0	0	0
0	0	0	0	0
0	0	0	0	0
0	0	0	0	0
0	0	0	0	0
0	0	0	0	0
0	0	0	0	0
0	0	0	0	0
0	0	0	0	0
0	0	0	0	0
0	0	0	0	0
0	0	0	0	0
0	0	0	0	0
0	0	0	0	0
0	0	0	0	0
0	0	0	0	0
0	0	0	0	0
0	0	0	0	0
0	0	0	0	0
0	0	0	0	0
0	0	0	0	0
0	0	0	0	0
0	0	0	0	0
0	0	0	0	0
0	0	0	0	0
0	0	0	0	0
0	0	0	0	0
0	0	0	0	0
0	0	0	0	0
0	0	0	0	0
0	0	0	0	0
0	0	0	0	0
0	0	0	0	0
0	0	0	0	0
0	0	0	0	0
0	0	0	0	0
0	0	0	0	0
0	0	0	0	0
0	0	0	0	0
0	0	0	0	0
0	0	0	0	0
0	0	0	0	0
0	0	0	0	0
0	0	0	0	0
0	0	0	0	0
0	0	0	0	0
0	0	0	0	0
0	0	0	0	0
0	0	0	0	0
0	0	0	0	0
0	0	0	0	0
0	0	0	0	0
0	0	0	0	0
0	0	0	0	0
0	0	0	0	0
0	0	0	0	0
0	0	0	0	0
0	0	0	0	0
0	0	0	0	0
0	0	0	0	0
0	0	0	0	0
0	0	0	0	0
0	0	0	0	0
0	0	0	0	0
0	0	0	0	0
0	0	0	0	0
0	0	0	0	0
0	0	0	0	0
0	0	0	0	0
0	0	0	0	0
0	0	0	0	0
0	0	0	0	0
0	0	0	0	0
0	0	0	0	0
0	0	0	0	0
0	0	0	0	0
0	0	0	0	0
0	0	0	0	0
0	0	0	0	0
0	0	0	0	0
0	0	0	0	0
0	0	0	0	0
0	0	0	0	0
0	0	0	0	0
0	0	0	0	0
0	0	0	0	0
0	0	0	0	0
0	0	0	0	0
0	0	0	0	0
0	0	0	0	0
0	0	0	0	0
0	0	0	0	0
0	0	0	0	0
0	0	0	0	0
0	0	0	0	0
0	0	0	0	0
0	0	0	0	0
0	0	0	0	0
0	0	0	0	0
0	0	0	0	0
0	0	0	0	0
0	0	0	0	0
0	0	0	0	0
0	0	0	0	0
0	0	0	0	0
0	0	0	0	0
0	0	0	0	0
0	0	0	0	0
0	0	0	0	0
0	0	0	0	0
0	0	0	0	0
0	0	0	0	0
0	0	0	0	0
0	0	0	0	0
0	0	0	0	0
0	0	0	0	0
0	0	0	0	0
0	0	0	0	0
0	0	0	0	0
0	0	0	0	0
0	0	0	0	0
0	0	0	0	0
0	0	0	0	0
0	0	0	0	0
0	0	0	0	0
0	0	0	0	0
0	0	0	0	0
0	0	0	0	0
0	0	0	0	0
0	0	0	0	0
0	0	0	0	0
0	0	0	0	0
0	0	0	0	0
0	0	0	0	0
0	0	0	0	0
0	0	0	0	0
0	0	0	0	0
0	0	0	0	0
0	0	0	0	0
0	0	0	0	0
0	0	0	0	0
0	0	0	0	0
0	0	0	0	0
0	0	0	0	0
0	0	0	0	0
0	0	0	0	0
0	0	0	0	0
0	0	0	0	0
0	0	0	0	0
0	0	0	0	0
0	0	0	0	0
0	0	0	0	0
0	0	0	0	0
0	0	0	0	0
0	0	0	0	0
0	0	0	0	0
0	0	0	0	0
0	0	0	0	0
0	0	0	0	0
0	0	0	0	0
0	0	0	0	0
0	0	0	0	0
0	0	0	0	0
0	0	0	0	0
0	0	0	0	0
0	0	0	0	0
0	0	0	0	0
0	0	0	0	0
0	0	0	0	0
0	0	0	0	0
0	0	0	0	0
0	0	0	0	0
0	0	0	0	0
0	0	0	0	0
0	0	0	0	0
0	0	0	0	0
0	0	0	0	0
0	0	0	0	0
0	0	0	0	0
0	0	0	0	0
0	0	0	0	0
0	0	0	0	0
0	0	0	0	0
0	0	0	0	0
0	0	0	0	0
0	0	0	0	0
0	0	0	0	0
0	0	0	0	0
0	0	0	0	0
0	0	0	0	0
0	0	0	0	0
0	0	0	0	0
0	0	0	0	0
0	0	0	0	0
0	0	0	0	0
0	0	0	0	0
0	0	0	0	0
0	0	0	0	0
0	0	0	0	0
0	0	0	0	0
0	0	0	0	0
0	0	0	0	0
0	0	0	0	0
0	0	0	0	0
0	0	0	0	0
0	0	0	0	0
0	0	0	0	0
0	0	0	0	0
0	0	0	0	0
0	0	0	0	0
0	0	0	0	0
0	0	0	0	0
0	0	0	0	0
0	0	0	0	0
0	0	0	0	0
0	0	0	0	0
0	0	0	0	0
0	0	0	0	0
0	0	0	0	0
0	0	0	0	0
0	0	0	0	0
0	0	0	0	0
0	0	0	0	0
0	0	0	0	0
0	0	0	0	0
0	0	0	0	0
0	0	0	0	0
0	0	0	0	0
0	0	0	0	0
0	0	0	0	0
0	0	0	0	0
0	0	0	0	0
0	0	0	0	0
0	0	0	0	0
0	0	0	0	0
0	0	0	0	0
0	0	0	0	0
0	0	0	0	0
0	0	0	0	0
0	0	0	0	0
0	0	0	0	0
0	0	0	0	0
0	0	0	0	0
0	0	0	0	0
0	0	0	0	0
0	0	0	0	0
0	0	0	0	0
0	0	0	0	0
0	0	0	0	0
0	0	0	0	0
0	0	0	0	0
0	0	0	0	0
0	0	0	0	0
0	0	0	0	0
0	0	0	0	0
0	0	0	0	0
0	0	0	0	0
0	0	0	0	0
0	0	0	0	0
0	0	0	0	0
0	0	0	0	0
0	0	0	0	0
0	0	0	0	0
0	0	0	0	0
0	0	0	0	0
0	0	0	0	0
0	0	0	0	0
0	0	0	0	0
0	0	0	0	0
0	0	0	0	0
0	0	0	0	0
0	0	0	0	0
0	0	0	0	0
0	0	0	0	0
