a2610503.350193
Narit-cm 05/01/2026 03:05:02 05/01/2026 03:35:01 0045 0013.384714 0052.542598 00.0 00.0
0002386 0010 0000000 0010 05 0000000 0010 0000000 0010
1 0 1 01600 1 0000 3.75 00000.o 0 0 01 000 16 002386 0.500 BT0
1 2 1 02000 1 0000 3.75 00000.o 0 0 01 000 16 002386 0.500 S2A0
1 1 1 01600 1 0000 3.75 00000.o 0 0 00 000 00 002386 3.1746 BC0
1 3 1 02000 1 0000 3.75 00000.o 0 0 00 000 00 002386 3.1746 S2P0
1 5 0 01600 0 0000 1.00 00000.o 0 0 00 000 00 000000 0.000 OF0
0.000 .o Analog 0 	0.000 .o Analog StErr 0 	0.000 .o Photon Counting 0 	0.000 .o PC StErr 0 	0.000 .o Overflow Info 0 
28.8345	0.182622	173.898	0.889432	0
70.3602	0.428141	194.619	0.895611	0
285.152	2.29863	111.97	1.37208	0
473.838	0.0416031	0.854987	0.123237	0
473.457	0	0	0	0
473.457	0	0.519698	0.0957744	0
473.457	0	32.5566	0.722599	0
473.457	6.41655E-6	12.6069	0.526244	0
473.457	0	5.24728	0.361815	0
473.457	6.41655E-6	14.518	0.522812	0
473.457	0	48.6169	0.844463	0
473.457	0	114.166	1.05867	0
473.457	9.03555E-6	159.983	1.01164	0
473.457	0	130.662	1.05249	0
473.457	0	90.9807	0.929252	0
473.457	0	82.4141	0.896298	0
473.457	0	85.5993	0.886686	0
473.457	6.41655E-6	97.1333	0.930625	0
473.457	0	113.177	0.917924	0
473.457	0	118.541	0.914148	0
473.457	0	124.107	0.920327	0
473.457	0	142.079	0.902133	0
473.457	6.41655E-6	166.303	0.930282	0
473.457	0	179.464	0.886686	0
473.457	0	192.406	0.901103	0
473.457	0	196.077	0.887029	0
473.457	0	201.593	0.896641	0
473.457	0	205.549	0.853731	0
473.457	0	204.325	0.912432	0
473.457	6.41655E-6	205.314	0.878104	0
473.457	0	204.895	0.900074	0
473.457	0	202.28	0.905223	0
473.457	6.41655E-6	203.068	0.873298	0
473.766	0.0535705	202.129	0.906253	1
475.859	0.149453	199.614	0.895611	1
481.11	0.235221	201.039	0.891492	1
497.273	0.153662	200.721	0.871582	1
499.999	0.000575591	202.464	0.883253	1
500	0	201.928	0.868492	1
499.972	0.0133331	200.771	0.872955	1
498.802	0.114196	202.582	0.87982	1
491.691	0.369392	201.157	0.875701	1
463.754	0.638605	201.878	0.899387	1
418.142	0.675419	201.308	0.885313	1
372.791	0.672208	200.788	0.893551	0
327.805	0.69668	203.051	0.868149	0
281.792	0.685002	201.911	0.882566	0
237.498	0.644768	202.934	0.878104	0
196.485	0.595082	203.202	0.896984	0
159.504	0.537605	202.934	0.894924	0
127.647	0.478731	203.034	0.902133	0
100.683	0.414517	201.66	0.880164	0
78.1225	0.344497	200.972	0.869522	0
60.0525	0.280526	199.916	0.877074	0
46.1467	0.22564	196.53	0.873641	0
35.7195	0.178229	196.731	0.868835	0
28.0553	0.139118	197.083	0.862313	0
22.5587	0.106723	193.328	0.852015	0
18.7035	0.0829297	192.003	0.862656	0
16.0044	0.0674889	191.316	0.862656	0
14.1383	0.0564715	190.31	0.858194	0
12.8622	0.0479951	189.086	0.866089	0
12.0456	0.0429526	188.583	0.871238	0
11.5294	0.0383002	186.723	0.846522	0
11.189	0.0346841	186.287	0.867119	0
11.0046	0.0336926	184.392	0.842403	0
10.7672	0.0325271	184.174	0.826612	0
10.3662	0.0318752	181.626	0.874671	0
9.89481	0.0318586	180.855	0.852358	0
9.42708	0.0311917	178.676	0.847552	0
9.03091	0.0302081	175.742	0.826612	0
8.68879	0.0289207	176.027	0.847895	0
8.39829	0.0272871	173.965	0.869522	0
8.18197	0.0263617	171.886	0.862656	0
7.86898	0.0250164	170.528	0.84206	0
7.52772	0.02446	168.097	0.846866	0
7.33752	0.0227983	166.991	0.848925	0
7.22146	0.0232779	167.913	0.847209	0
7.04247	0.0233295	165.901	0.839314	0
6.82712	0.0231406	164.828	0.84206	0
6.71053	0.0222502	165.549	0.853731	0
6.66811	0.0214573	163.051	0.848582	0
6.66884	0.0210994	162.079	0.865059	0
6.73921	0.0215108	159.732	0.856821	0
6.77299	0.0211768	159.095	0.856821	0
6.77136	0.0206255	159.732	0.853731	0
6.86218	0.0207097	159.866	0.840687	0
7.05915	0.0217412	159.363	0.852358	0
7.26054	0.0217308	160.922	0.844806	0
7.4009	0.0216388	157.871	0.862313	0
7.4992	0.0213081	158.709	0.86094	0
7.6258	0.0208951	160.017	0.835537	0
7.73583	0.0211064	158.759	0.828672	0
7.75818	0.0212459	158.407	0.868835	0
7.74967	0.0204875	158.324	0.855791	0
7.71127	0.0202861	156.597	0.833478	0
7.61099	0.0204645	155.49	0.852015	0
7.50739	0.0202493	154.669	0.842403	0
7.24616	0.0203342	152.439	0.843433	0
6.81151	0.0191647	150.042	0.868835	0
6.5569	0.0178501	147.36	0.855448	0
6.49683	0.0177391	145.968	0.844806	0
6.42587	0.0170503	145.063	0.848239	0
6.41414	0.0161812	143.252	0.85888	0
6.45195	0.0162662	145.398	0.849612	0
6.46012	0.016	143.94	0.826956	0
6.48313	0.0160617	143.353	0.850985	0
6.49538	0.0159524	142.917	0.856821	0
6.48089	0.0158365	140.704	0.834164	0
6.50083	0.015767	140.302	0.824553	0
6.53975	0.0154382	141.123	0.845836	0
6.55281	0.0154586	140.067	0.860597	0
6.58027	0.015791	140.05	0.835881	0
6.62081	0.0155768	139.128	0.837597	0
6.62238	0.0155969	138.977	0.871582	0
6.63831	0.014855	138.24	0.825582	0
6.65148	0.0149327	139.48	0.832448	0
6.6591	0.0153843	138.944	0.849612	0
6.6862	0.0150482	139.195	0.87982	0
6.69012	0.0147681	136.832	0.850298	0
6.68191	0.0144664	136.53	0.825926	0
6.68875	0.0149739	135.557	0.833821	0
6.68164	0.0146261	136.597	0.851328	0
6.66259	0.0145642	133.462	0.847552	0
6.64203	0.0144193	134.535	0.845493	0
6.62775	0.0145889	132.707	0.857507	0
6.64549	0.0139295	133.127	0.833135	0
6.64347	0.0140088	133.009	0.849955	0
6.62914	0.0140933	132.624	0.83794	0
6.66353	0.0139574	131.433	0.837254	0
6.68276	0.0141605	132.557	0.838627	0
6.66609	0.0141812	131.97	0.856821	0
6.65484	0.0139494	129.271	0.859567	0
6.6489	0.0141491	130.277	0.822836	0
6.64131	0.0138474	129.271	0.854761	0
6.62753	0.0138594	129.271	0.845836	0
6.61159	0.0135138	127.142	0.842746	0
6.60287	0.0135165	128.466	0.830045	0
6.59704	0.0138597	127.443	0.856134	0
6.57904	0.0137892	126.287	0.864373	0
6.54623	0.0132794	126.085	0.854418	0
6.53779	0.0134497	125.918	0.818374	0
6.53609	0.0133494	124.107	0.839657	0
6.51331	0.0132361	124.308	0.834508	0
6.50236	0.0131586	125.331	0.84103	0
6.49418	0.0131982	122.481	0.863	0
6.48171	0.0130649	123.202	0.842746	0
6.46325	0.0130342	122.917	0.856477	0
6.44827	0.0129639	121.056	0.840687	0
6.43681	0.0129553	121.324	0.815284	0
6.41606	0.0126621	120.117	0.858194	0
6.38882	0.012931	118.324	0.869179	0
6.36441	0.0124284	118.961	0.847895	0
6.3386	0.0126343	119.581	0.848925	0
6.30794	0.0127639	115.775	0.859224	0
6.25876	0.0124448	115.289	0.855104	0
6.24231	0.0122325	116.362	0.859567	0
6.23635	0.0123314	115.407	0.858194	0
6.2008	0.0120736	114.082	0.824553	0
6.16823	0.0116155	113.294	0.855448	0
6.14396	0.0113431	111.802	0.846179	0
6.13711	0.0112874	112.422	0.86094	0
6.12173	0.0116172	112.389	0.835194	0
6.09183	0.011708	110.863	0.850642	0
6.06349	0.0115526	109.388	0.856821	0
6.02166	0.011516	108.298	0.849955	0
5.99015	0.01114	109.053	0.852015	0
5.98586	0.0112064	106.84	0.857851	0
5.95408	0.0109349	105.951	0.842746	0
5.90025	0.0108896	105.365	0.846179	0
5.8868	0.0106466	104.862	0.847209	0
5.87748	0.0108586	103.839	0.846179	0
5.84034	0.0107397	103.319	0.852701	0
5.81025	0.0104691	100.419	0.843433	0
5.79284	0.0104129	100.889	0.834851	0
5.76945	0.0102833	100.52	0.851672	0
5.73745	0.0100431	100.939	0.841373	0
5.70714	0.0102442	98.5918	0.844119	0
5.684	0.0101015	97.1836	0.836567	0
5.65671	0.0102603	96.798	0.843776	0
5.62806	0.00986826	95.4233	0.841716	0
5.61809	0.00998742	95.5909	0.835537	0
5.58625	0.00973751	94.2666	0.838284	0
5.53109	0.00948314	92.3386	0.836224	0
5.51037	0.00950042	91.7184	0.845149	0
5.50082	0.00937896	90.7293	0.836911	0
5.47465	0.0092158	90.1257	0.853045	0
5.46164	0.00923747	90.3269	0.829702	0
5.43792	0.00907791	89.0863	0.827985	0
5.40544	0.00910849	87.2925	0.832448	0
5.39574	0.00923021	87.6278	0.834851	0
5.3695	0.00902389	83.3697	0.840687	0
5.32745	0.00897623	84.0402	0.838284	0
5.30361	0.00871944	81.5591	0.830388	0
5.27662	0.00875983	81.1065	0.852701	0
5.24589	0.00848301	81.1065	0.82215	0
5.24208	0.00857159	80.1844	0.826612	0
5.22291	0.00849865	79.6479	0.809792	0
5.20132	0.00823577	79.2959	0.843776	0
5.18808	0.00831631	78.1056	0.820777	0
5.15143	0.00828259	76.5801	0.831075	0
5.11575	0.00826543	74.8701	0.796404	0
5.09954	0.00800288	75.1718	0.837597	0
5.08832	0.00795488	74.0319	0.823179	0
5.06977	0.00793793	73.1098	0.810821	0
5.05272	0.00801846	72.0201	0.811851	0
5.04169	0.00778799	70.1425	0.810821	0
5.02544	0.00786466	71.8022	0.810821	0
5.01416	0.00760557	69.4384	0.809448	0
4.9949	0.00757081	71.7016	0.832448	0
4.96262	0.00756086	67.3764	0.806016	0
4.94251	0.00733195	67.0746	0.804643	0
4.93758	0.00709841	67.1584	0.795717	0
4.92927	0.0070417	65.5155	0.779583	0
4.90403	0.00717684	65.0126	0.806702	0
4.88686	0.00713055	65.1132	0.805672	0
4.88183	0.00705303	63.487	0.82112	0
4.87129	0.00697407	63.1014	0.795031	0
4.85331	0.00711648	62.5314	0.795374	0
4.82842	0.00701335	60.855	0.769628	0
4.80103	0.00683035	58.8433	0.786449	0
4.79001	0.00679454	59.0444	0.775807	0
4.77975	0.00687789	58.1894	0.783703	0
4.75998	0.00661402	58.9774	0.781643	0
4.73995	0.00640575	56.5298	0.768255	0
4.72583	0.00638217	56.0436	0.773748	0
4.71986	0.00638276	56.1777	0.775807	0
4.70698	0.00640712	53.8977	0.765852	0
4.68241	0.00629437	52.6572	0.786449	0
4.65687	0.00616067	50.5113	0.75727	0
4.64884	0.00609297	53.378	0.749375	0
4.64981	0.00608125	51.9531	0.746285	0
4.63403	0.00596883	51.8022	0.765852	0
4.61416	0.00597021	50.1257	0.752464	0
4.60207	0.00594539	50.2263	0.748345	0
4.58741	0.00584515	48.5163	0.752464	0
4.57468	0.00573803	47.9631	0.748688	0
4.56502	0.00567452	45.6999	0.720883	0
4.54911	0.00569023	46.0855	0.727405	0
4.53693	0.005604	46.2364	0.727062	0
4.52315	0.00549525	43.0176	0.722599	0
4.51704	0.00552386	44.694	0.723629	0
4.50461	0.00552498	42.2297	0.696853	0
4.48347	0.00527231	41.2909	0.69754	0
4.48375	0.00521764	43.1182	0.729121	0
4.48533	0.00536941	42.2967	0.71745	0
4.46356	0.00543678	41.1903	0.708525	0
4.45018	0.00514994	40.4359	0.694794	0
4.4442	0.0049687	40.7712	0.687928	0
4.42729	0.00514201	38.508	0.695824	0
4.41084	0.00500792	38.2733	0.687928	0
4.40458	0.00503882	37.4518	0.684839	0
4.40146	0.00507719	37.2171	0.682092	0
4.38934	0.00487376	36.6136	0.684839	0
4.3799	0.00483906	36.4627	0.672137	0
4.37619	0.00480135	36.6974	0.692734	0
4.36617	0.0047066	35.2389	0.675227	0
4.35206	0.00473142	35.0545	0.669734	0
4.33839	0.00456799	33.5122	0.660123	0
4.32156	0.00447875	32.5398	0.645362	0
4.31056	0.00441256	32.456	0.662182	0
4.31136	0.00449165	33.5289	0.666988	0
4.30451	0.0043444	30.679	0.642959	0
4.29685	0.00434944	32.5566	0.642272	0
4.29318	0.00440319	30.6119	0.647078	0
4.27869	0.00446886	29.6899	0.634034	0
4.26701	0.00428855	28.4996	0.623392	0
4.26698	0.00422314	30.109	0.63472	0
4.26584	0.00426707	29.1366	0.616526	0
4.25731	0.00420068	28.8349	0.639869	0
4.25261	0.0041794	28.7175	0.619616	0
4.25068	0.00413697	28.399	0.617213	0
4.24014	0.00404138	27.1417	0.601422	0
4.23155	0.00406384	28.1978	0.615153	0
4.22781	0.00399064	27.4099	0.614467	0
4.22194	0.00400157	26.5381	0.598333	0
4.21247	0.00394028	26.4376	0.604168	0
4.20437	0.00396464	25.7334	0.59181	0
4.20326	0.00400242	26.0687	0.605542	0
4.20376	0.00395593	25.0796	0.583915	0
4.20005	0.00389164	26.1023	0.598333	0
4.1973	0.00387861	24.7443	0.578079	0
4.19576	0.00390035	25.834	0.589064	0
4.1898	0.00387913	25.2808	0.597646	0
4.18235	0.00367662	24.5767	0.590781	0
4.18136	0.00377882	25.4987	0.599706	0
4.17848	0.00381673	23.7385	0.566065	0
4.17098	0.00387193	24.7276	0.595586	0
4.16723	0.00378059	24.0235	0.575676	0
4.15836	0.00376579	22.7661	0.569497	0
4.14765	0.00357971	22.9003	0.568124	0
4.1472	0.00375859	22.7997	0.576706	0
4.15024	0.00349499	23.9061	0.568468	0
4.15061	0.00359942	23.3697	0.560572	0
4.14319	0.00363517	22.6823	0.557483	0
4.1354	0.00354894	22.3638	0.568811	0
4.13718	0.00367812	22.1961	0.560915	0
4.13798	0.00372042	22.9841	0.570527	0
4.12747	0.00360977	21.777	0.568124	0
4.12952	0.00357441	22.347	0.568811	0
4.13163	0.00356132	22.1123	0.559199	0
4.12076	0.00351293	21.2741	0.556796	0
4.12246	0.00355464	21.8776	0.555423	0
4.1238	0.00353801	21.5591	0.554736	0
4.10994	0.00344981	20.2179	0.527274	0
4.101	0.00333922	20.6035	0.543752	0
4.10049	0.00335121	20.285	0.542035	0
4.09408	0.00323682	20.0838	0.531394	0
4.08735	0.00329202	19.2624	0.536543	0
4.08549	0.00320755	18.7091	0.511827	0
4.0864	0.00326471	20.7712	0.559542	0
4.08542	0.00329359	19.2791	0.527618	0
4.07725	0.00324939	18.9774	0.524185	0
4.07337	0.00322098	19.1618	0.520065	0
4.07387	0.00323636	18.2062	0.520409	0
4.06847	0.00319544	18.1894	0.523155	0
4.06724	0.00323073	18.6756	0.514573	0
4.06466	0.00331886	18.223	0.519379	0
4.06135	0.00322576	18.4912	0.53002	0
4.05943	0.0031756	18.9606	0.513886	0
4.05541	0.00323767	18.0553	0.526244	0
4.05288	0.00320291	18.005	0.516976	0
4.05074	0.00316022	18.6756	0.514573	0
4.04094	0.00308328	17.15	0.49226	0
4.03781	0.00306528	17.7871	0.51217	0
4.04199	0.00307765	16.9824	0.496379	0
4.03712	0.00308066	17.7536	0.504961	0
4.03489	0.00308394	17.3177	0.509767	0
4.03526	0.00308715	17.8374	0.513543	0
4.0308	0.00312434	16.9656	0.507021	0
4.02966	0.00303313	16.9321	0.497066	0
4.02817	0.00295338	17.2842	0.503931	0
4.02554	0.0030089	16.3789	0.487454	0
4.02481	0.00302776	16.4627	0.481275	0
4.02131	0.00305055	16.7477	0.4902	0
4.01856	0.00302658	16.3789	0.49329	0
4.01612	0.0029778	16.2783	0.494663	0
4.00886	0.00296346	15.7251	0.485051	0
4.00734	0.00300975	16.1442	0.484365	0
4.01156	0.00297073	15.9765	0.488484	0
4.00801	0.00298762	16.513	0.500499	0
4.00444	0.00291973	15.7586	0.475439	0
4.00392	0.00296445	16.3956	0.495006	0
4.00362	0.00297067	15.943	0.49226	0
4.00292	0.00294579	15.4233	0.466857	0
3.99948	0.0028921	15.2892	0.477499	0
3.99233	0.00289282	14.736	0.47235	0
3.99045	0.00293295	14.4007	0.471663	0
3.99037	0.00294749	15.1551	0.470977	0
3.98564	0.0028039	13.9648	0.463425	0
3.98392	0.00279264	15.0712	0.470633	0
3.9863	0.00291776	14.9371	0.468917	0
3.98144	0.00283795	14.1324	0.463081	0
3.97547	0.00274694	14.4677	0.464798	0
3.97214	0.00272559	13.9983	0.452783	0
3.97519	0.00281117	13.948	0.464798	0
3.97969	0.00280423	14.9539	0.465484	0
3.97522	0.002802	14.6521	0.465141	0
3.96947	0.00279951	13.5457	0.450037	0
3.9667	0.00276776	13.5792	0.44832	0
3.96362	0.00271407	13.4954	0.458275	0
3.96375	0.00278937	13.378	0.451067	0
3.96109	0.00277319	13.0427	0.434933	0
3.95629	0.00268153	13.6463	0.45141	0
3.96091	0.00282728	14.518	0.465141	0
3.96068	0.00278648	13.1266	0.450037	0
3.95641	0.00278098	14.1827	0.461708	0
3.95815	0.0028077	14.4342	0.461022	0
3.96033	0.00277234	14.3839	0.471663	0
3.96014	0.00283382	14.1157	0.462052	0
3.95572	0.00286577	13.7804	0.461365	0
3.95032	0.00283225	14.0821	0.462395	0
3.94251	0.0027451	12.4728	0.434589	0
3.93433	0.00257133	12.4225	0.429783	0
3.93163	0.00257146	11.8022	0.420172	0
3.92563	0.0025162	11.3328	0.419142	0
3.92058	0.00252105	10.9304	0.402321	0
3.92063	0.00249152	11.8357	0.429783	0
3.91637	0.00241603	10.8131	0.40747	0
3.90649	0.00230878	10.3101	0.396829	0
3.90025	0.00233431	9.67309	0.395799	0
3.89653	0.00234525	9.79044	0.387904	0
3.89486	0.00236168	9.55574	0.385844	0
3.89044	0.0022378	9.1031	0.376232	0
3.88365	0.00221567	8.71752	0.374516	0
3.88203	0.00221672	9.42163	0.390307	0
3.88308	0.00223178	8.53311	0.362844	0
3.88105	0.00220867	8.76781	0.374172	0
3.87963	0.0020899	8.48282	0.358382	0
3.87948	0.00219223	8.68399	0.37177	0
3.8774	0.00216231	8.53311	0.365934	0
3.87139	0.00210561	7.3093	0.339501	0
3.86875	0.00208014	7.71165	0.347397	0
3.86831	0.00203346	7.69489	0.346367	0
3.86125	0.0019797	7.44342	0.34568	0
3.85832	0.00203542	7.74518	0.354262	0
3.86097	0.00206141	7.19195	0.338472	0
3.8585	0.00201794	7.62783	0.352546	0
3.85297	0.0019469	6.75608	0.323024	0
3.85216	0.00194002	7.09137	0.334352	0
3.8561	0.00204138	7.1249	0.331606	0
3.85706	0.00200209	7.44342	0.343278	0
3.85313	0.00196006	6.87343	0.329203	0
3.85094	0.00192968	6.8399	0.328517	0
3.85199	0.00194703	6.80637	0.324741	0
3.85167	0.00189341	6.72255	0.321651	0
3.84763	0.00190205	6.47108	0.322338	0
3.84671	0.0019232	6.75608	0.325427	0
3.84495	0.00189616	6.26991	0.316159	0
3.84052	0.00188391	6.80637	0.330576	0
3.83833	0.00187475	6.18609	0.313756	0
3.837	0.00190185	6.87343	0.336069	0
3.833	0.00185412	5.93462	0.299681	0
3.83064	0.00180063	5.61609	0.304487	0
3.83204	0.00180567	5.93462	0.303457	0
3.83282	0.00180848	5.95138	0.308263	0
3.83237	0.0018902	6.23638	0.317188	0
3.83296	0.00183304	5.98491	0.305174	0
3.83366	0.00183612	6.21961	0.313412	0
3.83479	0.00188083	6.37049	0.323024	0
3.83366	0.00189262	6.21961	0.316159	0
3.83136	0.00189616	6.35373	0.317532	0
3.82603	0.0018166	5.5658	0.303457	0
3.826	0.00182518	6.00168	0.305517	0
3.82521	0.00181556	5.29757	0.293502	0
3.82067	0.00179984	5.93462	0.315129	0
3.82103	0.00177686	5.48198	0.298308	0
3.82035	0.00181798	6.23638	0.313756	0
3.81878	0.00185956	6.00168	0.309293	0
3.81611	0.00176442	5.12992	0.28595	0
3.8161	0.00178459	5.59933	0.305174	0
3.81686	0.00174661	5.06287	0.286293	0
3.81715	0.0017474	5.73345	0.301398	0
3.81896	0.00177922	5.78374	0.298651	0
3.81824	0.00176455	5.24728	0.288353	0
3.81528	0.00176979	5.68315	0.30689	0
3.8119	0.0017161	5.46521	0.295905	0
3.80994	0.00176665	5.23051	0.29007	0
3.80879	0.00170176	5.0461	0.284234	0
3.80394	0.00168055	4.84493	0.278398	0
3.80246	0.0016704	4.62699	0.275652	0
3.8065	0.00173345	5.41492	0.291099	0
3.80595	0.00166385	4.82816	0.274965	0
3.80291	0.00171256	5.01257	0.281488	0
3.8033	0.0016575	4.54317	0.269473	0
3.80352	0.00165056	4.40905	0.269473	0
3.8024	0.00169266	4.74434	0.273249	0
3.80216	0.00169135	4.62699	0.270503	0
3.80261	0.00159419	4.5264	0.270159	0
3.80286	0.00161618	4.99581	0.281144	0
3.80041	0.00166614	4.72758	0.281831	0
3.79874	0.00165586	4.66052	0.274279	0
3.79836	0.00166817	4.50964	0.274965	0
3.79627	0.00163923	4.67728	0.278741	0
3.79474	0.00163537	4.69405	0.271876	0
3.79399	0.00163845	5.01257	0.285264	0
3.79227	0.00161442	4.24141	0.259861	0
3.79361	0.00154953	4.84493	0.282517	0
3.79551	0.00159766	4.54317	0.274622	0
3.79503	0.00163727	4.25817	0.261234	0
3.79298	0.00156649	4.71081	0.277368	0
3.79216	0.00162732	4.40905	0.268443	0
3.79279	0.00157101	4.2917	0.261234	0
3.79211	0.00163105	4.64376	0.281144	0
3.79114	0.00168565	4.19111	0.260891	0
3.78854	0.0015991	4.27494	0.257458	0
3.78719	0.00159504	4.17435	0.256085	0
3.78547	0.00156014	3.95641	0.252309	0
3.78454	0.00161258	4.67728	0.276682	0
3.78284	0.00156125	4.32523	0.262951	0
3.78118	0.00156315	3.8223	0.253339	0
3.78157	0.00153447	4.12406	0.260204	0
3.78337	0.00151725	4.17435	0.256085	0
3.78503	0.00154547	4.25817	0.264667	0
3.78415	0.00160911	4.17435	0.263637	0
3.78338	0.00157304	4.35876	0.262951	0
3.78302	0.00157166	3.98994	0.255398	0
3.78065	0.00150939	3.772	0.2451	0
3.78035	0.00156289	4.12406	0.253682	0
3.78085	0.00156387	4.2917	0.273592	0
3.78217	0.00160499	4.5264	0.278398	0
3.77787	0.00155464	3.5373	0.237205	0
3.77401	0.00152923	3.98994	0.253339	0
3.77606	0.00147973	3.58759	0.240981	0
3.77725	0.00154298	4.10729	0.255398	0
3.77505	0.00152681	3.93965	0.250936	0
3.77497	0.00155857	3.95641	0.253682	0
3.7744	0.00149512	4.02347	0.248533	0
3.77329	0.00150586	3.41995	0.235145	0
3.77398	0.00155169	4.45935	0.266383	0
3.77392	0.00150887	4.00671	0.257115	0
3.77255	0.00154586	3.73847	0.249906	0
3.77204	0.00149231	4.04023	0.252309	0
3.77107	0.00146736	3.35289	0.234459	0
3.77003	0.00146238	3.60436	0.241667	0
3.77205	0.0015382	3.90612	0.249906	0
3.77137	0.00156806	3.85583	0.249906	0
3.77087	0.00159314	4.20788	0.271876	0
3.77102	0.00160309	3.95641	0.255742	0
3.76897	0.00158954	4.07376	0.259861	0
3.76673	0.00157454	3.87259	0.245787	0
3.767	0.00153166	3.85583	0.248533	0
3.76491	0.00147227	3.80553	0.24716	0
3.76257	0.00142866	2.83319	0.214205	0
3.76396	0.00142912	3.62112	0.239608	0
3.7666	0.00148432	3.78877	0.251279	0
3.76738	0.00148373	3.65465	0.24407	0
3.76578	0.00152688	3.75524	0.245787	0
3.76536	0.00150586	3.772	0.242697	0
3.76471	0.00146003	3.41995	0.235145	0
3.76531	0.00152282	4.04023	0.252309	0
3.76379	0.00148772	3.50377	0.235145	0
3.75867	0.00143842	3.57083	0.239608	0
3.75877	0.00146396	3.43671	0.237891	0
3.76144	0.00147482	3.62112	0.238578	0
3.75931	0.00149492	3.68818	0.2451	0
3.7567	0.00147194	3.0679	0.229309	0
3.75834	0.00147581	3.85583	0.250936	0
3.76071	0.00149152	3.40319	0.238235	0
3.75892	0.00145878	3.5373	0.238578	0
3.75898	0.00145053	3.72171	0.24613	0
3.76183	0.00149427	3.75524	0.249219	0
3.76109	0.00153205	3.65465	0.24407	0
3.7568	0.00147587	3.36966	0.234802	0
3.75565	0.00147404	3.5373	0.24304	0
3.75698	0.00143135	3.70495	0.242011	0
3.75548	0.00145276	3.15172	0.226906	0
3.75362	0.00143037	3.47024	0.237891	0
3.75334	0.00144922	3.45348	0.236175	0
3.75328	0.00144327	3.45348	0.233772	0
3.75203	0.00137628	3.16848	0.224847	0
3.75106	0.00139285	3.20201	0.225877	0
3.75067	0.00140627	3.20201	0.22725	0
3.75059	0.00135618	2.86672	0.217981	0
3.751	0.00134741	3.38642	0.234115	0
3.75386	0.00147004	3.35289	0.236518	0
3.7517	0.00139606	3.31936	0.234459	0
3.75193	0.0014652	3.23554	0.230682	0
3.75447	0.00150717	3.38642	0.235145	0
3.75072	0.00141	3.41995	0.233772	0
3.7495	0.00148602	3.31936	0.238235	0
3.74975	0.00139344	2.96731	0.219698	0
3.74814	0.00143096	3.00084	0.222101	0
3.75045	0.00148648	3.38642	0.232742	0
3.75202	0.00146265	3.38642	0.235145	0
3.75115	0.0015293	3.35289	0.234459	0
3.75194	0.00155195	3.75524	0.24716	0
3.74995	0.00144811	3.3026	0.234115	0
3.74844	0.00147018	3.45348	0.245443	0
3.74911	0.00146801	3.13495	0.227593	0
3.74898	0.00143168	3.36966	0.233429	0
3.75073	0.00146566	3.93965	0.248533	0
3.75107	0.00147293	3.36966	0.238235	0
3.74736	0.00144268	3.16848	0.227593	0
3.74356	0.00136371	2.83319	0.214205	0
3.74313	0.00139789	2.98407	0.219011	0
3.74374	0.00139298	3.00084	0.215922	0
3.74224	0.00139678	3.0176	0.222787	0
3.73958	0.00132888	2.64878	0.20631	0
3.73802	0.00133386	2.61526	0.206653	0
3.73957	0.0013004	2.79966	0.219354	0
3.74005	0.00137609	2.98407	0.227936	0
3.73937	0.00132148	2.68231	0.20631	0
3.73888	0.00130348	3.0679	0.22313	0
3.73977	0.00130524	2.76614	0.210429	0
3.73904	0.00132908	2.96731	0.22622	0
3.7369	0.0013736	2.56496	0.204937	0
3.735	0.0013186	2.14585	0.193609	0
3.73561	0.00133746	2.36379	0.198758	0
3.73388	0.00126262	2.2632	0.190862	0
3.73191	0.00128796	2.44761	0.201847	0
3.73144	0.00125044	2.21291	0.190176	0
3.73124	0.00125444	2.09556	0.183997	0
3.73044	0.00122818	1.99497	0.179877	0
3.72846	0.0011957	2.01174	0.18228	0
3.72795	0.00119276	2.14585	0.18743	0
3.72746	0.00117541	1.92791	0.180221	0
3.72709	0.00118745	1.89438	0.174042	0
3.72604	0.00115694	1.91115	0.180907	0
3.72542	0.00118542	1.87762	0.174728	0
3.72598	0.00114634	1.87762	0.174728	0
3.72471	0.00114031	1.7938	0.174385	0
3.72361	0.00111949	1.64292	0.165803	0
3.72295	0.00110293	1.7435	0.170609	0
3.72211	0.00114444	1.64292	0.167519	0
3.72338	0.00114339	1.97821	0.177474	0
3.72196	0.0011117	1.39145	0.150012	0
3.72049	0.00108891	1.49204	0.155161	0
3.72147	0.0011083	1.69321	0.168206	0
3.71962	0.00108774	1.34116	0.149326	0
3.7188	0.00107922	1.45851	0.153445	0
3.7209	0.0011426	1.86085	0.174042	0
3.72115	0.00112322	1.72674	0.173012	0
3.71966	0.00110371	1.37469	0.149326	0
3.71815	0.00105709	1.34116	0.149326	0
3.71896	0.0010438	1.22381	0.143147	0
3.7188	0.00106606	1.30763	0.147609	0
3.71834	0.00107386	1.49204	0.155161	0
3.71745	0.00107936	1.22381	0.141087	0
3.71544	0.00104027	1.20704	0.140057	0
3.71573	0.00104996	1.37469	0.151042	0
3.71579	0.00106246	1.12322	0.137311	0
3.71465	0.0010203	1.30763	0.14555	0
3.71626	0.00105978	1.54233	0.163057	0
3.71649	0.00105127	1.32439	0.146579	0
3.71398	0.00105506	1.34116	0.147609	0
3.71399	0.00105055	1.2741	0.143833	0
3.71373	0.00102763	1.25733	0.142803	0
3.71295	0.00104072	1.32439	0.150356	0
3.71458	0.000997839	1.2741	0.145893	0
3.71474	0.00101467	1.39145	0.152072	0
3.7154	0.00104236	1.47527	0.157908	0
3.71564	0.00106724	1.57586	0.159281	0
3.71527	0.00108996	1.44174	0.156191	0
3.7137	0.0010603	1.70997	0.170609	0
3.71306	0.00103987	1.25733	0.144863	0
3.71268	0.00102049	1.25733	0.142803	0
3.71158	0.00101833	1.29086	0.146579	0
3.71212	0.00102743	1.32439	0.146579	0
3.71272	0.0010988	1.44174	0.154475	0
3.71147	0.00105343	1.19028	0.139027	0
3.71062	0.000989916	1.25733	0.144863	0
3.7113	0.00102887	1.07293	0.134565	0
3.70926	0.0009945	0.972339	0.125983	0
3.70833	0.00099044	0.888516	0.120834	0
3.71032	0.00100373	1.24057	0.145893	0
3.71139	0.00102213	1.15675	0.143147	0
3.70958	0.00100851	1.22381	0.143147	0
3.70874	0.00101715	1.10645	0.136281	0
3.70935	0.00100065	1.29086	0.144863	0
3.70963	0.00102017	1.15675	0.137311	0
3.70966	0.0010239	1.47527	0.154475	0
3.70776	0.00096556	0.854987	0.118431	0
3.7073	0.00099725	1.2741	0.145893	0
3.70807	0.00099175	1.05616	0.131475	0
3.70857	0.0010072	1.12322	0.139371	0
3.70854	0.00105068	1.2741	0.143833	0
3.70748	0.000978917	0.804694	0.114998	0
3.70606	0.000964185	1.02263	0.129416	0
3.70607	0.000962941	0.972339	0.130445	0
3.70626	0.00094153	0.771165	0.114998	0
3.7067	0.000994565	1.07293	0.134565	0
3.7068	0.0010036	1.0394	0.130445	0
3.70642	0.0010127	1.08969	0.135595	0
3.70653	0.000971583	1.20704	0.140057	0
3.70699	0.000996595	1.0394	0.132505	0
3.70676	0.00101257	1.10645	0.136281	0
3.70661	0.000999672	0.821459	0.116028	0
3.70551	0.000974988	1.13998	0.136281	0
3.70461	0.000979309	0.972339	0.128386	0
3.70456	0.000980815	1.05616	0.131475	0
3.70494	0.000998821	0.972339	0.128386	0
3.70477	0.000975446	0.93881	0.123923	0
3.70397	0.000984678	1.07293	0.132162	0
3.70482	0.000966738	1.13998	0.138341	0
3.7051	0.000976756	1.05616	0.133535	0
3.70429	0.000949911	0.93881	0.126326	0
3.70364	0.000950435	1.08969	0.135595	0
3.70359	0.000962286	0.888516	0.120834	0
3.70321	0.00096772	1.00587	0.128386	0
3.70288	0.000934132	0.905281	0.121864	0
3.70232	0.000941596	0.771165	0.112595	0
3.70262	0.000989131	0.989103	0.127356	0
3.70306	0.000957179	0.922045	0.122893	0
3.70207	0.000971518	0.955574	0.127356	0
3.70145	0.000953512	0.922045	0.127356	0
3.70201	0.000990047	0.955574	0.124953	0
3.70239	0.000950959	1.02263	0.131475	0
3.70198	0.00094978	0.888516	0.122893	0
3.70159	0.000940941	0.838223	0.117401	0
3.70306	0.000959536	1.02263	0.131475	0
3.70321	0.000974923	1.00587	0.128386	0
3.70236	0.00098003	1.05616	0.131475	0
3.70093	0.000983238	0.888516	0.120834	0
3.70036	0.000942185	0.838223	0.117401	0
3.70117	0.000904144	0.536463	0.094058	0
3.7014	0.000957768	1.02263	0.129416	0
3.70118	0.000969619	0.854987	0.118431	0
3.70101	0.000931906	0.838223	0.117401	0
3.70017	0.000912132	0.955574	0.124953	0
3.69927	0.000934852	0.687343	0.109162	0
3.69867	0.000943626	0.871752	0.121864	0
3.69915	0.000912852	0.78793	0.116371	0
3.70009	0.000958619	0.972339	0.130445	0
3.70052	0.000947685	0.922045	0.122893	0
3.70094	0.00096209	0.871752	0.119461	0
3.70033	0.000924638	0.704107	0.107789	0
3.69986	0.000911215	0.93881	0.126326	0
3.70007	0.000907025	0.737636	0.110192	0
3.70026	0.000931054	0.955574	0.124953	0
3.69815	0.000917239	0.754401	0.111565	0
3.69766	0.000904079	0.804694	0.114998	0
3.69889	0.000909186	0.771165	0.114998	0
3.69886	0.000932495	0.804694	0.117401	0
3.69836	0.000951744	0.922045	0.125296	0
3.69842	0.000907156	0.637049	0.105386	0
3.69816	0.000943757	0.888516	0.122893	0
3.69888	0.000983107	1.08969	0.135595	0
3.69963	0.000966018	1.07293	0.132162	0
3.69879	0.000967851	0.771165	0.112595	0
3.69933	0.00092634	0.78793	0.113968	0
3.69865	0.000908073	0.804694	0.114998	0
3.69643	0.000921299	0.536463	0.094058	0
3.69704	0.000894519	0.754401	0.111565	0
3.69743	0.000929745	0.704107	0.110192	0
3.69798	0.000926733	0.737636	0.112595	0
3.69718	0.000950435	0.955574	0.124953	0
3.69699	0.000921495	0.620285	0.101267	0
3.69647	0.000918941	0.754401	0.113968	0
3.69793	0.000946899	0.93881	0.128386	0
3.6971	0.000978458	0.821459	0.116028	0
3.69581	0.000887186	0.737636	0.110192	0
3.69742	0.000925096	1.02263	0.129416	0
3.69768	0.000930269	0.737636	0.112595	0
3.69633	0.000879198	0.704107	0.107789	0
3.69649	0.000897662	0.78793	0.116371	0
3.69565	0.000865252	0.553227	0.0957744	0
3.69546	0.000902638	0.754401	0.113968	0
3.69557	0.000941792	0.771165	0.112595	0
3.69426	0.000893734	0.687343	0.106416	0
3.69399	0.000891769	0.620285	0.101267	0
3.69558	0.000948405	0.821459	0.116028	0
3.69564	0.000917959	0.854987	0.118431	0
3.69482	0.00089596	0.620285	0.101267	0
3.69495	0.000892882	0.603521	0.0998938	0
3.69357	0.000861323	0.536463	0.0971475	0
3.695	0.0008919	0.854987	0.120834	0
3.69731	0.00090637	0.922045	0.122893	0
3.69607	0.00092012	0.78793	0.113968	0
3.69491	0.000904864	0.637049	0.10264	0
3.6948	0.000885222	0.502934	0.0913118	0
3.69452	0.00090015	0.854987	0.118431	0
3.69466	0.000880246	0.737636	0.112595	0
3.69482	0.000926078	0.989103	0.129416	0
3.69441	0.00090015	0.637049	0.105386	0
3.69389	0.000906763	0.771165	0.112595	0
3.69395	0.000920055	0.78793	0.113968	0
3.69416	0.000888888	0.821459	0.116028	0
3.69418	0.000893013	0.586756	0.0985206	0
3.69449	0.00092287	0.854987	0.120834	0
3.69499	0.00094153	0.754401	0.113968	0
3.69528	0.000932364	0.78793	0.113968	0
3.69473	0.000906829	0.653814	0.106416	0
3.69338	0.000895109	0.754401	0.111565	0
3.69358	0.000955149	0.670578	0.107789	0
3.69422	0.00091259	0.737636	0.110192	0
3.69464	0.000901918	0.754401	0.111565	0
3.69375	0.000897924	0.771165	0.112595	0
3.69309	0.00089596	0.720872	0.108819	0
3.69282	0.00091318	0.821459	0.118431	0
3.69305	0.000883716	0.603521	0.0998938	0
3.69228	0.000896353	0.670578	0.105043	0
3.69427	0.000913638	0.888516	0.125296	0
3.69518	0.000920447	0.737636	0.110192	0
3.6926	0.000885746	0.586756	0.101267	0
3.693	0.00087468	0.620285	0.101267	0
3.69249	0.000880311	0.586756	0.0985206	0
3.69236	0.000868198	0.586756	0.0985206	0
3.69259	0.000881555	0.45264	0.0865059	0
3.69218	0.000847377	0.569992	0.0971475	0
3.69082	0.000867151	0.754401	0.111565	0
3.69198	0.000890067	0.553227	0.0957744	0
3.69181	0.000879329	0.670578	0.105043	0
3.69188	0.000853597	0.620285	0.101267	0
3.6923	0.00087874	0.586756	0.0985206	0
3.69206	0.000872389	0.704107	0.110192	0
3.69143	0.00087396	0.419111	0.0834164	0
3.69027	0.000869835	0.45264	0.0899387	0
3.69116	0.000870555	0.519698	0.0926849	0
3.69228	0.000862175	0.620285	0.106759	0
3.6921	0.000883585	0.737636	0.110192	0
3.69329	0.000933215	0.737636	0.110192	0
3.69242	0.000924834	0.78793	0.113968	0
3.69108	0.000871603	0.620285	0.104013	0
3.69123	0.000871538	0.653814	0.104013	0
3.69054	0.000823806	0.45264	0.0865059	0
3.69117	0.000812676	0.536463	0.094058	0
3.69219	0.000900936	0.670578	0.105043	0
3.6919	0.000869311	0.821459	0.120834	0
3.69102	0.000862568	0.687343	0.106416	0
3.69157	0.000884502	0.637049	0.10264	0
3.69068	0.000862502	0.502934	0.0944013	0
3.69048	0.000876907	0.620285	0.101267	0
3.69186	0.000883323	0.754401	0.113968	0
3.69088	0.000866889	0.553227	0.0957744	0
3.69074	0.000819223	0.469405	0.0882223	0
3.69169	0.000887383	0.637049	0.10264	0
3.69112	0.00086152	0.502934	0.0913118	0
3.6892	0.000842008	0.486169	0.0895954	0
3.69	0.000839913	0.553227	0.0957744	0
3.69097	0.000867151	0.670578	0.105043	0
3.69085	0.000893668	0.704107	0.107789	0
3.68964	0.000881097	0.637049	0.10264	0
3.68969	0.000887383	0.720872	0.108819	0
3.68978	0.000849669	0.603521	0.0998938	0
3.68968	0.000861454	0.569992	0.0971475	0
3.68983	0.000866431	0.569992	0.0971475	0
3.69023	0.000868919	0.352054	0.0765509	0
3.69088	0.000853401	0.502934	0.0913118	0
3.6906	0.000857002	0.670578	0.107789	0
3.69116	0.00086774	0.385583	0.0799837	0
3.69082	0.000855693	0.569992	0.0971475	0
3.69054	0.000873764	0.536463	0.094058	0
3.68979	0.00082983	0.486169	0.0895954	0
3.68966	0.00085746	0.569992	0.0971475	0
3.68873	0.000825705	0.335289	0.0748345	0
3.68967	0.000865317	0.553227	0.0957744	0
3.69159	0.000858574	0.704107	0.110192	0
3.69068	0.000853794	0.536463	0.094058	0
3.69025	0.000871996	0.720872	0.108819	0
3.68974	0.000863615	0.637049	0.105386	0
3.68951	0.00087468	0.569992	0.0971475	0
3.68979	0.000881162	0.653814	0.106416	0
3.69004	0.000885091	0.603521	0.0998938	0
3.68917	0.000848883	0.251467	0.0648795	0
3.68873	0.000852157	0.704107	0.107789	0
3.68917	0.000850389	0.30176	0.0707152	0
3.68864	0.00087946	0.620285	0.101267	0
3.68787	0.000832776	0.519698	0.0926849	0
3.6884	0.000845871	0.586756	0.101267	0
3.68903	0.000840699	0.519698	0.0926849	0
3.68854	0.000860472	0.637049	0.10264	0
3.68919	0.00086427	0.553227	0.0985206	0
3.69028	0.000871472	0.653814	0.106416	0
3.69038	0.000881686	0.586756	0.0985206	0
3.69056	0.000876841	0.569992	0.0971475	0
3.68889	0.000862502	0.486169	0.0895954	0
3.68904	0.000861585	0.419111	0.0834164	0
3.68981	0.000855038	0.704107	0.107789	0
3.69039	0.000867151	0.637049	0.105386	0
3.6899	0.000875335	0.569992	0.0971475	0
3.689	0.000854121	0.502934	0.0913118	0
3.68911	0.00087049	0.737636	0.110192	0
3.68866	0.000847639	0.553227	0.0957744	0
3.68857	0.000855693	0.569992	0.0971475	0
3.6895	0.000879329	0.620285	0.104013	0
3.68913	0.000891115	0.553227	0.0957744	0
3.68944	0.000845413	0.486169	0.0895954	0
3.68926	0.000848949	0.804694	0.114998	0
3.68974	0.000852092	0.620285	0.101267	0
3.68901	0.000864073	0.603521	0.0998938	0
3.68946	0.000872847	0.586756	0.0985206	0
3.68954	0.000837032	0.368818	0.0782673	0
3.68846	0.000849538	0.502934	0.0913118	0
3.68765	0.000837229	0.435876	0.0851328	0
3.68847	0.000839586	0.620285	0.101267	0
3.68945	0.000868919	0.385583	0.0799837	0
3.68746	0.000821908	0.318525	0.0727748	0
3.6869	0.000826032	0.486169	0.0895954	0
3.6883	0.000821777	0.402347	0.0817	0
3.68859	0.00084574	0.553227	0.0957744	0
3.68852	0.000845609	0.469405	0.0882223	0
3.68793	0.000820336	0.30176	0.0707152	0
3.68827	0.000822955	0.502934	0.0913118	0
3.69021	0.000858966	0.569992	0.10264	0
3.6897	0.000867347	0.553227	0.0957744	0
3.68817	0.00082086	0.385583	0.0799837	0
3.68884	0.000833955	0.385583	0.0799837	0
3.68973	0.000826032	0.419111	0.0834164	0
3.68999	0.00085877	0.620285	0.104013	0
3.6897	0.000839913	0.45264	0.0865059	0
3.6871	0.000825771	0.385583	0.0799837	0
3.68829	0.000857853	0.486169	0.0895954	0
3.68988	0.000861258	0.502934	0.0913118	0
3.6887	0.000811301	0.553227	0.0957744	0
3.68861	0.000832318	0.45264	0.0865059	0
3.68823	0.000838931	0.45264	0.0865059	0
3.68733	0.000825574	0.502934	0.0913118	0
3.68847	0.000867085	0.637049	0.10264	0
3.68856	0.000820336	0.469405	0.0882223	0
3.68825	0.000824396	0.45264	0.0865059	0
3.68939	0.00086296	0.637049	0.105386	0
3.68875	0.000828455	0.368818	0.0782673	0
3.68709	0.000820729	0.30176	0.0707152	0
3.68719	0.000794801	0.352054	0.0765509	0
3.68752	0.000826556	0.486169	0.0895954	0
3.68809	0.000842008	0.385583	0.0799837	0
3.68751	0.000840502	0.569992	0.0998938	0
3.68793	0.000844889	0.45264	0.0865059	0
3.68745	0.000809336	0.352054	0.0799837	0
3.68713	0.000831074	0.502934	0.0971475	0
3.68644	0.000822693	0.352054	0.0765509	0
3.68725	0.000814051	0.402347	0.0817	0
3.68916	0.000822104	0.402347	0.0817	0
3.68992	0.00085602	0.720872	0.108819	0
3.68906	0.000864663	0.486169	0.0895954	0
3.68777	0.000813134	0.419111	0.0834164	0
3.68771	0.00083461	0.402347	0.0817	0
3.6877	0.000832449	0.519698	0.0957744	0
3.68733	0.000793295	0.419111	0.0834164	0
3.68671	0.000810253	0.385583	0.0799837	0
3.68776	0.00081667	0.502934	0.0913118	0
3.68843	0.00079192	0.385583	0.0799837	0
3.68856	0.000813068	0.419111	0.0834164	0
3.68749	0.000822169	0.318525	0.0727748	0
3.68722	0.000785111	0.268231	0.0669391	0
3.68705	0.000778629	0.385583	0.0799837	0
3.68787	0.000810188	0.419111	0.0834164	0
3.68808	0.000836705	0.419111	0.0868492	0
3.68951	0.00081608	0.586756	0.0985206	0
3.69024	0.000842598	0.469405	0.0882223	0
3.68914	0.000844365	0.519698	0.0926849	0
3.68876	0.000820205	0.435876	0.0913118	0
3.6878	0.000828651	0.335289	0.0748345	0
3.68762	0.000809205	0.402347	0.0817	0
3.6878	0.000818896	0.335289	0.0748345	0
3.68793	0.000837622	0.536463	0.094058	0
3.68872	0.000835461	0.45264	0.0865059	0
3.68868	0.000813265	0.435876	0.0851328	0
3.68858	0.000841485	0.519698	0.0926849	0
3.68771	0.000808551	0.284996	0.0689988	0
3.68682	0.000795128	0.335289	0.0748345	0
3.68693	0.000816997	0.385583	0.0799837	0
3.68732	0.000802723	0.284996	0.0689988	0
3.68777	0.000796634	0.368818	0.0782673	0
3.68861	0.000829961	0.435876	0.0851328	0
3.68787	0.000828848	0.435876	0.0851328	0
3.68698	0.000798075	0.318525	0.0727748	0
3.68762	0.000817455	0.553227	0.0957744	0
3.68905	0.00083952	0.352054	0.0765509	0
3.68809	0.000815426	0.486169	0.0895954	0
3.6882	0.000830223	0.502934	0.0913118	0
3.68861	0.000860538	0.435876	0.0851328	0
3.68745	0.000809467	0.335289	0.0748345	0
3.688	0.000799842	0.469405	0.0882223	0
3.68995	0.000854776	0.486169	0.0895954	0
3.68816	0.00080508	0.368818	0.0782673	0
3.68713	0.000794735	0.385583	0.0799837	0
3.68842	0.000814771	0.45264	0.0865059	0
3.68811	0.000845544	0.402347	0.0817	0
3.68778	0.000837491	0.469405	0.0882223	0
3.68838	0.000805539	0.402347	0.0817	0
3.68789	0.000802331	0.385583	0.0799837	0
3.68742	0.000814443	0.402347	0.0817	0
3.6872	0.000783867	0.318525	0.0727748	0
3.68798	0.000775748	0.352054	0.0765509	0
3.68939	0.000845871	0.586756	0.0985206	0
3.68892	0.000819681	0.502934	0.0913118	0
3.68743	0.000830943	0.385583	0.0834164	0
3.68788	0.000823479	0.368818	0.0782673	0
3.68863	0.000810646	0.402347	0.0851328	0
3.68823	0.000817062	0.368818	0.0782673	0
3.68852	0.000827146	0.30176	0.0748345	0
3.68842	0.000830878	0.469405	0.0882223	0
3.68812	0.000794604	0.385583	0.0799837	0
3.68799	0.000792968	0.318525	0.0727748	0
3.68929	0.000841288	0.419111	0.0834164	0
3.68938	0.000835854	0.385583	0.0799837	0
3.68846	0.000798795	0.30176	0.0707152	0
3.68815	0.000805735	0.284996	0.0689988	0
3.68923	0.000790872	0.368818	0.0782673	0
3.68991	0.000818568	0.419111	0.0834164	0
3.68909	0.000786878	0.30176	0.0707152	0
3.68901	0.000812872	0.402347	0.0817	0
3.68858	0.000821253	0.284996	0.0689988	0
3.68806	0.000811824	0.419111	0.0834164	0
3.68793	0.000792378	0.402347	0.0817	0
3.68779	0.000798009	0.30176	0.0707152	0
3.68788	0.00080495	0.419111	0.0834164	0
3.68726	0.000770837	0.268231	0.0669391	0
3.68804	0.000806521	0.402347	0.0851328	0
3.68893	0.00080495	0.385583	0.0799837	0
3.68925	0.000802527	0.469405	0.0882223	0
3.68933	0.000795456	0.335289	0.0748345	0
3.6891	0.000815556	0.335289	0.0748345	0
3.68768	0.000832776	0.385583	0.0799837	0
3.68846	0.000784652	0.251467	0.0648795	0
3.68836	0.000803771	0.318525	0.0727748	0
3.68992	0.00084358	0.486169	0.0895954	0
3.6893	0.000821777	0.569992	0.0998938	0
3.68876	0.000832973	0.419111	0.0834164	0
3.68891	0.000796634	0.385583	0.0799837	0
3.68848	0.000789956	0.284996	0.0689988	0
3.68852	0.000780265	0.385583	0.0799837	0
3.68935	0.000780135	0.30176	0.0707152	0
3.68913	0.000810188	0.419111	0.0834164	0
3.68995	0.00079323	0.385583	0.0799837	0
3.68934	0.00081261	0.435876	0.0851328	0
3.68953	0.000788712	0.30176	0.0707152	0
3.6901	0.000808485	0.284996	0.0689988	0
3.68898	0.000810384	0.352054	0.0765509	0
3.68857	0.000790414	0.30176	0.0707152	0
3.68852	0.000839193	0.419111	0.0834164	0
3.68899	0.000811628	0.385583	0.0799837	0
3.68907	0.000830092	0.352054	0.0765509	0
3.68746	0.000794932	0.251467	0.0648795	0
3.68738	0.000766974	0.134116	0.0473723	0
3.68877	0.00079611	0.385583	0.0799837	0
3.69004	0.000811301	0.385583	0.0799837	0
3.68966	0.000799842	0.45264	0.0899387	0
3.68961	0.000813003	0.402347	0.0817	0
3.6894	0.000800301	0.234702	0.0624765	0
3.68926	0.000763831	0.335289	0.0748345	0
3.68928	0.000802658	0.335289	0.0748345	0
3.68925	0.000792051	0.385583	0.0799837	0
3.68869	0.000806128	0.368818	0.0782673	0
3.689	0.000780462	0.402347	0.0817	0
3.6885	0.000788188	0.335289	0.0748345	0
3.68853	0.000770772	0.30176	0.0707152	0
3.68944	0.000784259	0.385583	0.0799837	0
3.68941	0.000809991	0.368818	0.0782673	0
3.68991	0.000799188	0.402347	0.0817	0
3.69059	0.000770117	0.217938	0.0604168	0
3.68972	0.000800104	0.30176	0.0707152	0
3.68894	0.000776926	0.234702	0.0624765	0
3.68915	0.000755778	0.184409	0.055611	0
3.68942	0.000806259	0.268231	0.0669391	0
3.68986	0.0008022	0.402347	0.0817	0
3.68982	0.000803771	0.30176	0.0707152	0
3.68925	0.000761605	0.284996	0.0689988	0
3.68967	0.000800039	0.268231	0.0669391	0
3.68853	0.00080639	0.284996	0.0689988	0
3.68879	0.000780069	0.352054	0.0765509	0
3.68895	0.000801479	0.352054	0.0765509	0
3.68928	0.000812807	0.402347	0.0817	0
3.68998	0.000823872	0.368818	0.0782673	0
3.69037	0.000801807	0.368818	0.0782673	0
3.69064	0.000803771	0.45264	0.0865059	0
3.69076	0.00081189	0.30176	0.0707152	0
3.69028	0.000807176	0.368818	0.0782673	0
3.69139	0.000800759	0.335289	0.0782673	0
3.69025	0.000771557	0.352054	0.0765509	0
3.68999	0.000796241	0.335289	0.0748345	0
3.68958	0.000789694	0.335289	0.0748345	0
3.69065	0.000812021	0.284996	0.0689988	0
3.68964	0.000769855	0.201174	0.0580139	0
3.68917	0.000757546	0.234702	0.0624765	0
3.68907	0.000780069	0.30176	0.0707152	0
3.68905	0.000774962	0.268231	0.0669391	0
3.68912	0.000783539	0.318525	0.0727748	0
3.69021	0.000776992	0.268231	0.0669391	0
3.69083	0.000787664	0.234702	0.0624765	0
3.69034	0.000783932	0.284996	0.0689988	0
3.69048	0.000773194	0.30176	0.0707152	0
3.6905	0.000780724	0.352054	0.0765509	0
3.68997	0.000783605	0.284996	0.0689988	0
3.68923	0.000797354	0.251467	0.0689988	0
3.69078	0.000776271	0.284996	0.0689988	0
3.69128	0.000803836	0.251467	0.0648795	0
3.69021	0.000780789	0.284996	0.0689988	0
3.6896	0.000785373	0.234702	0.0624765	0
3.69008	0.000785765	0.469405	0.0882223	0
3.6901	0.000813265	0.352054	0.0765509	0
3.69078	0.000806979	0.352054	0.0765509	0
3.69066	0.00080292	0.318525	0.0727748	0
3.69098	0.000786551	0.284996	0.0727748	0
3.69115	0.000784456	0.30176	0.0707152	0
3.6916	0.000769331	0.201174	0.0580139	0
3.69089	0.000789694	0.284996	0.0689988	0
3.69081	0.000760099	0.184409	0.055611	0
3.69063	0.000769397	0.268231	0.0669391	0
3.69158	0.000801872	0.335289	0.0748345	0
3.69072	0.000782557	0.217938	0.0604168	0
3.69052	0.000761147	0.352054	0.0765509	0
3.69063	0.000778039	0.251467	0.0648795	0
3.69189	0.000781902	0.234702	0.0624765	0
3.69123	0.000735939	0.167645	0.0528647	0
3.69124	0.000753683	0.268231	0.0669391	0
3.69091	0.000754665	0.234702	0.0624765	0
3.69074	0.000785242	0.234702	0.0624765	0
3.69141	0.000781837	0.284996	0.0689988	0
3.69249	0.000782099	0.352054	0.0799837	0
3.69222	0.000786747	0.385583	0.0799837	0
3.69172	0.000763504	0.284996	0.0689988	0
3.69076	0.000770772	0.284996	0.0689988	0
3.69086	0.000779087	0.30176	0.0707152	0
3.69113	0.000764486	0.284996	0.0689988	0
3.6907	0.000778236	0.234702	0.0624765	0
3.69066	0.000798206	0.352054	0.0765509	0
3.69131	0.000780069	0.201174	0.0580139	0
3.69134	0.000773391	0.284996	0.0689988	0
3.69223	0.00077948	0.30176	0.0707152	0
3.6924	0.000763504	0.30176	0.0707152	0
3.6927	0.00075748	0.268231	0.0669391	0
3.69131	0.000779545	0.284996	0.0689988	0
3.69281	0.000794735	0.284996	0.0689988	0
3.69237	0.000774438	0.15088	0.0501185	0
3.69209	0.000766254	0.368818	0.0782673	0
3.69299	0.000813199	0.284996	0.0689988	0
3.6927	0.000805604	0.385583	0.0799837	0
3.69167	0.000794146	0.251467	0.0648795	0
3.69115	0.000766778	0.318525	0.0727748	0
3.69233	0.000757742	0.184409	0.055611	0
3.69267	0.000761409	0.335289	0.0748345	0
3.69226	0.000783081	0.45264	0.0865059	0
3.69234	0.000794932	0.268231	0.0669391	0
3.69244	0.000811039	0.385583	0.0799837	0
3.69177	0.000763242	0.167645	0.0528647	0
3.69201	0.000778432	0.184409	0.055611	0
3.69238	0.000769659	0.251467	0.0648795	0
3.69244	0.000762587	0.30176	0.0707152	0
3.69184	0.000784521	0.335289	0.0748345	0
3.69233	0.000761802	0.268231	0.0669391	0
3.6917	0.000749558	0.234702	0.0669391	0
3.69201	0.000754796	0.352054	0.0765509	0
3.69293	0.000763831	0.268231	0.0669391	0
3.6929	0.000795456	0.385583	0.0799837	0
3.69411	0.000789628	0.352054	0.0765509	0
3.69386	0.000799253	0.268231	0.0669391	0
3.6921	0.000780396	0.318525	0.0765509	0
3.69295	0.000775355	0.335289	0.0748345	0
3.69338	0.000770117	0.217938	0.0604168	0
3.69337	0.000803116	0.268231	0.0669391	0
3.69354	0.000780462	0.251467	0.0648795	0
3.69489	0.000803836	0.45264	0.0865059	0
3.69405	0.000814967	0.335289	0.0748345	0
3.69349	0.000785896	0.352054	0.0765509	0
3.69332	0.000749951	0.100587	0.04085	0
3.69282	0.000751784	0.217938	0.0604168	0
3.69363	0.000755189	0.284996	0.0689988	0
3.69358	0.000748968	0.167645	0.0528647	0
3.69335	0.000748379	0.30176	0.0707152	0
3.69367	0.000764682	0.268231	0.0669391	0
3.69349	0.000773325	0.368818	0.0817	0
3.69321	0.000767367	0.201174	0.0580139	0
3.69337	0.000738885	0.134116	0.0473723	0
3.69405	0.000753093	0.352054	0.0765509	0
3.69504	0.000779283	0.268231	0.0669391	0
3.69502	0.00079192	0.335289	0.0748345	0
3.69468	0.000783343	0.268231	0.0669391	0
3.69386	0.000778629	0.217938	0.0604168	0
3.69369	0.000779152	0.251467	0.0648795	0
3.69422	0.000792051	0.30176	0.0748345	0
3.69423	0.000763176	0.217938	0.0604168	0
3.69323	0.000758135	0.335289	0.0748345	0
3.69404	0.000776926	0.284996	0.0689988	0
3.694	0.000759837	0.217938	0.0604168	0
3.69439	0.00075676	0.217938	0.0604168	0
3.69474	0.0007747	0.335289	0.0748345	0
3.6947	0.000769789	0.217938	0.0604168	0
3.69335	0.000763635	0.217938	0.0604168	0
3.69378	0.00074851	0.167645	0.0528647	0
3.69502	0.000760754	0.234702	0.0624765	0
3.69489	0.000764551	0.268231	0.0669391	0
3.69452	0.000753159	0.234702	0.0624765	0
3.69414	0.000743992	0.251467	0.0648795	0
3.6935	0.000735677	0.100587	0.04085	0
3.69388	0.000767301	0.201174	0.0580139	0
3.69546	0.000759706	0.184409	0.055611	0
3.69459	0.000758593	0.234702	0.0624765	0
3.69364	0.000748248	0.184409	0.0604168	0
3.69464	0.000759117	0.201174	0.0580139	0
3.69538	0.000769855	0.268231	0.0669391	0
3.69543	0.000762915	0.251467	0.0648795	0
3.6949	0.000768938	0.134116	0.0473723	0
3.69545	0.000761671	0.251467	0.0648795	0
3.69655	0.000774045	0.318525	0.0727748	0
3.69524	0.000781182	0.234702	0.0624765	0
3.69586	0.000766647	0.251467	0.0648795	0
3.69457	0.000748641	0.234702	0.0624765	0
3.69432	0.000743076	0.184409	0.055611	0
3.69562	0.000736528	0.217938	0.0604168	0
3.69603	0.000761671	0.251467	0.0648795	0
3.69663	0.000779087	0.251467	0.0648795	0
3.69638	0.000764944	0.30176	0.0707152	0
3.69546	0.000759117	0.234702	0.0624765	0
3.69581	0.000769528	0.184409	0.055611	0
3.69663	0.00077267	0.251467	0.0648795	0
3.69512	0.000759903	0.100587	0.04085	0
3.69578	0.000785373	0.318525	0.0727748	0
3.69579	0.000770182	0.335289	0.0748345	0
3.69597	0.000749361	0.284996	0.0689988	0
3.69456	0.000744451	0.100587	0.04085	0
3.69526	0.000747201	0.184409	0.055611	0
3.69693	0.000764355	0.184409	0.055611	0
3.69618	0.000765075	0.134116	0.0473723	0
3.69525	0.000751456	0.184409	0.055611	0
3.69562	0.000766516	0.15088	0.0501185	0
3.69655	0.000738623	0.15088	0.0501185	0
3.69656	0.000739671	0.217938	0.0604168	0
3.69615	0.000738231	0.201174	0.0580139	0
3.69607	0.000767891	0.251467	0.0648795	0
3.69658	0.000771426	0.268231	0.0669391	0
3.69665	0.000739278	0.217938	0.0604168	0
3.69625	0.000733451	0.0838223	0.0374172	0
3.6966	0.000740457	0.15088	0.0501185	0
3.69643	0.000731748	0.217938	0.0604168	0
3.69676	0.000747855	0.201174	0.0580139	0
3.69699	0.000732403	0.100587	0.04085	0
3.69691	0.000747921	0.117351	0.0442828	0
3.69712	0.000751064	0.234702	0.0624765	0
3.6969	0.000745629	0.167645	0.0528647	0
3.69704	0.000735284	0.167645	0.0528647	0
3.69664	0.00077123	0.368818	0.0782673	0
3.69822	0.000775355	0.201174	0.0580139	0
3.69823	0.000774045	0.385583	0.0799837	0
3.69805	0.000761671	0.167645	0.0528647	0
3.69715	0.000752373	0.167645	0.0528647	0
3.6979	0.000749427	0.201174	0.0580139	0
3.69773	0.000741701	0.217938	0.0604168	0
3.69711	0.000746611	0.15088	0.0501185	0
3.69644	0.000739998	0.217938	0.0604168	0
3.69823	0.000750802	0.251467	0.0648795	0
3.69887	0.00074923	0.268231	0.0669391	0
3.6987	0.000780396	0.201174	0.0580139	0
3.69886	0.000764159	0.284996	0.0689988	0
3.69838	0.000791985	0.167645	0.0528647	0
3.69845	0.000744909	0.201174	0.0580139	0
3.69827	0.000733385	0.268231	0.0669391	0
3.69823	0.000723302	0.100587	0.04085	0
3.69806	0.000747659	0.184409	0.055611	0
3.69795	0.000747724	0.100587	0.04085	0
3.69842	0.000746677	0.251467	0.0648795	0
3.69885	0.00074982	0.217938	0.0604168	0
3.69938	0.000740719	0.234702	0.0624765	0
3.69832	0.000731683	0.100587	0.04085	0
3.69792	0.000727689	0.217938	0.0604168	0
3.6985	0.000754927	0.234702	0.0624765	0
3.69983	0.000769135	0.201174	0.0580139	0
3.69944	0.0007381	0.15088	0.0501185	0
3.69805	0.000742094	0.217938	0.0604168	0
3.7002	0.000740129	0.268231	0.0669391	0
3.70021	0.000748248	0.234702	0.0624765	0
3.6996	0.000760557	0.201174	0.0580139	0
3.69945	0.000754927	0.134116	0.0473723	0
3.69848	0.000744189	0.167645	0.0528647	0
3.69914	0.000764159	0.217938	0.0604168	0
3.70083	0.00075198	0.251467	0.0648795	0
3.69981	0.000738623	0.201174	0.0580139	0
3.70003	0.000760099	0.217938	0.0604168	0
3.69995	0.000748837	0.251467	0.0648795	0
3.69929	0.000751522	0.268231	0.0669391	0
3.70042	0.00077876	0.318525	0.0727748	0
3.69963	0.000757938	0.167645	0.0528647	0
3.69971	0.000741373	0.217938	0.0604168	0
3.70084	0.000776402	0.217938	0.0604168	0
3.70095	0.000772278	0.184409	0.055611	0
3.70047	0.000774766	0.184409	0.055611	0
3.70102	0.000744713	0.217938	0.0604168	0
3.70046	0.000742879	0.0838223	0.0374172	0
3.70097	0.000754534	0.234702	0.0624765	0
3.7011	0.000768022	0.201174	0.0580139	0
3.70026	0.000719636	0.0670578	0.0336412	0
3.69963	0.000723302	0.15088	0.0501185	0
3.70066	0.000752046	0.217938	0.0604168	0
3.70161	0.000760165	0.217938	0.0604168	0
3.70073	0.000729522	0.234702	0.0624765	0
3.7004	0.000748117	0.217938	0.0604168	0
3.70101	0.00074851	0.201174	0.0580139	0
3.69987	0.000746546	0.30176	0.0707152	0
3.70033	0.00074779	0.134116	0.0473723	0
3.70045	0.000751653	0.184409	0.055611	0
3.70087	0.000747921	0.100587	0.04085	0
3.70112	0.000741963	0.234702	0.0624765	0
3.70146	0.000730635	0.184409	0.055611	0
3.70073	0.000744385	0.184409	0.055611	0
3.701	0.000718719	0.100587	0.04085	0
3.70188	0.00076573	0.217938	0.0604168	0
3.70081	0.000755974	0.268231	0.0669391	0
3.7025	0.000753683	0.318525	0.0727748	0
3.70318	0.000789628	0.318525	0.0727748	0
3.70248	0.000777843	0.251467	0.0648795	0
3.70199	0.000762849	0.184409	0.055611	0
3.70185	0.000744974	0.167645	0.0528647	0
3.70216	0.000746284	0.217938	0.0604168	0
3.70198	0.000744189	0.167645	0.0528647	0
3.70149	0.000758659	0.15088	0.0501185	0
3.70285	0.000762063	0.201174	0.0580139	0
3.70337	0.000772147	0.268231	0.0669391	0
3.70226	0.00077123	0.251467	0.0648795	0
3.70297	0.000748968	0.15088	0.0501185	0
3.70369	0.000747659	0.217938	0.0604168	0
3.70249	0.000755581	0.15088	0.0501185	0
3.70201	0.000726183	0.167645	0.0528647	0
3.70229	0.000742945	0.268231	0.0669391	0
3.70279	0.000747724	0.117351	0.0442828	0
3.70182	0.000751195	0.217938	0.0604168	0
3.70261	0.000724153	0.234702	0.0624765	0
3.70404	0.000727165	0.134116	0.0473723	0
3.70306	0.000725463	0.134116	0.0473723	0
3.70371	0.000731421	0.318525	0.0727748	0
3.70385	0.000742486	0.0838223	0.0374172	0
3.70224	0.000730701	0.134116	0.0473723	0
3.70338	0.00075054	0.217938	0.0604168	0
3.70448	0.00073751	0.167645	0.0528647	0
3.70346	0.000732927	0.167645	0.0528647	0
3.70333	0.000722975	0.117351	0.0442828	0
3.70364	0.000735742	0.251467	0.0648795	0
3.70419	0.00073476	0.184409	0.055611	0
3.70355	0.00074085	0.251467	0.0648795	0
3.70479	0.000781182	0.268231	0.0669391	0
3.70533	0.000748641	0.217938	0.0604168	0
3.70406	0.000736986	0.167645	0.0528647	0
3.70356	0.000734891	0.134116	0.0473723	0
3.70436	0.000747266	0.217938	0.0604168	0
3.70454	0.00076154	0.268231	0.0669391	0
3.70472	0.000769462	0.201174	0.0580139	0
3.70382	0.000764486	0.167645	0.0528647	0
3.70428	0.000758462	0.201174	0.0580139	0
3.70455	0.000747135	0.234702	0.0624765	0
3.70467	0.000760688	0.15088	0.0501185	0
3.70363	0.000748248	0.117351	0.0442828	0
3.70443	0.000735873	0.167645	0.0528647	0
3.7045	0.000748903	0.134116	0.0473723	0
3.70389	0.000734695	0.117351	0.0442828	0
3.70415	0.000741897	0.15088	0.0501185	0
3.7045	0.000735481	0.15088	0.0501185	0
3.7044	0.000738623	0.100587	0.04085	0
3.70462	0.000727231	0.184409	0.055611	0
3.70495	0.000720552	0.117351	0.0442828	0
3.70446	0.00071957	0.0670578	0.0336412	0
3.7048	0.000730701	0.167645	0.0528647	0
3.70548	0.000744647	0.100587	0.04085	0
3.70495	0.000753159	0.100587	0.04085	0
3.70474	0.000726052	0.184409	0.055611	0
3.70577	0.0007381	0.217938	0.0604168	0
3.70634	0.000747201	0.15088	0.0501185	0
3.70565	0.000741963	0.251467	0.0648795	0
3.70495	0.000746611	0.117351	0.0442828	0
3.7058	0.000733975	0.15088	0.0501185	0
3.70639	0.000729457	0.0838223	0.0374172	0
3.70587	0.000739867	0.167645	0.0528647	0
3.70592	0.000754403	0.184409	0.055611	0
3.70611	0.000725594	0.15088	0.0501185	0
3.70494	0.000722909	0.0838223	0.0374172	0
3.70647	0.000736594	0.134116	0.0473723	0
3.70651	0.000741897	0.234702	0.0624765	0
3.70568	0.000746939	0.167645	0.0528647	0
3.7067	0.000758397	0.201174	0.0580139	0
3.70665	0.000730308	0.217938	0.0604168	0
3.70625	0.000723761	0.15088	0.0501185	0
3.70714	0.000746546	0.217938	0.0604168	0
3.70643	0.00076298	0.167645	0.0528647	0
3.7067	0.000773783	0.234702	0.0624765	0
3.70693	0.000741963	0.0838223	0.0374172	0
3.70615	0.000729719	0.134116	0.0473723	0
3.70755	0.000765665	0.251467	0.0648795	0
3.70635	0.000736135	0.15088	0.0501185	0
3.70595	0.000739671	0.117351	0.0442828	0
3.70678	0.000743927	0.167645	0.0528647	0
3.70731	0.000732665	0.117351	0.0442828	0
3.70644	0.000742094	0.117351	0.0442828	0
3.70685	0.000750802	0.201174	0.0580139	0
3.70542	0.000724808	0.100587	0.04085	0
3.70587	0.000727231	0.117351	0.0442828	0
3.70781	0.00072638	0.184409	0.055611	0
3.70759	0.000743927	0.134116	0.0473723	0
3.70623	0.000732862	0.134116	0.0473723	0
3.70788	0.000734302	0.100587	0.04085	0
3.70799	0.000753617	0.201174	0.0580139	0
3.70702	0.000740784	0.117351	0.0442828	0
3.70735	0.0007271	0.0670578	0.0336412	0
3.70824	0.00074373	0.184409	0.055611	0
3.70767	0.000738165	0.0838223	0.0374172	0
3.70752	0.000697112	0.100587	0.04085	0
3.70886	0.000738034	0.234702	0.0624765	0
3.70829	0.000737445	0.134116	0.0473723	0
3.7078	0.000742094	0.117351	0.0442828	0
3.70815	0.000719505	0.0670578	0.0336412	0
3.70802	0.000728147	0.201174	0.0580139	0
3.70961	0.000763438	0.251467	0.0648795	0
3.70898	0.00073129	0.167645	0.0528647	0
3.70743	0.000736856	0.117351	0.0442828	0
3.70867	0.000736725	0.167645	0.0528647	0
3.70983	0.000707064	0.117351	0.0442828	0
3.70953	0.000711713	0.15088	0.0501185	0
3.70864	0.000714267	0.134116	0.0473723	0
3.70899	0.000723891	0.100587	0.04085	0
3.70912	0.000716624	0.100587	0.04085	0
3.70838	0.000736332	0.100587	0.04085	0
3.70878	0.000713808	0.117351	0.0442828	0
3.70901	0.000745695	0.134116	0.0473723	0
3.70885	0.000735939	0.134116	0.0473723	0
3.70921	0.000721011	0.184409	0.055611	0
3.70962	0.000737117	0.117351	0.0442828	0
3.71008	0.000717868	0.15088	0.0501185	0
3.71041	0.000722975	0.117351	0.0442828	0
3.70954	0.000730046	0.117351	0.0442828	0
3.70944	0.000725266	0.100587	0.04085	0
3.70988	0.000728082	0.217938	0.0604168	0
3.71031	0.000735481	0.100587	0.04085	0
3.70984	0.000733451	0.184409	0.055611	0
3.71095	0.000736266	0.201174	0.0580139	0
3.71082	0.000712892	0.167645	0.0528647	0
3.70988	0.000709552	0.0670578	0.0336412	0
3.71025	0.0007271	0.234702	0.0624765	0
3.71169	0.000736266	0.167645	0.0528647	0
3.71143	0.000725332	0.117351	0.0442828	0
3.71034	0.000728802	0.134116	0.0473723	0
3.71093	0.000731552	0.167645	0.0528647	0
3.71081	0.000722844	0.100587	0.04085	0
3.71055	0.000705362	0.0670578	0.0336412	0
3.71114	0.000703856	0.0670578	0.0336412	0
3.71085	0.000701434	0.15088	0.0501185	0
3.71064	0.000711648	0.0838223	0.0374172	0
3.71142	0.000721207	0.201174	0.0580139	0
3.71117	0.000733582	0.15088	0.0501185	0
3.71152	0.00073404	0.117351	0.0442828	0
3.71231	0.000743469	0.100587	0.04085	0
3.71134	0.000732141	0.134116	0.0473723	0
3.71193	0.000745695	0.284996	0.0689988	0
3.71242	0.000766057	0.201174	0.0580139	0
3.71256	0.000750474	0.134116	0.0473723	0
3.71198	0.000742355	0.15088	0.0501185	0
3.7123	0.000738361	0.134116	0.0473723	0
3.71266	0.000730635	0.117351	0.0442828	0
3.71248	0.000734106	0.201174	0.0580139	0
3.71279	0.000728999	0.217938	0.0604168	0
3.71273	0.000720487	0.100587	0.04085	0
3.71298	0.000724219	0.15088	0.0501185	0
3.71364	0.000739344	0.184409	0.055611	0
3.7133	0.000730243	0.134116	0.0473723	0
3.71356	0.000719439	0.0838223	0.0374172	0
3.71252	0.000695541	0.0335289	0.0236861	0
3.71169	0.000704314	0.117351	0.0442828	0
3.71265	0.000716231	0.0502934	0.0291786	0
3.71254	0.000724939	0.0838223	0.0374172	0
3.71278	0.000726772	0.100587	0.04085	0
3.71311	0.000726118	0.15088	0.0501185	0
3.7129	0.000720225	0.0502934	0.0291786	0
3.71319	0.000726314	0.184409	0.055611	0
3.71363	0.000737117	0.167645	0.0528647	0
3.71285	0.000726707	0.0670578	0.0336412	0
3.71387	0.00072926	0.217938	0.0604168	0
3.71423	0.00074301	0.117351	0.0442828	0
3.71284	0.00075054	0.0838223	0.0374172	0
3.71356	0.000729719	0.201174	0.0580139	0
3.71422	0.000744123	0.134116	0.0473723	0
3.71329	0.000738951	0.184409	0.055611	0
3.71438	0.000749296	0.167645	0.0528647	0
3.71512	0.000745695	0.15088	0.0501185	0
3.71381	0.000738558	0.117351	0.0442828	0
3.71365	0.000712171	0.134116	0.0473723	0
3.71401	0.000700582	0.100587	0.04085	0
3.71385	0.000728606	0.167645	0.0528647	0
3.7159	0.000755123	0.217938	0.0604168	0
3.71475	0.000735481	0.0838223	0.0374172	0
3.71408	0.000746349	0.167645	0.0528647	0
3.71559	0.000727165	0.15088	0.0501185	0
3.71558	0.000729457	0.268231	0.0669391	0
3.7144	0.000710796	0.0838223	0.0374172	0
3.71517	0.000739736	0.117351	0.0442828	0
3.71629	0.000723106	0.100587	0.04085	0
3.71634	0.000728606	0.284996	0.0689988	0
3.71437	0.000737445	0.167645	0.0528647	0
3.71397	0.000738689	0.234702	0.0624765	0
3.71543	0.000725136	0.117351	0.0442828	0
3.71526	0.000716231	0.0838223	0.0374172	0
3.71412	0.000727951	0.15088	0.0501185	0
3.71494	0.000726183	0.251467	0.0648795	0
3.71513	0.000737445	0.100587	0.04085	0
3.71559	0.000747659	0.117351	0.0442828	0
3.71514	0.000745957	0.284996	0.0689988	0
3.71531	0.000755058	0.134116	0.0473723	0
3.71567	0.000721338	0.117351	0.0442828	0
3.71528	0.000739475	0.117351	0.0442828	0
3.71551	0.000735612	0.15088	0.0501185	0
3.71632	0.000744058	0.167645	0.0528647	0
3.7159	0.00074851	0.134116	0.0473723	0
3.71639	0.000717737	0.0502934	0.0291786	0
3.71683	0.000724743	0.134116	0.0473723	0
3.7168	0.000712761	0.134116	0.0473723	0
3.71681	0.000717475	0.117351	0.0442828	0
3.71617	0.000725856	0.117351	0.0442828	0
3.71678	0.00073535	0.234702	0.0624765	0
3.71573	0.000706737	0.0670578	0.0336412	0
3.71646	0.000719308	0.167645	0.0528647	0
3.71666	0.000717999	0.0502934	0.0291786	0
3.71554	0.000724481	0.15088	0.0501185	0
3.71737	0.000723106	0.0502934	0.0291786	0
3.71706	0.000721403	0.117351	0.0442828	0
3.71582	0.000730243	0.167645	0.0528647	0
3.7162	0.000741373	0.167645	0.0528647	0
3.71602	0.000716427	0.117351	0.0442828	0
3.71656	0.000724677	0.0838223	0.0374172	0
3.71678	0.000705428	0.100587	0.04085	0
3.7173	0.000726052	0.117351	0.0442828	0
3.71789	0.000740719	0.0838223	0.0374172	0
3.71888	0.000799646	0.100587	0.04085	0
3.71845	0.000724415	0.217938	0.0604168	0
3.71709	0.000764159	0.217938	0.0604168	0
3.71758	0.000745302	0.184409	0.055611	0
3.71862	0.00076298	0.201174	0.0580139	0
3.71877	0.000724743	0.167645	0.0528647	0
3.71815	0.000735284	0.117351	0.0442828	0
3.71866	0.00071466	0.134116	0.0473723	0
3.71921	0.000709683	0.100587	0.04085	0
3.71877	0.00070307	0.0502934	0.0291786	0
3.71861	0.000730701	0.134116	0.0473723	0
3.71884	0.000712302	0.15088	0.0501185	0
3.71847	0.000720814	0.134116	0.0473723	0
3.71918	0.000711779	0.15088	0.0501185	0
3.72005	0.000707523	0.0670578	0.0336412	0
3.71919	0.000743076	0.201174	0.0580139	0
3.71929	0.000724022	0.15088	0.0501185	0
3.71907	0.000727296	0.117351	0.0442828	0
3.71866	0.000735219	0.184409	0.055611	0
3.71918	0.000724546	0.117351	0.0442828	0
3.71902	0.000718915	0.134116	0.0473723	0
3.71902	0.000703005	0.100587	0.04085	0
3.71982	0.000728016	0.284996	0.0689988	0
3.7196	0.000748772	0.134116	0.0473723	0
3.71915	0.000726576	0.167645	0.0528647	0
3.71983	0.000721207	0.167645	0.0528647	0
3.72038	0.000723564	0.117351	0.0442828	0
3.72027	0.000742748	0.15088	0.0501185	0
3.71982	0.00074504	0.15088	0.0501185	0
3.72055	0.000735546	0.167645	0.0528647	0
3.71993	0.000728933	0.15088	0.0501185	0
3.72081	0.000744451	0.117351	0.0442828	0
3.72062	0.000715904	0.117351	0.0442828	0
3.72053	0.000692594	0.0838223	0.0374172	0
3.71981	0.000716755	0.117351	0.0442828	0
3.72006	0.000714594	0.134116	0.0473723	0
3.72048	0.000707654	0.0502934	0.0291786	0
3.72065	0.00072638	0.15088	0.0501185	0
3.72056	0.000738689	0.184409	0.055611	0
3.72097	0.000710927	0.0838223	0.0374172	0
3.72095	0.000712957	0.117351	0.0442828	0
3.72134	0.000718326	0.0670578	0.0336412	0
3.72066	0.000727558	0.217938	0.0604168	0
3.72192	0.000722124	0.184409	0.055611	0
3.72045	0.000704838	0.0838223	0.0374172	0
3.72195	0.000702612	0.0838223	0.0374172	0
3.72187	0.0007271	0.201174	0.0580139	0
3.72097	0.000722909	0.0167645	0.0168206	0
3.72139	0.000703529	0.0670578	0.0336412	0
3.72177	0.000697898	0.134116	0.0473723	0
3.72237	0.000727689	0.184409	0.055611	0
3.7209	0.000731225	0.0838223	0.0374172	0
3.72068	0.000721862	0.167645	0.0528647	0
3.72236	0.000751653	0.15088	0.0501185	0
3.72277	0.000726903	0.15088	0.0501185	0
3.72249	0.000707981	0.100587	0.04085	0
3.72356	0.000725528	0.167645	0.0528647	0
3.72216	0.000716689	0.134116	0.0473723	0
3.72221	0.000721142	0.100587	0.04085	0
3.72312	0.000731094	0.100587	0.04085	0
3.72214	0.000717279	0.0670578	0.0336412	0
3.72262	0.000724219	0.0838223	0.0374172	0
3.72322	0.000716493	0.0670578	0.0336412	0
3.72367	0.000722058	0.117351	0.0442828	0
3.72292	0.000713285	0.0838223	0.0374172	0
3.72285	0.0007051	0.100587	0.04085	0
3.72404	0.000708963	0.0670578	0.0336412	0
3.72343	0.000731421	0.100587	0.04085	0
3.72346	0.000743141	0.167645	0.0580139	0
3.72377	0.000743927	0.167645	0.0528647	0
3.72315	0.000738034	0.15088	0.0501185	0
3.72299	0.000721469	0.0670578	0.0336412	0
3.72359	0.000702219	0.0502934	0.0291786	0
3.72242	0.000710796	0.0838223	0.0374172	0
3.72372	0.000719505	0.100587	0.04085	0
3.72417	0.00074229	0.167645	0.0528647	0
3.72315	0.000707326	0.100587	0.04085	0
3.72404	0.000712695	0.0670578	0.0336412	0
3.72527	0.000725397	0.167645	0.0528647	0
3.72474	0.000712499	0.0670578	0.0336412	0
3.72448	0.00070916	0.0502934	0.0291786	0
3.72508	0.000714398	0.134116	0.0473723	0
3.72457	0.000725659	0.0670578	0.0336412	0
3.72475	0.000730504	0.134116	0.0473723	0
3.72504	0.00071813	0.100587	0.04085	0
3.72514	0.000728344	0.0838223	0.0374172	0
3.72391	0.000690499	0.0670578	0.0336412	0
3.72362	0.000707719	0.0838223	0.0374172	0
3.72428	0.000693708	0.0670578	0.0336412	0
3.72445	0.000711975	0.0838223	0.0374172	0
3.72423	0.000712433	0.0502934	0.0291786	0
3.72538	0.000711451	0.0670578	0.0336412	0
3.72539	0.000726641	0.117351	0.0442828	0
3.725	0.000709683	0.0670578	0.0336412	0
3.72496	0.000716558	0.0335289	0.0236861	0
3.72551	0.000721993	0.184409	0.055611	0
3.72594	0.000710993	0.117351	0.0442828	0
3.72656	0.000715904	0.184409	0.055611	0
3.72559	0.00073332	0.134116	0.0473723	0
3.72629	0.000736986	0.100587	0.04085	0
3.72563	0.000731094	0.0838223	0.0374172	0
3.72604	0.000712826	0.100587	0.04085	0
3.72578	0.000713743	0.100587	0.04085	0
3.72553	0.000711451	0.100587	0.04085	0
3.72665	0.000691481	0.0167645	0.0168206	0
3.72593	0.000695213	0.0670578	0.0336412	0
3.72612	0.000710469	0.0838223	0.0374172	0
3.72653	0.000710862	0.0670578	0.0336412	0
3.72665	0.000692398	0.0502934	0.0291786	0
3.72738	0.000711779	0.134116	0.0473723	0
3.72728	0.000705428	0.0670578	0.0336412	0
3.72637	0.00071538	0.100587	0.04085	0
3.72678	0.00070438	0.100587	0.04085	0
3.72655	0.000728016	0.100587	0.04085	0
3.72615	0.000695475	0.0502934	0.0291786	0
3.72742	0.000686636	0.134116	0.0473723	0
3.72717	0.000707326	0.0670578	0.0336412	0
3.72809	0.00074085	0.100587	0.04085	0
3.72739	0.000724284	0.134116	0.0473723	0
3.72681	0.000718326	0.100587	0.04085	0
3.72813	0.000742224	0.15088	0.0501185	0
3.72739	0.000692267	0.0670578	0.0336412	0
3.72702	0.000713874	0.100587	0.04085	0
3.72827	0.000718392	0.134116	0.0473723	0
3.72827	0.000711058	0.15088	0.0501185	0
3.7282	0.000717933	0.117351	0.0442828	0
3.72856	0.000719505	0.100587	0.04085	0
3.72745	0.000697767	0.0502934	0.0291786	0
3.7287	0.000691481	0.0502934	0.0291786	0
3.72956	0.000698487	0.0670578	0.0336412	0
3.72961	0.000724546	0.100587	0.04085	0
3.72908	0.000698684	0.15088	0.0501185	0
0	0	0	0	0
0	0	0	0	0
0	0	0	0	0
0	0	0	0	0
0	0	0	0	0
0	0	0	0	0
0	0	0	0	0
0	0	0	0	0
0	0	0	0	0
0	0	0	0	0
0	0	0	0	0
0	0	0	0	0
0	0	0	0	0
0	0	0	0	0
0	0	0	0	0
0	0	0	0	0
0	0	0	0	0
0	0	0	0	0
0	0	0	0	0
0	0	0	0	0
0	0	0	0	0
0	0	0	0	0
0	0	0	0	0
0	0	0	0	0
0	0	0	0	0
0	0	0	0	0
0	0	0	0	0
0	0	0	0	0
0	0	0	0	0
0	0	0	0	0
0	0	0	0	0
0	0	0	0	0
0	0	0	0	0
0	0	0	0	0
0	0	0	0	0
0	0	0	0	0
0	0	0	0	0
0	0	0	0	0
0	0	0	0	0
0	0	0	0	0
0	0	0	0	0
0	0	0	0	0
0	0	0	0	0
0	0	0	0	0
0	0	0	0	0
0	0	0	0	0
0	0	0	0	0
0	0	0	0	0
0	0	0	0	0
0	0	0	0	0
0	0	0	0	0
0	0	0	0	0
0	0	0	0	0
0	0	0	0	0
0	0	0	0	0
0	0	0	0	0
0	0	0	0	0
0	0	0	0	0
0	0	0	0	0
0	0	0	0	0
0	0	0	0	0
0	0	0	0	0
0	0	0	0	0
0	0	0	0	0
0	0	0	0	0
0	0	0	0	0
0	0	0	0	0
0	0	0	0	0
0	0	0	0	0
0	0	0	0	0
0	0	0	0	0
0	0	0	0	0
0	0	0	0	0
0	0	0	0	0
0	0	0	0	0
0	0	0	0	0
0	0	0	0	0
0	0	0	0	0
0	0	0	0	0
0	0	0	0	0
0	0	0	0	0
0	0	0	0	0
0	0	0	0	0
0	0	0	0	0
0	0	0	0	0
0	0	0	0	0
0	0	0	0	0
0	0	0	0	0
0	0	0	0	0
0	0	0	0	0
0	0	0	0	0
0	0	0	0	0
0	0	0	0	0
0	0	0	0	0
0	0	0	0	0
0	0	0	0	0
0	0	0	0	0
0	0	0	0	0
0	0	0	0	0
0	0	0	0	0
0	0	0	0	0
0	0	0	0	0
0	0	0	0	0
0	0	0	0	0
0	0	0	0	0
0	0	0	0	0
0	0	0	0	0
0	0	0	0	0
0	0	0	0	0
0	0	0	0	0
0	0	0	0	0
0	0	0	0	0
0	0	0	0	0
0	0	0	0	0
0	0	0	0	0
0	0	0	0	0
0	0	0	0	0
0	0	0	0	0
0	0	0	0	0
0	0	0	0	0
0	0	0	0	0
0	0	0	0	0
0	0	0	0	0
0	0	0	0	0
0	0	0	0	0
0	0	0	0	0
0	0	0	0	0
0	0	0	0	0
0	0	0	0	0
0	0	0	0	0
0	0	0	0	0
0	0	0	0	0
0	0	0	0	0
0	0	0	0	0
0	0	0	0	0
0	0	0	0	0
0	0	0	0	0
0	0	0	0	0
0	0	0	0	0
0	0	0	0	0
0	0	0	0	0
0	0	0	0	0
0	0	0	0	0
0	0	0	0	0
0	0	0	0	0
0	0	0	0	0
0	0	0	0	0
0	0	0	0	0
0	0	0	0	0
0	0	0	0	0
0	0	0	0	0
0	0	0	0	0
0	0	0	0	0
0	0	0	0	0
0	0	0	0	0
0	0	0	0	0
0	0	0	0	0
0	0	0	0	0
0	0	0	0	0
0	0	0	0	0
0	0	0	0	0
0	0	0	0	0
0	0	0	0	0
0	0	0	0	0
0	0	0	0	0
0	0	0	0	0
0	0	0	0	0
0	0	0	0	0
0	0	0	0	0
0	0	0	0	0
0	0	0	0	0
0	0	0	0	0
0	0	0	0	0
0	0	0	0	0
0	0	0	0	0
0	0	0	0	0
0	0	0	0	0
0	0	0	0	0
0	0	0	0	0
0	0	0	0	0
0	0	0	0	0
0	0	0	0	0
0	0	0	0	0
0	0	0	0	0
0	0	0	0	0
0	0	0	0	0
0	0	0	0	0
0	0	0	0	0
0	0	0	0	0
0	0	0	0	0
0	0	0	0	0
0	0	0	0	0
0	0	0	0	0
0	0	0	0	0
0	0	0	0	0
0	0	0	0	0
0	0	0	0	0
0	0	0	0	0
0	0	0	0	0
0	0	0	0	0
0	0	0	0	0
0	0	0	0	0
0	0	0	0	0
0	0	0	0	0
0	0	0	0	0
0	0	0	0	0
0	0	0	0	0
0	0	0	0	0
0	0	0	0	0
0	0	0	0	0
0	0	0	0	0
0	0	0	0	0
0	0	0	0	0
0	0	0	0	0
0	0	0	0	0
0	0	0	0	0
0	0	0	0	0
0	0	0	0	0
0	0	0	0	0
0	0	0	0	0
0	0	0	0	0
0	0	0	0	0
0	0	0	0	0
0	0	0	0	0
0	0	0	0	0
0	0	0	0	0
0	0	0	0	0
0	0	0	0	0
0	0	0	0	0
0	0	0	0	0
0	0	0	0	0
0	0	0	0	0
0	0	0	0	0
0	0	0	0	0
0	0	0	0	0
0	0	0	0	0
0	0	0	0	0
0	0	0	0	0
0	0	0	0	0
0	0	0	0	0
0	0	0	0	0
0	0	0	0	0
0	0	0	0	0
0	0	0	0	0
0	0	0	0	0
0	0	0	0	0
0	0	0	0	0
0	0	0	0	0
0	0	0	0	0
0	0	0	0	0
0	0	0	0	0
0	0	0	0	0
0	0	0	0	0
0	0	0	0	0
0	0	0	0	0
0	0	0	0	0
0	0	0	0	0
0	0	0	0	0
0	0	0	0	0
0	0	0	0	0
0	0	0	0	0
0	0	0	0	0
0	0	0	0	0
0	0	0	0	0
0	0	0	0	0
0	0	0	0	0
0	0	0	0	0
0	0	0	0	0
0	0	0	0	0
0	0	0	0	0
0	0	0	0	0
0	0	0	0	0
0	0	0	0	0
0	0	0	0	0
0	0	0	0	0
0	0	0	0	0
0	0	0	0	0
0	0	0	0	0
0	0	0	0	0
0	0	0	0	0
0	0	0	0	0
0	0	0	0	0
0	0	0	0	0
0	0	0	0	0
0	0	0	0	0
0	0	0	0	0
0	0	0	0	0
0	0	0	0	0
0	0	0	0	0
0	0	0	0	0
0	0	0	0	0
0	0	0	0	0
0	0	0	0	0
0	0	0	0	0
0	0	0	0	0
0	0	0	0	0
0	0	0	0	0
0	0	0	0	0
0	0	0	0	0
0	0	0	0	0
0	0	0	0	0
0	0	0	0	0
0	0	0	0	0
0	0	0	0	0
0	0	0	0	0
0	0	0	0	0
0	0	0	0	0
0	0	0	0	0
0	0	0	0	0
0	0	0	0	0
0	0	0	0	0
0	0	0	0	0
0	0	0	0	0
0	0	0	0	0
0	0	0	0	0
0	0	0	0	0
0	0	0	0	0
0	0	0	0	0
0	0	0	0	0
0	0	0	0	0
0	0	0	0	0
0	0	0	0	0
0	0	0	0	0
0	0	0	0	0
0	0	0	0	0
0	0	0	0	0
0	0	0	0	0
0	0	0	0	0
0	0	0	0	0
0	0	0	0	0
0	0	0	0	0
0	0	0	0	0
0	0	0	0	0
0	0	0	0	0
0	0	0	0	0
0	0	0	0	0
0	0	0	0	0
0	0	0	0	0
0	0	0	0	0
0	0	0	0	0
0	0	0	0	0
0	0	0	0	0
0	0	0	0	0
0	0	0	0	0
0	0	0	0	0
0	0	0	0	0
0	0	0	0	0
0	0	0	0	0
0	0	0	0	0
0	0	0	0	0
0	0	0	0	0
0	0	0	0	0
0	0	0	0	0
0	0	0	0	0
0	0	0	0	0
0	0	0	0	0
0	0	0	0	0
0	0	0	0	0
0	0	0	0	0
0	0	0	0	0
0	0	0	0	0
0	0	0	0	0
0	0	0	0	0
0	0	0	0	0
0	0	0	0	0
0	0	0	0	0
0	0	0	0	0
0	0	0	0	0
0	0	0	0	0
0	0	0	0	0
0	0	0	0	0
0	0	0	0	0
0	0	0	0	0
0	0	0	0	0
0	0	0	0	0
0	0	0	0	0
0	0	0	0	0
0	0	0	0	0
0	0	0	0	0
0	0	0	0	0
0	0	0	0	0
0	0	0	0	0
0	0	0	0	0
0	0	0	0	0
0	0	0	0	0
0	0	0	0	0
0	0	0	0	0
0	0	0	0	0
0	0	0	0	0
0	0	0	0	0
0	0	0	0	0
0	0	0	0	0
0	0	0	0	0
0	0	0	0	0
0	0	0	0	0
0	0	0	0	0
0	0	0	0	0
0	0	0	0	0
0	0	0	0	0
0	0	0	0	0
