a2610506.050145
Narit-cm 05/01/2026 05:35:02 05/01/2026 06:05:01 0045 0013.384714 0052.542598 00.0 00.0
0002381 0010 0000000 0010 05 0000000 0010 0000000 0010
1 0 1 01600 1 0000 3.75 00000.o 0 0 01 000 16 002381 0.500 BT0
1 2 1 02000 1 0000 3.75 00000.o 0 0 01 000 16 002381 0.500 S2A0
1 1 1 01600 1 0000 3.75 00000.o 0 0 00 000 00 002381 3.1746 BC0
1 3 1 02000 1 0000 3.75 00000.o 0 0 00 000 00 002381 3.1746 S2P0
1 5 0 01600 0 0000 1.00 00000.o 0 0 00 000 00 000000 0.000 OF0
0.000 .o Analog 0 	0.000 .o Analog StErr 0 	0.000 .o Photon Counting 0 	0.000 .o PC StErr 0 	0.000 .o Overflow Info 0 
30.4661	0.183388	171.491	0.896712	0
74.8044	0.46677	196.405	0.888103	0
301.117	2.32512	108.156	1.3585	0
474.092	0.0285024	0.890382	0.12087	0
473.457	0	0	0	0
473.457	0	0.134397	0.0475216	0
473.457	6.43677E-6	18.614	0.540989	0
473.457	9.06403E-6	5.39269	0.324731	0
473.457	0	1.51197	0.194907	0
473.457	0	6.55187	0.353313	0
473.457	0	30.2562	0.687342	0
473.457	0	89.2062	1.03239	0
473.457	0	155.178	1.00897	0
473.457	6.43677E-6	139.269	1.06028	0
473.457	0	111.315	0.975226	0
473.457	6.43677E-6	99.958	0.932181	0
473.457	0	101.285	0.925294	0
473.457	0	111.147	0.926327	0
473.457	0	128.232	0.920817	0
473.457	0	126.401	0.920817	0
473.457	0	125.645	0.925294	0
473.457	0	145.166	0.903944	0
473.457	0	164.385	0.915996	0
473.457	0	180.025	0.901189	0
473.457	0	191.399	0.901533	0
473.457	0	199.731	0.912208	0
473.457	0	202.453	0.886381	0
473.457	0	203.108	0.883971	0
473.457	0	204.486	0.889481	0
473.457	0	204.57	0.878806	0
473.457	0	203.562	0.888792	0
473.457	0	203.478	0.889825	0
473.458	0.000910081	202.117	0.883627	0
475.418	0.135248	202.318	0.877772	1
483.129	0.247634	202.822	0.881216	1
497.667	0.138102	201.949	0.896368	1
500	0	201.932	0.887759	1
500	0	202.57	0.903944	1
499.933	0.0234898	201.882	0.889136	1
497.668	0.164287	201.714	0.880872	1
483.821	0.430132	202.352	0.910831	1
441.319	0.586631	203.394	0.911175	1
389.026	0.609244	202.402	0.886726	1
338.549	0.573522	202.033	0.882249	0
293.263	0.550738	204.049	0.888103	0
249.462	0.534355	202.957	0.874673	0
207.807	0.501102	202.638	0.872607	0
170.961	0.467175	202.906	0.870541	0
138.429	0.429223	202.705	0.874329	0
110.078	0.383631	201.646	0.883971	0
86.4239	0.34059	199.748	0.876739	0
66.8292	0.295255	199.563	0.861932	0
51.0271	0.249101	199.513	0.883971	0
39.0053	0.20943	195.582	0.863998	0
30.0198	0.170023	195.598	0.865031	0
23.2874	0.136517	194.372	0.882593	0
18.4395	0.113483	193.885	0.865376	0
14.9783	0.0909577	191.415	0.876395	0
12.4885	0.0716717	190.34	0.878806	0
10.7682	0.0601534	190.743	0.857455	0
9.48777	0.0502796	186.09	0.856078	0
8.47788	0.0412491	186.023	0.83335	0
7.80985	0.0362248	183.604	0.851257	0
7.38091	0.0327253	182.461	0.859521	0
7.07702	0.0303982	180.58	0.852979	0
6.90742	0.0290072	180.546	0.860554	0
6.77068	0.0283453	177.371	0.857455	0
6.64868	0.0274812	176.716	0.84437	0
6.6248	0.0270279	173.625	0.858144	0
6.67055	0.0264598	174.767	0.863309	0
6.70022	0.0259198	172.331	0.836105	0
6.69756	0.0254327	170.483	0.844714	0
6.66591	0.0244475	169.744	0.868819	0
6.62932	0.0243776	168.652	0.850912	0
6.62308	0.0236807	167.207	0.850912	0
6.61405	0.0234552	166.921	0.869508	0
6.61072	0.0236504	165.813	0.849191	0
6.64681	0.0229751	165.426	0.851945	0
6.66861	0.0232062	162.688	0.861932	0
6.70475	0.0234021	164.368	0.860554	0
6.77039	0.0226436	162.604	0.852979	0
6.82225	0.0226383	162.016	0.850912	0
6.91309	0.0230231	160.672	0.835416	0
7.01169	0.0221432	162.57	0.859521	0
7.06023	0.0223363	162.688	0.848502	0
7.12866	0.0224251	160.437	0.859521	0
7.24245	0.0223275	159.462	0.868475	0
7.30556	0.022503	160.84	0.849879	0
7.32196	0.0221587	159.244	0.856078	0
7.36793	0.0220599	158.975	0.825774	0
7.38764	0.0215358	158.27	0.865031	0
7.3745	0.0214159	157.631	0.851601	0
7.42185	0.0215923	157.379	0.854012	0
7.494	0.0210307	157.178	0.829218	0
7.52823	0.0208971	156.506	0.8578	0
7.52578	0.0206917	156.422	0.831973	0
7.49619	0.0205486	155.699	0.854012	0
7.51026	0.0206962	156.119	0.86021	0
7.55953	0.0205622	153.633	0.850224	0
7.58445	0.0204607	153.465	0.840926	0
7.58872	0.0199823	153.868	0.851257	0
7.6026	0.0190208	153.986	0.839204	0
7.58792	0.0192597	152.407	0.849535	0
7.56553	0.019325	152.087	0.854356	0
7.55556	0.0195953	152.205	0.842303	0
7.52123	0.0186857	150.676	0.855045	0
7.52297	0.0185278	150.155	0.837138	0
7.48889	0.0183435	148.61	0.854356	0
7.43043	0.0178968	150.004	0.843337	0
7.43722	0.0177047	149.114	0.858833	0
7.40385	0.0175358	147.484	0.839893	0
7.37434	0.017743	147.4	0.845058	0
7.39934	0.0176768	147.4	0.852979	0
7.40194	0.0176346	147.031	0.847469	0
7.36951	0.0170046	144.444	0.854012	0
7.35513	0.0170246	145.216	0.842648	0
7.4078	0.0174377	145.199	0.861243	0
7.42494	0.0163795	144.477	0.854012	0
7.3899	0.016792	145.166	0.849191	0
7.38652	0.0169396	143.721	0.859866	0
7.37827	0.0173116	143.436	0.837138	0
7.33047	0.0168043	142.545	0.831628	0
7.28277	0.0167864	141.42	0.842648	0
7.26006	0.0165206	141.184	0.868475	0
7.24713	0.0165151	142.344	0.84127	0
7.22494	0.0160416	140.748	0.841959	0
7.23325	0.0163063	139.74	0.832317	0
7.23458	0.016302	138.48	0.834039	0
7.20253	0.0159623	136.716	0.85229	0
7.1894	0.0162423	137.64	0.868819	0
7.17544	0.0155332	137.32	0.850568	0
7.14662	0.0155473	136.514	0.835761	0
7.12808	0.0153216	137.371	0.851601	0
7.12593	0.0155135	134.801	0.886037	0
7.11453	0.0157819	134.901	0.82784	0
7.09422	0.0154051	135.254	0.866409	0
7.06579	0.0150445	133.994	0.850568	0
7.0355	0.0151056	133.725	0.834728	0
7.01719	0.0152006	133.675	0.850912	0
7.00988	0.0154023	132.449	0.845058	0
7.01029	0.0153401	132.163	0.8547	0
7.00324	0.0154167	131.222	0.864342	0
6.94479	0.0149138	132.869	0.846091	0
6.89997	0.0149079	128.769	0.842303	0
6.87596	0.0143502	128.349	0.863998	0
6.82645	0.0140586	127.358	0.862621	0
6.79029	0.0138874	128.215	0.858833	0
6.78072	0.0136507	127.829	0.864342	0
6.75921	0.0138032	127.291	0.831628	0
6.71307	0.0136321	124.502	0.840926	0
6.67572	0.0135815	126.35	0.866064	0
6.64351	0.0133077	123.965	0.857111	0
6.59709	0.0129183	123.192	0.842648	0
6.55656	0.0127918	123.545	0.845403	0
6.51772	0.0126036	121.478	0.843681	0
6.47031	0.0127295	120.403	0.846091	0
6.43381	0.0128477	119.16	0.859177	0
6.39949	0.0120456	117.06	0.839893	0
6.36019	0.0121417	118.824	0.84437	0
6.32539	0.0118316	115.01	0.847124	0
6.28057	0.0118474	115.548	0.854356	0
6.22728	0.0117199	113.952	0.857455	0
6.17643	0.0115614	113.196	0.832317	0
6.09448	0.0115327	111.365	0.848158	0
5.99275	0.0107635	109.248	0.824052	0
5.9302	0.0105943	107.77	0.835761	0
5.89818	0.0103943	104.544	0.833694	0
5.84715	0.0103796	102.965	0.811311	0
5.79382	0.0104845	102.209	0.845403	0
5.75122	0.0104495	101.285	0.846091	0
5.70631	0.0103018	98.7484	0.830251	0
5.67272	0.010276	99.37	0.857455	0
5.65601	0.0103287	96.6821	0.831628	0
5.61408	0.00987198	96.3461	0.823019	0
5.56392	0.00967868	94.2629	0.831628	0
5.54915	0.00967427	94.9013	0.842992	0
5.52559	0.0096505	92.1294	0.83335	0
5.47496	0.00916373	91.5414	0.833006	0
5.44109	0.00942744	89.9118	0.824397	0
5.40816	0.00951789	88.3158	0.822675	0
5.37619	0.00890731	87.6438	0.830595	0
5.36201	0.0089412	87.2911	0.826119	0
5.33062	0.00863664	85.1071	0.811311	0
5.29781	0.0086237	83.1247	0.839893	0
5.2718	0.008617	82.9735	0.851257	0
5.24652	0.00838167	83.5447	0.811311	0
5.23779	0.0083213	80.1512	0.820953	0
5.22188	0.00826574	80.504	0.820609	0
5.19927	0.00821208	79.0256	0.815099	0
5.18159	0.00771329	78.3872	0.801325	0
5.17691	0.0081171	78.74	0.806834	0
5.16487	0.00815171	78.5384	0.837482	0
5.12691	0.00796761	75.3297	0.814066	0
5.09205	0.00772367	74.4225	0.801669	0
5.08096	0.00761484	74.1201	0.811655	0
5.06919	0.00786048	72.289	0.81751	0
5.03865	0.00752393	72.0034	0.820953	0
5.02237	0.00759145	72.5409	0.810967	0
5.01277	0.0075328	70.4746	0.796848	0
4.98788	0.00746633	71.2642	0.817854	0
4.97711	0.00736511	69.6514	0.798225	0
4.97107	0.00719244	67.1819	0.802702	0
4.94716	0.00724623	69.0466	0.802702	0
4.91833	0.00702666	65.9555	0.808901	0
4.89369	0.00686613	64.8299	0.795126	0
4.88219	0.0068327	64.5443	0.819576	0
4.87739	0.00695612	63.1331	0.794437	0
4.86427	0.00679815	62.3268	0.802358	0
4.84158	0.00670889	62.6291	0.781696	0
4.82153	0.0066375	60.8652	0.779286	0
4.8103	0.00660262	59.4708	0.780663	0
4.78734	0.00636295	57.9924	0.75828	0
4.77088	0.00645017	59.2356	0.789961	0
4.76952	0.00636991	58.2108	0.770677	0
4.75578	0.00641825	57.3877	0.762756	0
4.73561	0.00619783	56.6317	0.778941	0
4.72531	0.00628269	54.7333	0.777564	0
4.70413	0.00626397	53.7757	0.768955	0
4.68877	0.00611756	53.3893	0.749326	0
4.67873	0.00599113	52.8853	0.7662	0
4.66373	0.00616118	52.4318	0.757591	0
4.64962	0.00595973	50.7014	0.743472	0
4.63764	0.00586482	51.9446	0.766889	0
4.61726	0.00568453	48.467	0.744161	0
4.59969	0.00566607	48.4166	0.743472	0
4.59141	0.00563185	47.1063	0.729698	0
4.57745	0.00552058	47.0055	0.729009	0
4.55764	0.00554292	45.5607	0.705937	0
4.54566	0.00539421	45.4095	0.726254	0
4.53246	0.00541674	43.9143	0.733141	0
4.51575	0.00527691	42.7719	0.700772	0
4.49778	0.00519763	42.3184	0.70146	0
4.48488	0.00504788	41.5624	0.704904	0
4.46911	0.00502088	39.9664	0.70697	0
4.45979	0.00511875	40.2016	0.710069	0
4.4563	0.00486535	38.8744	0.694229	0
4.44144	0.00497497	38.6392	0.687686	0
4.43341	0.00497379	38.572	0.680454	0
4.42439	0.00486305	37.5808	0.682865	0
4.41499	0.00481674	37.0937	0.67219	0
4.41229	0.00480236	37.5976	0.694229	0
4.40386	0.00476407	36.7409	0.688719	0
4.39581	0.0047793	36.6737	0.672534	0
4.38729	0.00448288	35.5817	0.67219	0
4.37221	0.00450285	34.2881	0.668746	0
4.36614	0.00446443	33.6161	0.643608	0
4.37377	0.00454068	34.4393	0.666336	0
4.36722	0.00462732	34.1201	0.682176	0
4.34888	0.00448098	32.5073	0.641197	0
4.34291	0.0044687	32.5241	0.649118	0
4.34213	0.00438988	32.5409	0.660137	0
4.33172	0.00430548	31.6002	0.647396	0
4.32646	0.00445254	30.3402	0.641197	0
4.3197	0.00431875	31.2474	0.632244	0
4.31055	0.00434022	31.1466	0.650495	0
4.31022	0.00427599	30.5922	0.6319	0
4.30223	0.00404275	29.9202	0.622258	0
4.29645	0.00419008	30.8946	0.640853	0
4.29083	0.00410922	28.9626	0.6319	0
4.28553	0.00416821	29.6178	0.62088	0
4.28367	0.00414962	29.433	0.637754	0
4.27837	0.00422784	29.2314	0.641542	0
4.27343	0.00416157	28.7442	0.611583	0
4.26505	0.00408216	27.9042	0.612271	0
4.26084	0.00406193	27.8706	0.617781	0
4.26427	0.00414561	27.6858	0.608139	0
4.25593	0.00400761	26.6611	0.606073	0
4.24674	0.00393589	27.921	0.613304	0
4.24058	0.00393491	25.7707	0.584378	0
4.23528	0.00384361	26.6107	0.59161	0
4.23348	0.00392151	25.4011	0.597808	0
4.22567	0.00386062	26.4427	0.597119	0
4.22481	0.00392046	25.9891	0.593676	0
4.22239	0.00389379	25.5355	0.588855	0
4.21117	0.00377385	25.5691	0.587133	0
4.20544	0.00376256	24.5611	0.57818	0
4.20467	0.00381031	24.8803	0.591265	0
4.19903	0.0038442	24.2923	0.587477	0
4.18645	0.00372183	23.9395	0.58059	0
4.17338	0.00363645	22.1756	0.566471	0
4.16922	0.00373957	22.4444	0.582312	0
4.1673	0.00363165	21.8732	0.554419	0
4.15594	0.0035732	21.2684	0.561995	0
4.15025	0.00349766	21.6716	0.561995	0
4.14546	0.00333747	20.0252	0.546499	0
4.13636	0.0034417	20.4956	0.542711	0
4.13462	0.00335014	20.0084	0.542711	0
4.1303	0.0033039	20.294	0.540989	0
4.1201	0.00331993	18.8156	0.528592	0
4.1142	0.00321701	18.2108	0.516884	0
4.10887	0.00316768	18.5972	0.511374	0
4.10059	0.0032061	17.6732	0.515506	0
4.1026	0.00316249	18.5972	0.528248	0
4.10762	0.00316144	18.866	0.516539	0
4.09985	0.00310679	18.7148	0.513784	0
4.08901	0.00309136	16.8837	0.498288	0
4.08611	0.00310509	17.3037	0.501387	0
4.08797	0.00305734	17.8748	0.50552	0
4.08194	0.00300446	16.2957	0.493123	0
4.07382	0.0030352	16.8837	0.495878	0
4.07584	0.0030888	17.1021	0.495189	0
4.07645	0.00301852	16.6485	0.495189	0
4.07191	0.0029642	16.3461	0.493812	0
4.07069	0.00305931	16.4805	0.493123	0
4.06728	0.00292013	16.3293	0.488991	0
4.06468	0.00295179	15.9093	0.48658	0
4.05853	0.00299231	15.4725	0.476249	0
4.05072	0.00296446	15.5565	0.485203	0
4.04804	0.0029286	15.1533	0.475216	0
4.0479	0.0028465	15.8589	0.491057	0
4.04731	0.00281648	14.8341	0.463852	0
4.04102	0.00284354	14.3301	0.469018	0
4.03445	0.00284545	14.6325	0.471084	0
4.03272	0.00281911	14.6493	0.469362	0
4.03268	0.00275717	14.8005	0.46523	0
4.03124	0.0028687	14.3133	0.462819	0
4.02188	0.0027198	13.1877	0.437681	0
4.01873	0.00273057	13.5573	0.452488	0
4.02339	0.00269366	14.0277	0.460064	0
4.02154	0.0028174	13.3221	0.44629	0
4.01552	0.0027929	13.5237	0.445946	0
4.01308	0.0026689	13.8429	0.449389	0
4.01075	0.00267264	13.2549	0.452488	0
4.00855	0.00268059	13.2885	0.447667	0
4.00607	0.0026909	13.5741	0.450767	0
3.99939	0.00262988	12.9693	0.438714	0
3.99459	0.00261149	11.8774	0.425973	0
3.99584	0.00264473	12.079	0.424251	0
3.99681	0.00271546	12.5661	0.435959	0
3.99311	0.00261182	12.3478	0.434926	0
3.99324	0.00261504	12.2974	0.430794	0
3.99456	0.00261267	12.5325	0.449734	0
3.99289	0.00266187	12.9525	0.444913	0
3.99254	0.00265767	12.8517	0.445601	0
3.99089	0.00263133	13.4229	0.461786	0
3.98207	0.0025399	11.2222	0.413231	0
3.97695	0.00247395	12.3982	0.42735	0
3.97789	0.00252847	11.5246	0.418397	0
3.97542	0.00250798	12.247	0.42494	0
3.97286	0.00250555	11.3398	0.410821	0
3.97077	0.00252387	11.4238	0.427006	0
3.96982	0.00248322	11.3902	0.415986	0
3.96936	0.00248131	11.5918	0.418397	0
3.9695	0.00258069	11.7094	0.422185	0
3.96959	0.00254712	11.4742	0.421496	0
3.96514	0.0025462	11.6086	0.421152	0
3.96604	0.00248348	11.5414	0.428039	0
3.96541	0.00251172	11.1886	0.419774	0
3.96032	0.00253405	11.071	0.417364	0
3.96343	0.00250601	11.4742	0.418741	0
3.96195	0.00255494	11.0542	0.419774	0
3.95354	0.00251468	10.6678	0.398768	0
3.95253	0.00259901	11.2894	0.411165	0
3.95356	0.00248348	10.9366	0.40841	0
3.9517	0.00250745	10.4326	0.409788	0
3.95179	0.00245629	11.575	0.413576	0
3.95302	0.00244525	11.323	0.413231	0
3.94782	0.00243527	11.1718	0.413231	0
3.94608	0.00246003	10.6846	0.406	0
3.9502	0.00246443	10.4662	0.402556	0
3.95121	0.00251014	11.0374	0.42494	0
3.94825	0.00243487	11.2558	0.420119	0
3.94533	0.00242082	10.7182	0.405656	0
3.94281	0.0023975	10.1134	0.390504	0
3.94356	0.00244834	10.7686	0.399113	0
3.94333	0.00241346	11.3902	0.413231	0
3.93863	0.00245307	10.9702	0.41151	0
3.93676	0.00235888	11.7934	0.417364	0
3.93476	0.00241642	10.2478	0.395325	0
3.93251	0.00237248	10.819	0.408755	0
3.93176	0.00235369	10.483	0.397735	0
3.93317	0.00242364	11.155	0.410477	0
3.93676	0.00249793	10.3318	0.409443	0
3.93179	0.00233589	10.6846	0.402556	0
3.92745	0.0023908	10.0798	0.40841	0
3.92805	0.0023621	10.5502	0.407722	0
3.92565	0.00235744	10.0462	0.395325	0
3.92458	0.00233944	10.315	0.410821	0
3.92211	0.00232387	9.44141	0.373286	0
3.91889	0.00233097	9.9118	0.391881	0
3.91985	0.00229399	10.1638	0.392226	0
3.91871	0.00236768	9.9454	0.392914	0
3.91318	0.00232624	9.8782	0.384994	0
3.90753	0.00231323	9.42461	0.387749	0
3.90658	0.0022752	9.71021	0.382239	0
3.90874	0.00230246	9.50861	0.390848	0
3.90757	0.00225143	9.9286	0.393603	0
3.90457	0.0022222	9.23982	0.376729	0
3.89785	0.00210804	7.62705	0.342638	0
3.89558	0.00212657	8.51743	0.368465	0
3.89467	0.00210213	8.50063	0.369842	0
3.89149	0.00214798	7.99664	0.353657	0
3.88951	0.00206338	7.87904	0.356068	0
3.89205	0.00218857	9.00462	0.375352	0
3.88953	0.00212368	7.64385	0.350902	0
3.88383	0.00212098	7.87904	0.356068	0
3.8794	0.00202325	7.57665	0.34677	0
3.87621	0.00201668	7.22386	0.34126	0
3.87626	0.00198962	7.47585	0.340916	0
3.87854	0.00204847	8.04704	0.353657	0
3.87669	0.00207139	7.24066	0.33885	0
3.87826	0.00210292	7.87904	0.356068	0
3.87975	0.00208479	8.56783	0.366743	0
3.87742	0.0021133	7.50945	0.344704	0
3.87333	0.0020819	7.59345	0.348492	0
3.86864	0.00193839	6.66947	0.328863	0
3.86906	0.00200525	6.93826	0.326453	0
3.87008	0.00200972	7.20706	0.341605	0
3.86599	0.00205471	7.07266	0.334717	0
3.86396	0.00200131	7.29105	0.340572	0
3.86085	0.00200591	7.15666	0.346081	0
3.85782	0.00198627	6.80386	0.325075	0
3.85646	0.00195895	6.56867	0.324387	0
3.85639	0.00189898	6.85426	0.329208	0
3.85535	0.00189681	6.38387	0.317499	0
3.85798	0.0019977	6.85426	0.336784	0
3.85931	0.00197143	6.70307	0.325075	0
3.85415	0.00193832	6.18228	0.321976	0
3.84959	0.00182049	6.18228	0.313023	0
3.84998	0.0018262	6.04788	0.314056	0
3.85081	0.00185721	6.19908	0.3144	0
3.84856	0.00180729	5.72869	0.304414	0
3.84429	0.00181832	5.37589	0.290639	0
3.84052	0.00176394	5.56069	0.297182	0
3.8388	0.0017841	5.0903	0.285474	0
3.83799	0.00178299	5.91348	0.316122	0
3.83575	0.00175061	5.34229	0.296494	0
3.83588	0.00175606	5.2415	0.297182	0
3.83597	0.00181622	5.74549	0.302003	0
3.83232	0.00170082	5.40949	0.29305	0
3.83028	0.00167389	4.8551	0.279276	0
3.83103	0.00165517	4.9895	0.280997	0
3.83192	0.00167573	5.1743	0.289262	0
3.83449	0.00171967	5.25829	0.290984	0
3.83463	0.00171093	5.40949	0.295116	0
3.83397	0.00180144	5.79588	0.300282	0
3.83382	0.0017973	5.34229	0.292706	0
3.82901	0.00174161	5.29189	0.290639	0
3.82566	0.00171034	5.0399	0.283408	0
3.82421	0.00166259	4.7543	0.2717	0
3.82261	0.00163888	4.9895	0.280309	0
3.81986	0.00165491	4.8047	0.280997	0
3.81934	0.00165024	4.68711	0.27411	0
3.82227	0.00170936	4.8383	0.276865	0
3.82309	0.00167882	4.73751	0.274455	0
3.82135	0.0016578	4.72071	0.278931	0
3.8195	0.00167875	4.65351	0.280653	0
3.81876	0.0016465	4.41831	0.268945	0
3.82023	0.00169668	4.72071	0.275143	0
3.81918	0.00164295	4.65351	0.282719	0
3.81808	0.00168992	4.9391	0.28513	0
3.81715	0.00163639	4.60311	0.273421	0
3.81426	0.00158785	4.7879	0.273421	0
3.81179	0.00162312	4.33431	0.269978	0
3.81194	0.00157589	4.38471	0.262746	0
3.81172	0.00160571	4.50231	0.269978	0
3.81122	0.00166778	4.53591	0.273766	0
3.80888	0.001569	4.35111	0.267223	0
3.80997	0.00160177	4.43511	0.265157	0
3.813	0.00168341	4.26711	0.268256	0
3.81137	0.00162568	4.01512	0.253104	0
3.80786	0.00161182	4.03192	0.260336	0
3.80902	0.0015755	4.50231	0.269978	0
3.80949	0.00157701	3.89752	0.248972	0
3.80623	0.00160033	4.36791	0.266534	0
3.80548	0.00160992	4.23352	0.261025	0
3.80743	0.00162555	4.65351	0.270322	0
3.80504	0.00158226	3.98152	0.254482	0
3.80036	0.00151816	4.11592	0.258958	0
3.80159	0.00159054	3.74633	0.250349	0
3.79972	0.00151199	3.54473	0.240019	0
3.79582	0.00150049	3.71273	0.24484	0
3.80033	0.00151658	4.01512	0.256548	0
3.80327	0.00159113	4.40151	0.264124	0
3.79816	0.00155389	3.84712	0.254137	0
3.79593	0.00150942	3.91432	0.248283	0
3.79919	0.00156479	3.84712	0.245184	0
3.79814	0.00154903	4.04872	0.256203	0
3.79607	0.0014999	3.61193	0.237264	0
3.79656	0.00152919	3.91432	0.25276	0
3.79602	0.00152617	4.11592	0.260336	0
3.79387	0.00152841	3.59513	0.242773	0
3.79256	0.00150949	3.67913	0.246217	0
3.79522	0.00152184	4.16632	0.259303	0
3.79484	0.00153478	3.86392	0.253449	0
3.78974	0.00150069	3.56153	0.237264	0
3.78984	0.00154818	3.59513	0.24174	0
3.79091	0.00151231	3.72953	0.240707	0
3.78728	0.00145556	3.66233	0.246906	0
3.78725	0.0014821	3.12474	0.223834	0
3.7911	0.00148591	3.44393	0.235886	0
3.79269	0.00149182	3.71273	0.24484	0
3.78889	0.00146864	3.37673	0.235198	0
3.78909	0.00148611	3.71273	0.243807	0
3.78927	0.00148926	3.47753	0.23933	0
3.78865	0.00151067	3.56153	0.237264	0
3.78839	0.00150778	3.54473	0.237952	0
3.78901	0.00155757	3.86392	0.255859	0
3.78686	0.00153346	3.59513	0.235542	0
3.78633	0.00152026	3.86392	0.254826	0
3.78665	0.00151323	3.71273	0.248283	0
3.78307	0.00148578	3.64553	0.235886	0
3.78071	0.00144565	3.79672	0.25276	0
3.78181	0.00145386	3.34313	0.233131	0
3.78077	0.00143632	3.07434	0.2259	0
3.78208	0.00145773	3.86392	0.252416	0
3.78377	0.00147639	3.19194	0.22831	0
3.78101	0.00142634	3.24234	0.234853	0
3.7813	0.00143855	3.34313	0.230721	0
3.78149	0.00144703	3.42713	0.237952	0
3.77877	0.00142102	3.22554	0.22831	0
3.77792	0.00142003	3.56153	0.243118	0
3.77832	0.00146161	3.52793	0.238641	0
3.7734	0.00142864	2.73835	0.211092	0
3.7726	0.00141478	3.24234	0.227622	0
3.77598	0.00141734	3.05754	0.221768	0
3.77474	0.00139409	3.19194	0.22831	0
3.7748	0.00142502	3.42713	0.234509	0
3.77788	0.00146082	3.64553	0.248628	0
3.77611	0.00143356	3.29273	0.23141	0
3.77383	0.00139087	3.34313	0.236575	0
3.77433	0.00138929	3.00714	0.225211	0
3.77382	0.00140854	3.15834	0.222456	0
3.7741	0.00136532	3.15834	0.224867	0
3.77256	0.00136059	3.00714	0.222801	0
3.76968	0.00140926	2.60395	0.207649	0
3.76924	0.00140328	2.80554	0.217291	0
3.76749	0.00137005	2.62075	0.211092	0
3.76737	0.00136578	2.82234	0.216602	0
3.76666	0.00134555	2.73835	0.209715	0
3.76352	0.00130726	2.57035	0.205238	0
3.76395	0.00130345	2.62075	0.208338	0
3.76429	0.00126719	2.43595	0.19904	0
3.76269	0.00125379	2.35195	0.195941	0
3.76397	0.00130305	2.50315	0.204205	0
3.76199	0.0012624	2.33515	0.19353	0
3.75819	0.00121642	1.99916	0.1801	0
3.75926	0.0012134	2.43595	0.200417	0
3.76058	0.00127737	2.08316	0.186643	0
3.75654	0.00119336	1.79756	0.169769	0
3.75508	0.00115389	1.64637	0.162882	0
3.75544	0.001218	1.84796	0.181822	0
3.75427	0.00116979	1.73037	0.171835	0
3.75191	0.00117734	1.84796	0.175279	0
3.75126	0.00112565	1.56237	0.15875	0
3.753	0.00114693	1.74717	0.167703	0
3.75384	0.00121642	1.89836	0.175968	0
3.75332	0.00115553	1.83116	0.171491	0
3.75236	0.00117169	1.78076	0.173902	0
3.7509	0.00119514	1.76396	0.173213	0
3.75005	0.00111744	1.67997	0.166326	0
3.74887	0.00108965	1.71357	0.167703	0
3.7495	0.00112611	1.54557	0.159783	0
3.74778	0.00108919	1.31037	0.146008	0
3.74703	0.00108532	1.61277	0.162882	0
3.74784	0.00110607	1.44477	0.156684	0
3.7473	0.00112926	1.52877	0.157028	0
3.74702	0.00112696	1.52877	0.157028	0
3.74747	0.00115836	1.41117	0.154962	0
3.74583	0.00112138	1.56237	0.160472	0
3.7459	0.00108552	1.41117	0.156684	0
3.74549	0.00106141	1.57917	0.159783	0
3.74585	0.00109537	1.39437	0.150485	0
3.74528	0.00106588	1.36077	0.150485	0
3.74506	0.00106877	1.31037	0.149796	0
3.74419	0.00107297	1.27677	0.144287	0
3.74321	0.00106844	1.41117	0.151174	0
3.74373	0.00104716	1.20958	0.140499	0
3.74329	0.00105951	1.22638	0.141187	0
3.74365	0.00104795	1.42797	0.153929	0
3.74364	0.00109241	1.46157	0.155651	0
3.74174	0.00103934	1.42797	0.153929	0
3.74115	0.00104453	1.20958	0.142565	0
3.74193	0.00103895	1.07518	0.132578	0
3.74083	0.00106049	1.31037	0.14773	0
3.74234	0.00110207	1.42797	0.16116	0
3.74187	0.00107947	1.56237	0.160472	0
3.74055	0.00110338	1.52877	0.162538	0
3.74064	0.0010907	1.54557	0.158061	0
3.73949	0.00106758	1.14238	0.138777	0
3.73843	0.00104033	1.12558	0.135678	0
3.73772	0.000957437	0.940781	0.124314	0
3.73762	0.000995073	0.957581	0.125347	0
3.73947	0.00103934	1.36077	0.150485	0
3.73901	0.00103428	1.19278	0.139466	0
3.73771	0.00104617	1.32717	0.150485	0
3.73726	0.00104552	1.17598	0.138433	0
3.73811	0.00102896	1.20958	0.144287	0
3.7384	0.00102338	1.25997	0.143254	0
3.73822	0.00106332	1.15918	0.141532	0
3.73726	0.00103415	1.36077	0.148763	0
3.73718	0.00108066	1.24318	0.146353	0
3.73827	0.00105425	1.39437	0.150485	0
3.73807	0.00106082	1.10878	0.134645	0
3.73532	0.00100105	1.17598	0.144631	0
3.73612	0.00103652	1.20958	0.140499	0
3.73647	0.00105885	1.24318	0.14222	0
3.73574	0.00104854	1.02478	0.131545	0
3.73536	0.00103277	1.12558	0.137744	0
3.73631	0.00108006	1.42797	0.155651	0
3.73546	0.00105484	1.14238	0.136711	0
3.73355	0.00102772	1.12558	0.135678	0
3.73452	0.00102522	1.12558	0.135678	0
3.73312	0.00100026	1.10878	0.136711	0
3.73229	0.00102837	1.20958	0.142565	0
3.73251	0.00103455	0.856783	0.118804	0
3.73343	0.0010044	1.05838	0.131545	0
3.73462	0.00101215	1.09198	0.133612	0
3.73462	0.00102818	1.19278	0.143598	0
3.73407	0.00103363	1.17598	0.142565	0
3.73231	0.000967158	0.839983	0.117427	0
3.73181	0.00099435	1.15918	0.137399	0
3.73372	0.00101511	1.27677	0.144287	0
3.73176	0.000993496	1.15918	0.137399	0
3.73075	0.00101622	1.31037	0.151518	0
3.73074	0.00104933	1.36077	0.148763	0
3.72953	0.00100052	0.940781	0.12638	0
3.72939	0.000999473	1.00798	0.130857	0
3.73037	0.00102942	1.00798	0.130857	0
3.72882	0.000967487	1.02478	0.131545	0
3.73003	0.00100184	1.12558	0.137744	0
3.73071	0.00103744	1.24318	0.144287	0
3.7309	0.00104624	1.04158	0.132578	0
3.72904	0.000976813	0.957581	0.127413	0
3.73096	0.00101688	1.14238	0.136711	0
3.73174	0.00103882	1.24318	0.14222	0
3.73003	0.00100447	1.32717	0.146697	0
3.72874	0.00101997	0.806384	0.11536	0
3.72802	0.0010065	1.20958	0.140499	0
3.72725	0.000971887	1.02478	0.129479	0
3.7275	0.000957963	0.907182	0.121903	0
3.72776	0.000969129	1.10878	0.134645	0
3.72779	0.000999473	1.24318	0.146353	0
3.72743	0.000986206	0.722386	0.109162	0
3.72642	0.000985877	1.00798	0.128446	0
3.72667	0.000988242	0.99118	0.129824	0
3.7271	0.000986337	1.09198	0.133612	0
3.72594	0.000986666	1.14238	0.136711	0
3.72658	0.000986271	1.09198	0.135678	0
3.72918	0.00101451	1.14238	0.138777	0
3.72841	0.00101839	0.957581	0.129824	0
3.72762	0.00102167	1.17598	0.138433	0
3.72755	0.000986206	0.974381	0.12638	0
3.72626	0.000986206	1.10878	0.134645	0
3.72696	0.000978258	0.99118	0.127413	0
3.72526	0.000977273	0.839983	0.117427	0
3.72596	0.000971296	1.10878	0.134645	0
3.72439	0.00096151	0.705586	0.107785	0
3.72222	0.00092394	0.621588	0.101242	0
3.7246	0.000950278	1.07518	0.136711	0
3.72472	0.00095816	0.739185	0.110539	0
3.72358	0.000929391	0.957581	0.125347	0
3.72418	0.00095481	0.722386	0.109162	0
3.72434	0.000990803	1.14238	0.138777	0
3.72484	0.00100992	1.05838	0.131545	0
3.72371	0.000967881	0.923982	0.123281	0
3.72425	0.000948111	0.806384	0.11536	0
3.72416	0.000962035	0.923982	0.125347	0
3.72292	0.000979638	0.940781	0.124314	0
3.72216	0.000963217	0.940781	0.124314	0
3.72302	0.000940426	0.923982	0.125347	0
3.72296	0.000933661	0.823184	0.116394	0
3.72321	0.000969129	0.823184	0.116394	0
3.72247	0.000976616	0.99118	0.129824	0
3.72281	0.000936288	0.789584	0.113983	0
3.7217	0.000945483	0.671987	0.108129	0
3.72216	0.000988111	0.890382	0.12087	0
3.72235	0.000965713	0.671987	0.108129	0
3.72132	0.000942987	0.789584	0.113983	0
3.72063	0.000924991	0.722386	0.109162	0
3.72202	0.000951132	0.940781	0.12638	0
3.72173	0.000931362	0.739185	0.110539	0
3.72171	0.000929654	0.722386	0.109162	0
3.72341	0.000956124	0.873583	0.119837	0
3.72232	0.00093747	0.940781	0.12638	0
3.72021	0.000914219	0.739185	0.11295	0
3.72109	0.000968406	0.839983	0.117427	0
3.71996	0.000945812	0.739185	0.110539	0
3.71832	0.000900754	0.739185	0.11295	0
3.72035	0.00096348	0.839983	0.117427	0
3.72117	0.000958291	0.789584	0.113983	0
3.72135	0.000957109	0.655187	0.103997	0
3.72073	0.000963546	0.940781	0.124314	0
3.72041	0.000961707	0.755985	0.111572	0
3.71971	0.000963152	1.05838	0.133612	0
3.71921	0.000925779	0.705586	0.107785	0
3.71853	0.000943841	0.671987	0.105374	0
3.72014	0.000958357	0.823184	0.116394	0
3.72038	0.000938455	0.755985	0.111572	0
3.71881	0.000938258	0.755985	0.111572	0
3.71907	0.000902068	0.688786	0.106751	0
3.71994	0.000935762	0.587988	0.0988312	0
3.71961	0.000934449	0.705586	0.107785	0
3.71835	0.000949753	0.789584	0.113983	0
3.71873	0.000936419	0.755985	0.111572	0
3.71974	0.000957503	0.890382	0.123281	0
3.72046	0.000975828	0.739185	0.110539	0
3.72038	0.00096926	0.839983	0.117427	0
3.71864	0.000961378	0.823184	0.118804	0
3.71886	0.000951592	0.688786	0.106751	0
3.71765	0.000957897	0.772785	0.11295	0
3.71844	0.000920918	0.907182	0.121903	0
3.71834	0.000955007	0.806384	0.11536	0
3.71759	0.000961115	0.907182	0.121903	0
3.71683	0.000945549	0.789584	0.113983	0
3.71704	0.00092151	0.739185	0.11295	0
3.71701	0.000912314	0.806384	0.11536	0
3.71634	0.000922298	0.671987	0.105374	0
3.71685	0.00092151	0.957581	0.125347	0
3.71798	0.000981805	0.873583	0.119837	0
3.71748	0.000913562	0.755985	0.111572	0
3.71633	0.000923546	0.789584	0.113983	0
3.71697	0.000924728	0.789584	0.113983	0
3.71724	0.000902331	0.873583	0.119837	0
3.71754	0.000907914	0.722386	0.109162	0
3.71629	0.00092729	0.638387	0.102619	0
3.7165	0.000903119	0.722386	0.109162	0
3.71737	0.000935434	0.755985	0.111572	0
3.71762	0.000933201	0.856783	0.118804	0
3.71651	0.00091816	0.806384	0.11536	0
3.71552	0.000934186	0.671987	0.105374	0
3.71605	0.000973858	0.571189	0.0971094	0
3.71585	0.000941542	0.688786	0.106751	0
3.71625	0.000942659	0.655187	0.106751	0
3.71641	0.000957634	0.671987	0.105374	0
3.71505	0.000908176	0.571189	0.0971094	0
3.71356	0.000885122	0.587988	0.0988312	0
3.71456	0.00092302	0.755985	0.116738	0
3.71501	0.000892478	0.554389	0.095732	0
3.71485	0.000901411	0.688786	0.106751	0
3.71516	0.000927618	0.722386	0.111572	0
3.7158	0.000911657	0.806384	0.117771	0
3.71614	0.000894383	0.806384	0.11536	0
3.71561	0.000915139	0.789584	0.113983	0
3.71496	0.000907322	0.705586	0.107785	0
3.71516	0.000926764	0.621588	0.101242	0
3.71493	0.000917109	0.655187	0.103997	0
3.71523	0.000948176	0.739185	0.110539	0
3.71532	0.000885122	0.604788	0.100209	0
3.71472	0.000895368	0.621588	0.101242	0
3.71566	0.000959079	0.839983	0.119837	0
3.7164	0.000984038	0.772785	0.11295	0
3.71509	0.000986074	0.621588	0.101242	0
3.71499	0.000886304	0.52079	0.0929771	0
3.71545	0.000915401	0.789584	0.118804	0
3.71621	0.000979375	0.739185	0.11295	0
3.71439	0.00093793	0.823184	0.118804	0
3.71313	0.000898193	0.621588	0.101242	0
3.7134	0.000893332	0.587988	0.0988312	0
3.71434	0.000900032	0.638387	0.102619	0
3.71309	0.000912183	0.554389	0.095732	0
3.71181	0.000897864	0.638387	0.105374	0
3.71256	0.000884925	0.638387	0.102619	0
3.71334	0.000896419	0.52079	0.0929771	0
3.71303	0.000879014	0.638387	0.102619	0
3.71318	0.000888078	0.537589	0.0974537	0
3.7136	0.000907979	0.705586	0.107785	0
3.71411	0.000929785	0.722386	0.109162	0
3.71356	0.000895697	0.470391	0.0885004	0
3.71321	0.000892413	0.806384	0.11536	0
3.71261	0.000885319	0.50399	0.0915996	0
3.71183	0.000907782	0.688786	0.109162	0
3.71227	0.000901148	0.722386	0.109162	0
3.71264	0.00092545	0.722386	0.109162	0
3.71292	0.000910541	0.823184	0.116394	0
3.71231	0.000894646	0.604788	0.100209	0
3.71194	0.000907848	0.638387	0.102619	0
3.71245	0.000890114	0.621588	0.101242	0
3.71262	0.000874219	0.50399	0.0915996	0
3.71255	0.00088637	0.638387	0.105374	0
3.71335	0.000903316	0.554389	0.095732	0
3.71354	0.000913694	0.755985	0.111572	0
3.71335	0.000884991	0.621588	0.101242	0
3.71217	0.000916058	0.554389	0.095732	0
3.71156	0.000900032	0.537589	0.0943545	0
3.71228	0.000913628	0.722386	0.111572	0
3.71223	0.000912314	0.739185	0.110539	0
3.71089	0.000877372	0.621588	0.101242	0
3.71074	0.000901542	0.621588	0.101242	0
3.71135	0.000901608	0.671987	0.105374	0
3.70972	0.000859572	0.436791	0.0885004	0
3.71018	0.000866731	0.48719	0.0898778	0
3.71225	0.000892675	0.755985	0.111572	0
3.71293	0.000918226	0.604788	0.100209	0
3.71182	0.000867914	0.554389	0.095732	0
3.71302	0.00086706	0.48719	0.0898778	0
3.71211	0.000881707	0.789584	0.113983	0
3.71154	0.000882561	0.436791	0.0850568	0
3.71136	0.000858061	0.48719	0.0898778	0
3.71137	0.000877175	0.604788	0.100209	0
3.71118	0.000885713	0.52079	0.0929771	0
3.71061	0.00089018	0.52079	0.0929771	0
3.70939	0.000877832	0.470391	0.0885004	0
3.71002	0.000856485	0.554389	0.095732	0
3.71102	0.000851034	0.436791	0.0850568	0
3.71099	0.00083724	0.386392	0.0802358	0
3.71139	0.000883677	0.739185	0.110539	0
3.71201	0.000898587	0.705586	0.107785	0
3.711	0.000876978	0.419992	0.0836794	0
3.71019	0.000896091	0.537589	0.0974537	0
3.71172	0.000895368	0.587988	0.0988312	0
3.71078	0.00090857	0.48719	0.0898778	0
3.70959	0.000862331	0.386392	0.0802358	0
3.71005	0.000866797	0.50399	0.0915996	0
3.71046	0.000885713	0.554389	0.095732	0
3.70979	0.000873431	0.52079	0.0929771	0
3.70953	0.000869359	0.52079	0.0960763	0
3.70995	0.000890968	0.554389	0.095732	0
3.71051	0.000920787	0.604788	0.102964	0
3.71126	0.000889129	0.604788	0.100209	0
3.71101	0.000874547	0.50399	0.0915996	0
3.70992	0.000876058	0.453591	0.0867786	0
3.70995	0.000845976	0.218396	0.0602629	0
3.70941	0.000848209	0.52079	0.0929771	0
3.71138	0.000903447	0.537589	0.0943545	0
3.71081	0.000859638	0.604788	0.102964	0
3.71031	0.000893529	0.571189	0.100209	0
3.71049	0.000896025	0.621588	0.101242	0
3.70926	0.000862988	0.587988	0.0988312	0
3.71023	0.000843086	0.50399	0.0915996	0
3.71077	0.000866797	0.621588	0.101242	0
3.70991	0.000860754	0.419992	0.0836794	0
3.70918	0.000861608	0.386392	0.0802358	0
3.70965	0.000831986	0.352793	0.0767922	0
3.70852	0.000843349	0.335993	0.074726	0
3.71007	0.000872774	0.419992	0.0836794	0
3.71125	0.000865352	0.604788	0.100209	0
3.71048	0.000903644	0.688786	0.106751	0
3.71193	0.000901083	0.554389	0.095732	0
3.71063	0.000916255	0.722386	0.109162	0
3.70876	0.000871329	0.50399	0.0915996	0
3.70858	0.000873102	0.453591	0.0867786	0
3.70812	0.000867585	0.50399	0.0915996	0
3.70811	0.000868899	0.50399	0.0915996	0
3.70777	0.000831198	0.453591	0.0867786	0
3.7084	0.000843414	0.352793	0.0767922	0
3.70985	0.000884925	0.52079	0.0960763	0
3.7105	0.000883152	0.554389	0.095732	0
3.7096	0.000852741	0.453591	0.0867786	0
3.70974	0.000899506	0.571189	0.0971094	0
3.7101	0.000865089	0.302394	0.0709381	0
3.70952	0.000880919	0.604788	0.100209	0
3.70945	0.00087862	0.50399	0.0915996	0
3.70901	0.000842167	0.470391	0.0885004	0
3.70919	0.000832774	0.419992	0.0836794	0
3.70999	0.000841247	0.453591	0.0867786	0
3.70976	0.000884662	0.638387	0.105374	0
3.70954	0.000866731	0.470391	0.0915996	0
3.70871	0.000868702	0.470391	0.0885004	0
3.70788	0.000840984	0.352793	0.0767922	0
3.70892	0.000850574	0.470391	0.0885004	0
3.71013	0.000863907	0.48719	0.0898778	0
3.70973	0.000845582	0.453591	0.0867786	0
3.70902	0.000832183	0.453591	0.0867786	0
3.71033	0.000873628	0.470391	0.0885004	0
3.70959	0.000848406	0.453591	0.0867786	0
3.70853	0.000841313	0.537589	0.0974537	0
3.70998	0.000878751	0.50399	0.0915996	0
3.70987	0.000878817	0.571189	0.0971094	0
3.70785	0.000852544	0.319194	0.0730042	0
3.70804	0.000850508	0.52079	0.0929771	0
3.70976	0.000864564	0.369593	0.078514	0
3.70967	0.000846961	0.470391	0.0885004	0
3.70886	0.00083862	0.386392	0.0802358	0
3.70923	0.000839342	0.436791	0.0850568	0
3.70877	0.000836715	0.302394	0.0709381	0
3.70895	0.00086036	0.352793	0.0767922	0
3.71016	0.000863119	0.537589	0.0943545	0
3.71082	0.000848538	0.48719	0.0898778	0
3.70983	0.000839474	0.319194	0.0730042	0
3.70949	0.000868833	0.537589	0.0943545	0
3.70978	0.000824498	0.403192	0.0819576	0
3.70882	0.000864301	0.470391	0.0885004	0
3.70863	0.000849786	0.319194	0.0730042	0
3.70931	0.000877175	0.453591	0.0867786	0
3.70976	0.000853398	0.50399	0.0915996	0
3.70846	0.000858193	0.419992	0.0836794	0
3.70751	0.000843086	0.251995	0.0647396	0
3.70826	0.00083481	0.403192	0.0819576	0
3.70965	0.000854186	0.319194	0.0730042	0
3.70821	0.000824958	0.386392	0.0802358	0
3.70856	0.0008266	0.352793	0.0767922	0
3.70887	0.000866863	0.453591	0.0867786	0
3.70771	0.000842692	0.352793	0.0767922	0
3.70737	0.000819901	0.319194	0.0767922	0
3.70779	0.000825024	0.419992	0.0836794	0
3.70796	0.000838291	0.453591	0.0867786	0
3.70796	0.000823973	0.369593	0.078514	0
3.70795	0.000843414	0.386392	0.0802358	0
3.70879	0.000835007	0.386392	0.0802358	0
3.70909	0.000884137	0.50399	0.0915996	0
3.70951	0.00088013	0.470391	0.0885004	0
3.70892	0.000851231	0.403192	0.0819576	0
3.70888	0.000841247	0.419992	0.0836794	0
3.70938	0.000828045	0.436791	0.0850568	0
3.70922	0.000837897	0.386392	0.0802358	0
3.70907	0.000852676	0.453591	0.0867786	0
3.70968	0.000862331	0.335993	0.074726	0
3.70939	0.000887421	0.537589	0.0943545	0
3.70905	0.000860623	0.419992	0.0836794	0
3.70932	0.000852807	0.470391	0.0885004	0
3.70898	0.000831723	0.251995	0.0647396	0
3.70852	0.0007977	0.369593	0.078514	0
3.70892	0.000845451	0.453591	0.0867786	0
3.70787	0.000846961	0.419992	0.0836794	0
3.70848	0.000826337	0.386392	0.0802358	0
3.70802	0.000823841	0.285594	0.0730042	0
3.70779	0.000855697	0.453591	0.0867786	0
3.7094	0.000829162	0.403192	0.0819576	0
3.70829	0.0008155	0.285594	0.0688719	0
3.70887	0.000824433	0.48719	0.0898778	0
3.71011	0.000853792	0.436791	0.0850568	0
3.708	0.000809917	0.369593	0.078514	0
3.70715	0.000824367	0.235195	0.0626734	0
3.70747	0.000847946	0.302394	0.0709381	0
3.70875	0.000823644	0.386392	0.0802358	0
3.70845	0.000817536	0.319194	0.0730042	0
3.70755	0.000810771	0.403192	0.0819576	0
3.70841	0.000835467	0.352793	0.0767922	0
3.70885	0.000834285	0.403192	0.0819576	0
3.70772	0.000828373	0.386392	0.0802358	0
3.70902	0.000827848	0.436791	0.0850568	0
3.70902	0.000827125	0.251995	0.0647396	0
3.70738	0.000803809	0.386392	0.0802358	0
3.70829	0.000821083	0.403192	0.0854012	0
3.7081	0.000835467	0.268795	0.0671501	0
3.70714	0.000820492	0.335993	0.074726	0
3.70875	0.000832905	0.369593	0.078514	0
3.70987	0.000865549	0.470391	0.0885004	0
3.70951	0.000858258	0.571189	0.0971094	0
3.70896	0.000807552	0.268795	0.0671501	0
3.70912	0.00083192	0.436791	0.0850568	0
3.70811	0.000824498	0.302394	0.0709381	0
3.70798	0.000819178	0.285594	0.0688719	0
3.70848	0.000805516	0.369593	0.078514	0
3.70914	0.000843152	0.369593	0.078514	0
3.70878	0.000814515	0.302394	0.0709381	0
3.70874	0.000814843	0.436791	0.0850568	0
3.70918	0.000820032	0.251995	0.0647396	0
3.70947	0.000820689	0.453591	0.0867786	0
3.70921	0.000790738	0.235195	0.0626734	0
3.70903	0.000799999	0.335993	0.074726	0
3.70881	0.000835533	0.436791	0.0850568	0
3.7097	0.000840919	0.302394	0.0709381	0
3.70786	0.000789753	0.218396	0.0602629	0
3.70914	0.000798488	0.268795	0.0671501	0
3.70957	0.000808341	0.335993	0.078514	0
3.70869	0.000841707	0.419992	0.0836794	0
3.70802	0.000801641	0.218396	0.0602629	0
3.70946	0.000838554	0.369593	0.078514	0
3.71057	0.000839342	0.436791	0.0850568	0
3.70908	0.000827782	0.319194	0.0730042	0
3.70801	0.00081169	0.369593	0.078514	0
3.7088	0.000801641	0.235195	0.0626734	0
3.70857	0.000841707	0.335993	0.074726	0
3.70903	0.000819769	0.235195	0.0626734	0
3.70978	0.000843414	0.470391	0.0885004	0
3.70853	0.000808275	0.352793	0.0767922	0
3.70853	0.000808997	0.319194	0.0730042	0
3.71079	0.000821411	0.48719	0.0898778	0
3.71022	0.000822593	0.369593	0.078514	0
3.70888	0.000849786	0.436791	0.0850568	0
3.70928	0.000817208	0.352793	0.0767922	0
3.70923	0.000814515	0.319194	0.0730042	0
3.70968	0.000796321	0.235195	0.0626734	0
3.70955	0.000786337	0.235195	0.0626734	0
3.70952	0.000823119	0.403192	0.0819576	0
3.71017	0.000830607	0.369593	0.078514	0
3.71021	0.000833956	0.285594	0.0688719	0
3.71002	0.000794876	0.251995	0.0647396	0
3.70985	0.000807815	0.319194	0.0730042	0
3.71002	0.000831329	0.369593	0.078514	0
3.70913	0.000829424	0.319194	0.0730042	0
3.70875	0.000802495	0.285594	0.0688719	0
3.70924	0.000817011	0.319194	0.0730042	0
3.70912	0.000794679	0.184796	0.0554419	0
3.70952	0.000802823	0.319194	0.0730042	0
3.70965	0.00081261	0.369593	0.078514	0
3.71025	0.000843677	0.319194	0.0730042	0
3.70972	0.00082174	0.235195	0.0626734	0
3.71026	0.000805385	0.268795	0.0671501	0
3.71067	0.00082568	0.48719	0.0898778	0
3.70969	0.000827979	0.386392	0.0802358	0
3.70965	0.000813924	0.335993	0.074726	0
3.70906	0.000804006	0.218396	0.0602629	0
3.70962	0.000823579	0.352793	0.0767922	0
3.70992	0.000820492	0.319194	0.0730042	0
3.71052	0.000818324	0.268795	0.0671501	0
3.71024	0.000813201	0.436791	0.0850568	0
3.71028	0.00083816	0.352793	0.0767922	0
3.71081	0.000798948	0.319194	0.0767922	0
3.71058	0.000820229	0.386392	0.0802358	0
3.71039	0.00080013	0.319194	0.0730042	0
3.7101	0.000815828	0.235195	0.0626734	0
3.70984	0.000808735	0.369593	0.078514	0
3.71053	0.000784564	0.302394	0.0709381	0
3.71103	0.000789556	0.235195	0.0626734	0
3.70959	0.000836124	0.436791	0.0850568	0
3.70953	0.000786994	0.302394	0.0709381	0
3.71015	0.000831789	0.352793	0.0767922	0
3.71023	0.000816222	0.352793	0.0767922	0
3.7098	0.00079862	0.268795	0.0671501	0
3.71042	0.000792446	0.369593	0.078514	0
3.71109	0.000823973	0.419992	0.0836794	0
3.71031	0.000818061	0.268795	0.0671501	0
3.71023	0.000817864	0.352793	0.0767922	0
3.71046	0.000817864	0.184796	0.0554419	0
3.70983	0.00078949	0.235195	0.0626734	0
3.71009	0.000813924	0.251995	0.0647396	0
3.7108	0.000805057	0.235195	0.0626734	0
3.71076	0.000797897	0.285594	0.0688719	0
3.71023	0.000801707	0.251995	0.0647396	0
3.71005	0.000784827	0.285594	0.0688719	0
3.70983	0.000798751	0.403192	0.0819576	0
3.71008	0.000796846	0.201596	0.0581968	0
3.71042	0.00079908	0.352793	0.0767922	0
3.70946	0.000801772	0.235195	0.0626734	0
3.71017	0.000786337	0.218396	0.0602629	0
3.71039	0.000786731	0.302394	0.0709381	0
3.71083	0.000801378	0.285594	0.0688719	0
3.71076	0.000795073	0.386392	0.0836794	0
3.71084	0.000811034	0.285594	0.0688719	0
3.71104	0.000821805	0.285594	0.0688719	0
3.71104	0.000826075	0.48719	0.0929771	0
3.70968	0.000819572	0.201596	0.0581968	0
3.70926	0.000782659	0.218396	0.0602629	0
3.70966	0.000773661	0.151197	0.0502765	0
3.71005	0.000789884	0.235195	0.0626734	0
3.71025	0.000811034	0.335993	0.074726	0
3.7103	0.000805648	0.218396	0.0602629	0
3.71098	0.000800722	0.251995	0.0647396	0
3.71117	0.000801838	0.352793	0.0767922	0
3.71197	0.00081504	0.268795	0.0671501	0
3.7124	0.000815828	0.386392	0.0802358	0
3.71137	0.000815763	0.319194	0.0730042	0
3.71118	0.000811625	0.235195	0.0626734	0
3.71196	0.000810442	0.319194	0.0730042	0
3.71162	0.000816091	0.218396	0.0602629	0
3.71162	0.000789687	0.319194	0.0730042	0
3.71159	0.000820754	0.285594	0.0688719	0
3.71144	0.000798751	0.235195	0.0671501	0
3.71213	0.00079908	0.335993	0.074726	0
3.71171	0.000785878	0.235195	0.0626734	0
3.71135	0.00078903	0.251995	0.0647396	0
3.71176	0.000797635	0.302394	0.0709381	0
3.71219	0.000804597	0.302394	0.0709381	0
3.7115	0.000804925	0.201596	0.0581968	0
3.71251	0.000780163	0.302394	0.0709381	0
3.71215	0.000782396	0.302394	0.0709381	0
3.71202	0.000762889	0.218396	0.0602629	0
3.71166	0.000794416	0.218396	0.0602629	0
3.71057	0.000777011	0.285594	0.0688719	0
3.71076	0.000804137	0.201596	0.0581968	0
3.71071	0.00076486	0.201596	0.0581968	0
3.70985	0.000785549	0.285594	0.0688719	0
3.71187	0.000817142	0.268795	0.0671501	0
3.71171	0.000824498	0.335993	0.074726	0
3.71157	0.000802561	0.218396	0.0602629	0
3.71246	0.000794482	0.218396	0.0602629	0
3.71289	0.000795795	0.319194	0.0767922	0
3.71319	0.000783579	0.302394	0.0709381	0
3.71296	0.000782396	0.218396	0.0602629	0
3.71195	0.000793234	0.335993	0.074726	0
3.71232	0.000786863	0.302394	0.0709381	0
3.71266	0.000794876	0.235195	0.0626734	0
3.71159	0.000767618	0.201596	0.0581968	0
3.7123	0.000821017	0.403192	0.0854012	0
3.71233	0.000825943	0.251995	0.0647396	0
3.71291	0.000783579	0.235195	0.0626734	0
3.71269	0.00078752	0.218396	0.0602629	0
3.71263	0.000793234	0.268795	0.0671501	0
3.71231	0.000777602	0.218396	0.0602629	0
3.71292	0.000769983	0.201596	0.0581968	0
3.71277	0.000799933	0.218396	0.0602629	0
3.7122	0.000800787	0.218396	0.0602629	0
3.71328	0.000781543	0.117598	0.0444224	0
3.71326	0.000774055	0.184796	0.0554419	0
3.71288	0.000805845	0.268795	0.0671501	0
3.71326	0.000813529	0.201596	0.0581968	0
3.71294	0.00077747	0.235195	0.0626734	0
3.7121	0.000804597	0.285594	0.0688719	0
3.7126	0.000810311	0.335993	0.074726	0
3.71325	0.000787717	0.218396	0.0602629	0
3.71453	0.000800459	0.268795	0.0671501	0
3.71284	0.000779901	0.201596	0.0581968	0
3.712	0.000793759	0.268795	0.0671501	0
3.71259	0.000800787	0.184796	0.0554419	0
3.71282	0.00076197	0.134397	0.0475216	0
3.71309	0.000766764	0.235195	0.0626734	0
3.71442	0.000785549	0.201596	0.0581968	0
3.71476	0.000796715	0.218396	0.0602629	0
3.71375	0.000782199	0.251995	0.0647396	0
3.71383	0.000803546	0.251995	0.0647396	0
3.71427	0.000806304	0.369593	0.078514	0
3.71334	0.000787585	0.235195	0.0626734	0
3.71451	0.000793497	0.251995	0.0647396	0
3.71514	0.00078903	0.184796	0.0554419	0
3.71373	0.000786337	0.151197	0.0502765	0
3.7133	0.000801181	0.386392	0.0802358	0
3.71421	0.000806304	0.352793	0.0767922	0
3.7134	0.000788899	0.218396	0.0602629	0
3.71298	0.000801641	0.251995	0.0647396	0
3.71336	0.000800787	0.285594	0.0688719	0
3.7136	0.000784433	0.151197	0.0502765	0
3.71347	0.000773267	0.201596	0.0581968	0
3.7144	0.00078903	0.134397	0.0475216	0
3.71501	0.000787454	0.268795	0.0671501	0
3.71597	0.000815237	0.218396	0.0602629	0
3.7147	0.000794088	0.369593	0.078514	0
3.714	0.00076486	0.0671987	0.0337472	0
3.71464	0.000804334	0.419992	0.0836794	0
3.71491	0.000790607	0.151197	0.0502765	0
3.71375	0.000762364	0.167997	0.0530314	0
3.71409	0.000785812	0.302394	0.0709381	0
3.71516	0.000796912	0.251995	0.0647396	0
3.71561	0.000804662	0.352793	0.0767922	0
3.71559	0.000773924	0.235195	0.0626734	0
3.71468	0.000792905	0.386392	0.0802358	0
3.71554	0.000789162	0.201596	0.0626734	0
3.7157	0.000798357	0.235195	0.0626734	0
3.71501	0.000798948	0.235195	0.0626734	0
3.71458	0.000780032	0.251995	0.0647396	0
3.7151	0.000796715	0.218396	0.0602629	0
3.71497	0.000800919	0.352793	0.0767922	0
3.71453	0.000798423	0.319194	0.0730042	0
3.71533	0.000821477	0.302394	0.0709381	0
3.71636	0.000816682	0.302394	0.0709381	0
3.71599	0.000808275	0.302394	0.0709381	0
3.71441	0.00077018	0.218396	0.0602629	0
3.71372	0.000777536	0.167997	0.0530314	0
3.71546	0.000773595	0.218396	0.0602629	0
3.71684	0.000770508	0.235195	0.0626734	0
3.71587	0.000785352	0.151197	0.0502765	0
3.71546	0.000789818	0.201596	0.0581968	0
3.71573	0.000796649	0.201596	0.0626734	0
3.71585	0.00080013	0.218396	0.0602629	0
3.71583	0.000803612	0.302394	0.0709381	0
3.71662	0.000778062	0.218396	0.0602629	0
3.71547	0.000782002	0.285594	0.0688719	0
3.71624	0.000778193	0.167997	0.0530314	0
3.71744	0.00079192	0.251995	0.0647396	0
3.71654	0.000782594	0.251995	0.0647396	0
3.71552	0.000813595	0.184796	0.0554419	0
3.71659	0.000756124	0.117598	0.0444224	0
3.71577	0.000755796	0.134397	0.0475216	0
3.71637	0.000769326	0.235195	0.0626734	0
3.71624	0.000801444	0.285594	0.0688719	0
3.71584	0.000783973	0.151197	0.0502765	0
3.71603	0.000790738	0.235195	0.0626734	0
3.71644	0.00079238	0.235195	0.0626734	0
3.71713	0.00080729	0.235195	0.0626734	0
3.71612	0.00078614	0.268795	0.0671501	0
3.71603	0.000758685	0.285594	0.0688719	0
3.71823	0.000797832	0.251995	0.0647396	0
3.71688	0.000780032	0.285594	0.0688719	0
3.71599	0.000814055	0.302394	0.0709381	0
3.71781	0.000793103	0.285594	0.0688719	0
3.71771	0.00080591	0.285594	0.0688719	0
3.71667	0.000792577	0.218396	0.0602629	0
3.71766	0.000776748	0.235195	0.0626734	0
3.71724	0.000758488	0.218396	0.0602629	0
3.71674	0.00078174	0.251995	0.0647396	0
3.71588	0.000764006	0.201596	0.0581968	0
3.718	0.000789096	0.335993	0.074726	0
3.71778	0.00080059	0.201596	0.0581968	0
3.71769	0.000779704	0.251995	0.0647396	0
3.71753	0.000755861	0.184796	0.0554419	0
3.71736	0.000792446	0.184796	0.0554419	0
3.71664	0.000786075	0.100798	0.0409788	0
3.71647	0.000756255	0.167997	0.0530314	0
3.71756	0.000783579	0.268795	0.0671501	0
3.7181	0.000784367	0.201596	0.0581968	0
3.7188	0.000818981	0.251995	0.0647396	0
3.71821	0.000783513	0.235195	0.0626734	0
3.71766	0.000795007	0.268795	0.0671501	0
3.71813	0.000776945	0.151197	0.0502765	0
3.7174	0.000776288	0.100798	0.0409788	0
3.71678	0.000771428	0.117598	0.0444224	0
3.71803	0.000778127	0.251995	0.0647396	0
3.71943	0.00077747	0.235195	0.0626734	0
3.71903	0.00081215	0.302394	0.0709381	0
3.71796	0.000786206	0.218396	0.0602629	0
3.71826	0.0007688	0.167997	0.0530314	0
3.71829	0.000762429	0.235195	0.0626734	0
3.7198	0.000773398	0.184796	0.0554419	0
3.71785	0.000741017	0.218396	0.0602629	0
3.71935	0.000802889	0.235195	0.0626734	0
3.71924	0.000791329	0.218396	0.0602629	0
3.71814	0.00075862	0.151197	0.0502765	0
3.71849	0.000737996	0.134397	0.0475216	0
3.72001	0.00077064	0.268795	0.0671501	0
3.71953	0.00078036	0.218396	0.0602629	0
3.7181	0.000771165	0.167997	0.0530314	0
3.71897	0.000786797	0.235195	0.0626734	0
3.71958	0.000812347	0.235195	0.0626734	0
3.71822	0.000774383	0.167997	0.0530314	0
3.71965	0.000767355	0.167997	0.0530314	0
3.71972	0.000772413	0.134397	0.0475216	0
3.71938	0.00079041	0.167997	0.0530314	0
3.71905	0.000747914	0.151197	0.0502765	0
3.71815	0.000742922	0.151197	0.0502765	0
3.71797	0.000746009	0.134397	0.0475216	0
3.7191	0.000779572	0.319194	0.0730042	0
3.71971	0.000791789	0.134397	0.0475216	0
3.71869	0.000806304	0.167997	0.0581968	0
3.71876	0.000784761	0.184796	0.0554419	0
3.71945	0.000767881	0.251995	0.0647396	0
3.72092	0.00076683	0.218396	0.0602629	0
3.72015	0.000801641	0.235195	0.0626734	0
3.72017	0.000783907	0.285594	0.0688719	0
3.72065	0.000779835	0.235195	0.0626734	0
3.72088	0.000783382	0.251995	0.0647396	0
3.72113	0.000752708	0.167997	0.0530314	0
3.71984	0.000771559	0.167997	0.0530314	0
3.71992	0.000770771	0.167997	0.0530314	0
3.72013	0.000779506	0.218396	0.0602629	0
3.72014	0.00078706	0.151197	0.0502765	0
3.72056	0.000746863	0.235195	0.0626734	0
3.72131	0.000792052	0.167997	0.0530314	0
3.72032	0.000768144	0.201596	0.0581968	0
3.72103	0.000810902	0.235195	0.0671501	0
3.72087	0.000784236	0.285594	0.0688719	0
3.7206	0.000778784	0.117598	0.0444224	0
3.72057	0.000754876	0.218396	0.0602629	0
3.7202	0.000766896	0.167997	0.0530314	0
3.72159	0.000766961	0.134397	0.0475216	0
3.72123	0.000779572	0.184796	0.0554419	0
3.72009	0.000775237	0.151197	0.0502765	0
3.72024	0.000786469	0.151197	0.0502765	0
3.72025	0.000771953	0.100798	0.0409788	0
3.72081	0.000773267	0.151197	0.0502765	0
3.72093	0.000779375	0.184796	0.0554419	0
3.72108	0.000754022	0.201596	0.0581968	0
3.72134	0.000763546	0.151197	0.0502765	0
3.72216	0.000782002	0.251995	0.0647396	0
3.72193	0.000779769	0.167997	0.0530314	0
3.72124	0.000766173	0.167997	0.0530314	0
3.72194	0.000761904	0.134397	0.0475216	0
3.72273	0.000749227	0.184796	0.0554419	0
3.72235	0.000755993	0.117598	0.0444224	0
3.72179	0.000783907	0.184796	0.0606073	0
3.72235	0.000771428	0.117598	0.0444224	0
3.7228	0.000758423	0.167997	0.0530314	0
3.72226	0.000785286	0.184796	0.0554419	0
3.72307	0.000779112	0.235195	0.0626734	0
3.72368	0.000804203	0.302394	0.0709381	0
3.72264	0.000782462	0.0839983	0.0375352	0
3.72119	0.000776288	0.235195	0.0626734	0
3.72285	0.000775763	0.201596	0.0581968	0
3.72315	0.000782922	0.184796	0.0554419	0
3.7231	0.000769326	0.251995	0.0647396	0
3.72267	0.000798094	0.201596	0.0581968	0
3.72337	0.000787388	0.0839983	0.0375352	0
3.7232	0.000790016	0.268795	0.0671501	0
3.72363	0.000777602	0.184796	0.0554419	0
3.7227	0.000782331	0.151197	0.0557862	0
3.72152	0.000756715	0.167997	0.0530314	0
3.72232	0.000744564	0.0671987	0.0337472	0
3.72259	0.000756846	0.235195	0.0626734	0
3.72265	0.000771165	0.117598	0.0444224	0
3.72238	0.00076197	0.201596	0.0581968	0
3.72261	0.000737602	0.134397	0.0475216	0
3.72286	0.00077596	0.218396	0.0602629	0
3.72349	0.000771165	0.167997	0.0530314	0
3.72374	0.000772084	0.117598	0.0444224	0
3.72293	0.000770902	0.235195	0.0626734	0
3.72393	0.000770837	0.151197	0.0502765	0
3.72256	0.000747126	0.100798	0.0409788	0
3.72281	0.000752643	0.100798	0.0409788	0
3.72448	0.000785418	0.218396	0.0602629	0
3.72381	0.000773661	0.0335993	0.0237608	0
3.72358	0.000758751	0.100798	0.0409788	0
3.72372	0.000756452	0.167997	0.0530314	0
3.72363	0.000785549	0.268795	0.0671501	0
3.72473	0.000806239	0.201596	0.0581968	0
3.72381	0.000755007	0.134397	0.0475216	0
3.72293	0.000762232	0.167997	0.0530314	0
3.7239	0.000774843	0.151197	0.0502765	0
3.72384	0.000750738	0.151197	0.0502765	0
3.72455	0.000798685	0.285594	0.0688719	0
3.72503	0.000759277	0.218396	0.0602629	0
3.72494	0.000768472	0.235195	0.0626734	0
3.72439	0.000774515	0.117598	0.0444224	0
3.72465	0.000771296	0.167997	0.0530314	0
3.72538	0.000762298	0.134397	0.0475216	0
3.72555	0.000810574	0.319194	0.0730042	0
3.72624	0.000817339	0.302394	0.0709381	0
3.72553	0.00076591	0.151197	0.0502765	0
3.72427	0.000756649	0.0671987	0.0337472	0
3.72399	0.00078995	0.167997	0.0581968	0
3.72564	0.000742265	0.0839983	0.0375352	0
3.7249	0.000762495	0.184796	0.0554419	0
3.7261	0.000768472	0.235195	0.0626734	0
3.72588	0.000779178	0.184796	0.0554419	0
3.72498	0.000771231	0.184796	0.0554419	0
3.72526	0.000759933	0.134397	0.0475216	0
3.72605	0.000768997	0.134397	0.0475216	0
3.72545	0.000773792	0.184796	0.0554419	0
3.72532	0.00077458	0.184796	0.0554419	0
3.7251	0.000748571	0.117598	0.0444224	0
3.7255	0.000761247	0.151197	0.0502765	0
3.72599	0.000763218	0.218396	0.0602629	0
3.72582	0.000777076	0.151197	0.0502765	0
3.72524	0.000774646	0.235195	0.0626734	0
3.72579	0.000777076	0.0839983	0.0375352	0
3.72535	0.000722955	0.117598	0.0444224	0
3.72665	0.000762561	0.134397	0.0475216	0
3.72611	0.000751526	0.117598	0.0444224	0
3.72608	0.000737667	0.151197	0.0502765	0
3.7264	0.000743119	0.0671987	0.0337472	0
3.72669	0.000745812	0.134397	0.0475216	0
3.72658	0.000749753	0.100798	0.0409788	0
3.72625	0.000760196	0.167997	0.0530314	0
3.72801	0.000768472	0.218396	0.0602629	0
3.72655	0.000762561	0.100798	0.0409788	0
3.72538	0.000750213	0.167997	0.0530314	0
3.72716	0.000740623	0.117598	0.0444224	0
3.727	0.000752577	0.184796	0.0554419	0
3.72716	0.000754876	0.201596	0.0581968	0
3.72769	0.000754285	0.0839983	0.0375352	0
3.72632	0.000740886	0.0671987	0.0337472	0
3.72642	0.000734055	0.0839983	0.0375352	0
3.72741	0.000782856	0.268795	0.0671501	0
3.72764	0.000770377	0.151197	0.0502765	0
3.72672	0.000756912	0.184796	0.0554419	0
3.72684	0.000751066	0.117598	0.0444224	0
3.72664	0.000762101	0.151197	0.0502765	0
3.7271	0.000743053	0.0335993	0.0237608	0
3.72683	0.000757241	0.117598	0.0444224	0
3.72812	0.000816879	0.235195	0.0626734	0
3.7289	0.000798817	0.235195	0.0626734	0
3.72802	0.00078463	0.201596	0.0581968	0
3.72837	0.000764597	0.201596	0.0581968	0
3.7276	0.000745155	0.100798	0.0409788	0
3.72809	0.000752577	0.184796	0.0554419	0
3.72948	0.000768275	0.134397	0.0475216	0
3.72755	0.000750278	0.117598	0.0502765	0
3.72781	0.000739966	0.100798	0.0409788	0
3.72817	0.000757109	0.151197	0.0502765	0
3.72829	0.000757963	0.151197	0.0502765	0
3.72765	0.000766567	0.151197	0.0502765	0
3.72784	0.000735106	0.151197	0.0502765	0
3.72881	0.000752183	0.0839983	0.0375352	0
3.72865	0.000765976	0.184796	0.0554419	0
3.72944	0.000744761	0.184796	0.0554419	0
3.72939	0.000753759	0.100798	0.0409788	0
3.72801	0.000739966	0.167997	0.0530314	0
3.72986	0.000760065	0.151197	0.0502765	0
3.73015	0.000761904	0.167997	0.0530314	0
3.72878	0.000759539	0.302394	0.0709381	0
3.72888	0.000765845	0.050399	0.0289262	0
3.72941	0.000742199	0.117598	0.0444224	0
3.73023	0.000778784	0.167997	0.0530314	0
3.72975	0.000779178	0.151197	0.0502765	0
3.72887	0.000757438	0.167997	0.0530314	0
3.72949	0.000769523	0.151197	0.0502765	0
3.72951	0.000748965	0.134397	0.0475216	0
3.72879	0.00076729	0.134397	0.0475216	0
3.72879	0.000759014	0.134397	0.0475216	0
3.72932	0.000753365	0.0839983	0.0375352	0
3.72959	0.000758817	0.100798	0.0409788	0
3.73014	0.000797109	0.167997	0.0530314	0
3.72999	0.00074174	0.0839983	0.0375352	0
3.72904	0.000744433	0.134397	0.0475216	0
3.73054	0.000761575	0.184796	0.0554419	0
3.73144	0.00074082	0.151197	0.0502765	0
3.72988	0.000754482	0.151197	0.0502765	0
3.73059	0.00077504	0.184796	0.0554419	0
3.7308	0.000748833	0.167997	0.0530314	0
3.73078	0.000747848	0.151197	0.0502765	0
3.7304	0.000760196	0.134397	0.0475216	0
3.73059	0.000746272	0.134397	0.0475216	0
3.73153	0.000744236	0.117598	0.0444224	0
3.7309	0.000756124	0.134397	0.0475216	0
3.73099	0.000751855	0.134397	0.0475216	0
3.73106	0.000763283	0.151197	0.0502765	0
3.7309	0.000747979	0.167997	0.0530314	0
3.73215	0.000750804	0.134397	0.0475216	0
3.73238	0.000780426	0.251995	0.0692163	0
3.73096	0.000757569	0.0839983	0.0375352	0
3.73091	0.000763152	0.117598	0.0444224	0
3.73212	0.000773924	0.184796	0.0554419	0
3.73189	0.000769786	0.235195	0.0626734	0
3.7319	0.000762955	0.151197	0.0502765	0
3.73054	0.000749293	0.050399	0.0289262	0
3.7313	0.000754942	0.117598	0.0444224	0
3.73142	0.000723677	0.134397	0.0475216	0
3.73264	0.000761707	0.117598	0.0444224	0
3.73222	0.000752906	0.201596	0.0581968	0
3.73215	0.000764728	0.184796	0.0554419	0
3.73207	0.000777273	0.218396	0.0602629	0
3.732	0.000768078	0.218396	0.0602629	0
3.73302	0.00074995	0.134397	0.0475216	0
3.73264	0.000737536	0.117598	0.0444224	0
3.73268	0.000771493	0.167997	0.0530314	0
3.73213	0.000756715	0.100798	0.0409788	0
3.73119	0.00074174	0.201596	0.0581968	0
3.73255	0.000744104	0.0839983	0.0375352	0
3.7332	0.000780951	0.235195	0.0626734	0
3.73351	0.000778062	0.151197	0.0502765	0
3.73236	0.000751789	0.134397	0.0475216	0
3.7331	0.000743447	0.167997	0.0530314	0
3.73379	0.000729063	0.117598	0.0444224	0
3.73279	0.000760722	0.151197	0.0502765	0
3.73227	0.000748965	0.0839983	0.0375352	0
3.73356	0.000748702	0.151197	0.0502765	0
3.73365	0.000752314	0.167997	0.0530314	0
3.73365	0.000741477	0.117598	0.0444224	0
3.73404	0.000769917	0.235195	0.0626734	0
3.73448	0.000770114	0.201596	0.0581968	0
3.73425	0.000781937	0.117598	0.0444224	0
3.7332	0.000754679	0.100798	0.0409788	0
3.73341	0.00072394	0.0839983	0.0375352	0
3.73385	0.000736617	0.134397	0.0475216	0
3.73435	0.000750869	0.100798	0.0409788	0
3.73477	0.000735106	0.050399	0.0289262	0
3.7346	0.000722561	0.100798	0.0409788	0
3.73363	0.00074949	0.151197	0.0502765	0
3.73457	0.000762232	0.134397	0.0475216	0
3.7351	0.000769326	0.100798	0.0409788	0
3.73481	0.000755073	0.151197	0.0502765	0
3.73418	0.000744761	0.134397	0.0475216	0
3.73448	0.000768735	0.184796	0.0554419	0
3.73516	0.000741477	0.167997	0.0530314	0
3.73526	0.000742725	0.134397	0.0475216	0
3.73451	0.000750804	0.184796	0.0554419	0
3.7341	0.000753759	0.0839983	0.0375352	0
3.73457	0.000739638	0.151197	0.0502765	0
3.73474	0.000773464	0.134397	0.0475216	0
3.73467	0.000736551	0.167997	0.0530314	0
3.73518	0.000755927	0.100798	0.0409788	0
3.73525	0.000753562	0.151197	0.0502765	0
3.73595	0.000788768	0.167997	0.0530314	0
3.73534	0.000744104	0.0839983	0.0375352	0
3.73465	0.000736551	0.0335993	0.0237608	0
3.73579	0.000758423	0.218396	0.0602629	0
3.73649	0.000762626	0.100798	0.0409788	0
3.73598	0.000739966	0.0335993	0.0237608	0
3.73561	0.000720328	0.100798	0.0409788	0
3.73599	0.000743579	0.100798	0.0409788	0
3.73678	0.000723677	0.167997	0.0530314	0
3.73809	0.000748439	0.151197	0.0502765	0
3.73723	0.0007688	0.151197	0.0502765	0
3.73611	0.000750081	0.151197	0.0502765	0
3.73648	0.00072486	0.0839983	0.0375352	0
3.73725	0.000752314	0.134397	0.0475216	0
3.73683	0.000725319	0.100798	0.0409788	0
3.73664	0.000738915	0.134397	0.0475216	0
3.73652	0.000766305	0.100798	0.0409788	0
3.73682	0.000742199	0.167997	0.0530314	0
3.73644	0.000765976	0.167997	0.0530314	0
3.73712	0.00074417	0.0671987	0.0337472	0
3.73662	0.000736617	0.134397	0.0475216	0
3.73616	0.000731953	0.0671987	0.0337472	0
3.73749	0.000745287	0.218396	0.0602629	0
3.73771	0.000770508	0.167997	0.0530314	0
3.7373	0.000773332	0.184796	0.0554419	0
3.73827	0.000759474	0.134397	0.0475216	0
3.73801	0.000731296	0.117598	0.0444224	0
3.7371	0.000735894	0.167997	0.0530314	0
3.73772	0.000735697	0.151197	0.0502765	0
3.73933	0.000746929	0.151197	0.0502765	0
3.73884	0.000740295	0.100798	0.0409788	0
3.73787	0.000738653	0.0839983	0.0375352	0
3.73822	0.000736157	0.117598	0.0444224	0
3.73763	0.000736814	0.0839983	0.0375352	0
3.73755	0.000753891	0.0839983	0.0375352	0
3.73809	0.000752774	0.0671987	0.0337472	0
3.73743	0.00074706	0.0671987	0.0337472	0
3.73859	0.000737142	0.100798	0.0409788	0
3.73799	0.00073839	0.0839983	0.0375352	0
3.73742	0.0007533	0.100798	0.0409788	0
3.73809	0.000742922	0.117598	0.0444224	0
3.73889	0.00074614	0.0671987	0.0337472	0
3.73901	0.000750804	0.167997	0.0530314	0
3.73862	0.00073504	0.100798	0.0409788	0
3.73891	0.000727553	0.0167997	0.0168736	0
3.73951	0.000717438	0.050399	0.0289262	0
3.73919	0.000743447	0.100798	0.0409788	0
3.73969	0.000744564	0.0839983	0.0375352	0
3.73941	0.000739769	0.0839983	0.0375352	0
3.73876	0.000743907	0.117598	0.0444224	0
3.73933	0.000724531	0.134397	0.0475216	0
3.73933	0.000728932	0.100798	0.0409788	0
3.73971	0.000748571	0.184796	0.0554419	0
3.7398	0.000736091	0.134397	0.0475216	0
3.73935	0.000738062	0.100798	0.0409788	0
3.74042	0.000713103	0.0671987	0.0337472	0
3.74042	0.000713825	0.0671987	0.0337472	0
3.73993	0.000721378	0.0167997	0.0168736	0
3.73967	0.000731559	0.134397	0.0475216	0
3.74078	0.000745812	0.0839983	0.0375352	0
3.73938	0.000746929	0.117598	0.0444224	0
3.73992	0.000739966	0.0671987	0.0337472	0
3.74103	0.000748768	0.184796	0.0554419	0
3.7405	0.000735828	0.134397	0.0475216	0
3.74043	0.000744564	0.117598	0.0444224	0
3.73981	0.000751592	0.134397	0.0475216	0
3.73983	0.000751329	0.117598	0.0444224	0
3.74039	0.000758488	0.201596	0.0581968	0
3.74157	0.000742528	0.100798	0.0409788	0
3.74176	0.000763415	0.167997	0.0530314	0
3.74165	0.00074752	0.100798	0.0409788	0
3.74172	0.000762955	0.268795	0.0671501	0
3.74226	0.000747454	0.134397	0.0475216	0
3.74157	0.000747979	0.201596	0.0581968	0
3.74134	0.000770048	0.0839983	0.0375352	0
3.74062	0.000732282	0.100798	0.0409788	0
3.74204	0.000745549	0.100798	0.0409788	0
3.74177	0.000736091	0.134397	0.0475216	0
3.74129	0.000737273	0.0839983	0.0375352	0
3.74166	0.000737339	0.117598	0.0444224	0
3.74146	0.000733727	0.0671987	0.0337472	0
3.74273	0.000748636	0.184796	0.0554419	0
3.74325	0.000749096	0.0839983	0.0375352	0
3.74225	0.000742331	0.0839983	0.0375352	0
3.74231	0.000743185	0.117598	0.0444224	0
3.74175	0.000761378	0.100798	0.0409788	0
3.74232	0.000750475	0.0671987	0.0337472	0
3.74299	0.00074614	0.100798	0.0409788	0
3.74317	0.000748045	0.167997	0.0530314	0
3.74311	0.000770902	0.151197	0.0502765	0
3.74348	0.000771099	0.302394	0.0709381	0
3.74305	0.000766699	0.0839983	0.0375352	0
3.7429	0.000725648	0.0167997	0.0168736	0
3.74281	0.000723152	0.0671987	0.0337472	0
3.74258	0.000726567	0.117598	0.0444224	0
3.74329	0.00073885	0.100798	0.0409788	0
3.74325	0.000737536	0.0839983	0.0375352	0
3.74248	0.000738521	0.151197	0.0502765	0
3.74315	0.000746929	0.0839983	0.0375352	0
3.74391	0.000754482	0.134397	0.0475216	0
3.74355	0.000739901	0.0335993	0.0237608	0
3.74346	0.000736748	0.0839983	0.0375352	0
3.74418	0.000757241	0.134397	0.0475216	0
3.74445	0.000736551	0.100798	0.0409788	0
3.74459	0.000756715	0.167997	0.0530314	0
3.74474	0.000745746	0.100798	0.0409788	0
3.74386	0.000773924	0.151197	0.0502765	0
3.7446	0.000740623	0.117598	0.0444224	0
3.74485	0.000734449	0.117598	0.0444224	0
3.74452	0.00072105	0.0167997	0.0168736	0
3.74487	0.000733924	0.050399	0.0289262	0
3.74399	0.000730837	0.134397	0.0475216	0
3.74453	0.000744892	0.0671987	0.0337472	0
3.74422	0.000752314	0.151197	0.0502765	0
3.74493	0.000755927	0.100798	0.0409788	0
3.74531	0.000737011	0.117598	0.0444224	0
3.74593	0.000727947	0.100798	0.0409788	0
3.74505	0.000739441	0.0671987	0.0337472	0
3.74464	0.000729063	0.0671987	0.0337472	0
3.74513	0.000748965	0.167997	0.0530314	0
3.74579	0.000736814	0.151197	0.0502765	0
3.74476	0.000748702	0.117598	0.0444224	0
3.74444	0.000756649	0.050399	0.0289262	0
3.74497	0.000761181	0.100798	0.0409788	0
3.74535	0.00072926	0.0839983	0.0375352	0
3.74518	0.000735697	0.117598	0.0444224	0
3.74563	0.000740098	0.134397	0.0475216	0
3.74468	0.000721378	0.050399	0.0289262	0
3.74559	0.000753628	0.235195	0.0626734	0
3.74725	0.000758817	0.167997	0.0530314	0
3.74666	0.000770114	0.117598	0.0444224	0
3.74613	0.000754876	0.117598	0.0444224	0
3.74578	0.000745352	0.100798	0.0409788	0
3.74567	0.000758685	0.134397	0.0475216	0
3.74671	0.00071527	0.0671987	0.0337472	0
3.74615	0.000759408	0.0839983	0.0375352	0
3.74629	0.000726896	0.0671987	0.0337472	0
3.74653	0.000735697	0.0671987	0.0337472	0
3.74621	0.000727553	0.050399	0.0289262	0
3.74651	0.000737076	0.167997	0.0530314	0
3.747	0.000760787	0.151197	0.0502765	0
3.74631	0.00073839	0.100798	0.0409788	0
3.74707	0.00074903	0.117598	0.0444224	0
3.74744	0.000738784	0.0671987	0.0337472	0
3.74622	0.000728012	0.100798	0.0409788	0
3.74776	0.000737142	0.0839983	0.0375352	0
3.74771	0.000738981	0.134397	0.0475216	0
3.74699	0.000759408	0.117598	0.0444224	0
3.74702	0.000728538	0.134397	0.0475216	0
3.74659	0.000734252	0.0839983	0.0375352	0
3.74732	0.000737405	0.0671987	0.0337472	0
3.74851	0.000722167	0.0839983	0.0375352	0
3.74765	0.000747323	0.134397	0.0475216	0
3.74811	0.000760328	0.184796	0.0554419	0
3.74831	0.000720919	0.0671987	0.0337472	0
3.74829	0.000703907	0.0335993	0.0237608	0
3.74755	0.000743776	0.117598	0.0444224	0
3.74764	0.000714022	0.100798	0.0409788	0
3.74814	0.000740557	0.117598	0.0444224	0
3.74894	0.000747388	0.100798	0.0409788	0
3.74821	0.000737339	0.100798	0.0409788	0
3.74837	0.000735106	0.0671987	0.0337472	0
3.74866	0.000732282	0.0839983	0.0375352	0
3.74945	0.000747454	0.100798	0.0409788	0
3.75033	0.000744564	0.151197	0.0502765	0
3.75014	0.000746797	0.0671987	0.0337472	0
3.74828	0.000731756	0.0839983	0.0375352	0
3.74942	0.000743513	0.134397	0.0475216	0
0	0	0	0	0
0	0	0	0	0
0	0	0	0	0
0	0	0	0	0
0	0	0	0	0
0	0	0	0	0
0	0	0	0	0
0	0	0	0	0
0	0	0	0	0
0	0	0	0	0
0	0	0	0	0
0	0	0	0	0
0	0	0	0	0
0	0	0	0	0
0	0	0	0	0
0	0	0	0	0
0	0	0	0	0
0	0	0	0	0
0	0	0	0	0
0	0	0	0	0
0	0	0	0	0
0	0	0	0	0
0	0	0	0	0
0	0	0	0	0
0	0	0	0	0
0	0	0	0	0
0	0	0	0	0
0	0	0	0	0
0	0	0	0	0
0	0	0	0	0
0	0	0	0	0
0	0	0	0	0
0	0	0	0	0
0	0	0	0	0
0	0	0	0	0
0	0	0	0	0
0	0	0	0	0
0	0	0	0	0
0	0	0	0	0
0	0	0	0	0
0	0	0	0	0
0	0	0	0	0
0	0	0	0	0
0	0	0	0	0
0	0	0	0	0
0	0	0	0	0
0	0	0	0	0
0	0	0	0	0
0	0	0	0	0
0	0	0	0	0
0	0	0	0	0
0	0	0	0	0
0	0	0	0	0
0	0	0	0	0
0	0	0	0	0
0	0	0	0	0
0	0	0	0	0
0	0	0	0	0
0	0	0	0	0
0	0	0	0	0
0	0	0	0	0
0	0	0	0	0
0	0	0	0	0
0	0	0	0	0
0	0	0	0	0
0	0	0	0	0
0	0	0	0	0
0	0	0	0	0
0	0	0	0	0
0	0	0	0	0
0	0	0	0	0
0	0	0	0	0
0	0	0	0	0
0	0	0	0	0
0	0	0	0	0
0	0	0	0	0
0	0	0	0	0
0	0	0	0	0
0	0	0	0	0
0	0	0	0	0
0	0	0	0	0
0	0	0	0	0
0	0	0	0	0
0	0	0	0	0
0	0	0	0	0
0	0	0	0	0
0	0	0	0	0
0	0	0	0	0
0	0	0	0	0
0	0	0	0	0
0	0	0	0	0
0	0	0	0	0
0	0	0	0	0
0	0	0	0	0
0	0	0	0	0
0	0	0	0	0
0	0	0	0	0
0	0	0	0	0
0	0	0	0	0
0	0	0	0	0
0	0	0	0	0
0	0	0	0	0
0	0	0	0	0
0	0	0	0	0
0	0	0	0	0
0	0	0	0	0
0	0	0	0	0
0	0	0	0	0
0	0	0	0	0
0	0	0	0	0
0	0	0	0	0
0	0	0	0	0
0	0	0	0	0
0	0	0	0	0
0	0	0	0	0
0	0	0	0	0
0	0	0	0	0
0	0	0	0	0
0	0	0	0	0
0	0	0	0	0
0	0	0	0	0
0	0	0	0	0
0	0	0	0	0
0	0	0	0	0
0	0	0	0	0
0	0	0	0	0
0	0	0	0	0
0	0	0	0	0
0	0	0	0	0
0	0	0	0	0
0	0	0	0	0
0	0	0	0	0
0	0	0	0	0
0	0	0	0	0
0	0	0	0	0
0	0	0	0	0
0	0	0	0	0
0	0	0	0	0
0	0	0	0	0
0	0	0	0	0
0	0	0	0	0
0	0	0	0	0
0	0	0	0	0
0	0	0	0	0
0	0	0	0	0
0	0	0	0	0
0	0	0	0	0
0	0	0	0	0
0	0	0	0	0
0	0	0	0	0
0	0	0	0	0
0	0	0	0	0
0	0	0	0	0
0	0	0	0	0
0	0	0	0	0
0	0	0	0	0
0	0	0	0	0
0	0	0	0	0
0	0	0	0	0
0	0	0	0	0
0	0	0	0	0
0	0	0	0	0
0	0	0	0	0
0	0	0	0	0
0	0	0	0	0
0	0	0	0	0
0	0	0	0	0
0	0	0	0	0
0	0	0	0	0
0	0	0	0	0
0	0	0	0	0
0	0	0	0	0
0	0	0	0	0
0	0	0	0	0
0	0	0	0	0
0	0	0	0	0
0	0	0	0	0
0	0	0	0	0
0	0	0	0	0
0	0	0	0	0
0	0	0	0	0
0	0	0	0	0
0	0	0	0	0
0	0	0	0	0
0	0	0	0	0
0	0	0	0	0
0	0	0	0	0
0	0	0	0	0
0	0	0	0	0
0	0	0	0	0
0	0	0	0	0
0	0	0	0	0
0	0	0	0	0
0	0	0	0	0
0	0	0	0	0
0	0	0	0	0
0	0	0	0	0
0	0	0	0	0
0	0	0	0	0
0	0	0	0	0
0	0	0	0	0
0	0	0	0	0
0	0	0	0	0
0	0	0	0	0
0	0	0	0	0
0	0	0	0	0
0	0	0	0	0
0	0	0	0	0
0	0	0	0	0
0	0	0	0	0
0	0	0	0	0
0	0	0	0	0
0	0	0	0	0
0	0	0	0	0
0	0	0	0	0
0	0	0	0	0
0	0	0	0	0
0	0	0	0	0
0	0	0	0	0
0	0	0	0	0
0	0	0	0	0
0	0	0	0	0
0	0	0	0	0
0	0	0	0	0
0	0	0	0	0
0	0	0	0	0
0	0	0	0	0
0	0	0	0	0
0	0	0	0	0
0	0	0	0	0
0	0	0	0	0
0	0	0	0	0
0	0	0	0	0
0	0	0	0	0
0	0	0	0	0
0	0	0	0	0
0	0	0	0	0
0	0	0	0	0
0	0	0	0	0
0	0	0	0	0
0	0	0	0	0
0	0	0	0	0
0	0	0	0	0
0	0	0	0	0
0	0	0	0	0
0	0	0	0	0
0	0	0	0	0
0	0	0	0	0
0	0	0	0	0
0	0	0	0	0
0	0	0	0	0
0	0	0	0	0
0	0	0	0	0
0	0	0	0	0
0	0	0	0	0
0	0	0	0	0
0	0	0	0	0
0	0	0	0	0
0	0	0	0	0
0	0	0	0	0
0	0	0	0	0
0	0	0	0	0
0	0	0	0	0
0	0	0	0	0
0	0	0	0	0
0	0	0	0	0
0	0	0	0	0
0	0	0	0	0
0	0	0	0	0
0	0	0	0	0
0	0	0	0	0
0	0	0	0	0
0	0	0	0	0
0	0	0	0	0
0	0	0	0	0
0	0	0	0	0
0	0	0	0	0
0	0	0	0	0
0	0	0	0	0
0	0	0	0	0
0	0	0	0	0
0	0	0	0	0
0	0	0	0	0
0	0	0	0	0
0	0	0	0	0
0	0	0	0	0
0	0	0	0	0
0	0	0	0	0
0	0	0	0	0
0	0	0	0	0
0	0	0	0	0
0	0	0	0	0
0	0	0	0	0
0	0	0	0	0
0	0	0	0	0
0	0	0	0	0
0	0	0	0	0
0	0	0	0	0
0	0	0	0	0
0	0	0	0	0
0	0	0	0	0
0	0	0	0	0
0	0	0	0	0
0	0	0	0	0
0	0	0	0	0
0	0	0	0	0
0	0	0	0	0
0	0	0	0	0
0	0	0	0	0
0	0	0	0	0
0	0	0	0	0
0	0	0	0	0
0	0	0	0	0
0	0	0	0	0
0	0	0	0	0
0	0	0	0	0
0	0	0	0	0
0	0	0	0	0
0	0	0	0	0
0	0	0	0	0
0	0	0	0	0
0	0	0	0	0
0	0	0	0	0
0	0	0	0	0
0	0	0	0	0
0	0	0	0	0
0	0	0	0	0
0	0	0	0	0
0	0	0	0	0
0	0	0	0	0
0	0	0	0	0
0	0	0	0	0
0	0	0	0	0
0	0	0	0	0
0	0	0	0	0
0	0	0	0	0
0	0	0	0	0
0	0	0	0	0
0	0	0	0	0
0	0	0	0	0
0	0	0	0	0
0	0	0	0	0
0	0	0	0	0
0	0	0	0	0
0	0	0	0	0
0	0	0	0	0
0	0	0	0	0
0	0	0	0	0
0	0	0	0	0
0	0	0	0	0
0	0	0	0	0
0	0	0	0	0
0	0	0	0	0
0	0	0	0	0
0	0	0	0	0
0	0	0	0	0
0	0	0	0	0
0	0	0	0	0
0	0	0	0	0
0	0	0	0	0
0	0	0	0	0
0	0	0	0	0
0	0	0	0	0
0	0	0	0	0
0	0	0	0	0
0	0	0	0	0
0	0	0	0	0
0	0	0	0	0
0	0	0	0	0
0	0	0	0	0
0	0	0	0	0
0	0	0	0	0
0	0	0	0	0
0	0	0	0	0
0	0	0	0	0
0	0	0	0	0
0	0	0	0	0
0	0	0	0	0
0	0	0	0	0
0	0	0	0	0
0	0	0	0	0
0	0	0	0	0
0	0	0	0	0
0	0	0	0	0
0	0	0	0	0
0	0	0	0	0
0	0	0	0	0
0	0	0	0	0
0	0	0	0	0
0	0	0	0	0
0	0	0	0	0
0	0	0	0	0
0	0	0	0	0
0	0	0	0	0
0	0	0	0	0
0	0	0	0	0
0	0	0	0	0
0	0	0	0	0
0	0	0	0	0
0	0	0	0	0
