a2610506.350186
Narit-cm 05/01/2026 06:05:01 05/01/2026 06:35:01 0045 0013.384714 0052.542598 00.0 00.0
0002394 0010 0000000 0010 05 0000000 0010 0000000 0010
1 0 1 01600 1 0000 3.75 00000.o 0 0 01 000 16 002394 0.500 BT0
1 2 1 02000 1 0000 3.75 00000.o 0 0 01 000 16 002394 0.500 S2A0
1 1 1 01600 1 0000 3.75 00000.o 0 0 00 000 00 002394 3.1746 BC0
1 3 1 02000 1 0000 3.75 00000.o 0 0 00 000 00 002394 3.1746 S2P0
1 5 0 01600 0 0000 1.00 00000.o 0 0 00 000 00 000000 0.000 OF0
0.000 .o Analog 0 	0.000 .o Analog StErr 0 	0.000 .o Photon Counting 0 	0.000 .o PC StErr 0 	0.000 .o Overflow Info 0 
31.4398	0.190711	170.192	0.90103	0
76.0826	0.443014	194.069	0.900689	0
292.425	2.28966	112.147	1.37204	0
473.934	0.0446386	1.08605	0.139014	0
473.457	6.38441E-6	0	0	0
473.457	0	0.116959	0.050209	0
473.457	8.99029E-6	26.6165	0.658524	0
473.457	6.38441E-6	13.2665	0.545127	0
473.457	0	5.41353	0.340192	0
473.457	6.38441E-6	17.7611	0.549908	0
473.457	6.38441E-6	51.7627	0.844673	0
473.457	6.38441E-6	111.796	1.04961	0
473.457	0	158.329	1.0216	0
473.457	0	129.156	1.03595	0
473.457	0	88.0368	0.935527	0
473.457	0	83.7594	0.911277	0
473.457	0	85.3634	0.882586	0
473.457	0	96.2406	0.924256	0
473.457	0	116.074	0.929721	0
473.457	0	119.983	0.906495	0
473.457	0	124.511	0.916059	0
473.457	0	140.117	0.937918	0
473.457	0	161.203	0.904446	0
473.457	0	178.513	0.923573	0
473.457	0	191.011	0.895224	0
473.457	0	198.162	0.883952	0
473.457	0	203.175	0.889759	0
473.457	0	205.196	0.9164	0
473.457	0	206.216	0.882927	0
473.457	0	201.688	0.891466	0
473.457	0	204.16	0.891808	0
473.457	0	203.709	0.895907	0
473.473	0.00972313	203.074	0.883269	0
474.808	0.113397	203.008	0.887709	1
478.605	0.205496	201.938	0.868924	1
491.582	0.234886	202.222	0.889417	1
499.823	0.0399076	201.153	0.890783	1
500	0	202.573	0.912985	1
499.995	0.00502251	200.869	0.880878	1
499.392	0.0717895	203.86	0.87473	1
494.627	0.289389	203.642	0.869948	1
476.509	0.596522	203.292	0.877804	1
434.488	0.714302	202.022	0.889076	1
387.838	0.693703	202.657	0.890442	0
344.204	0.684384	202.256	0.886685	0
300.758	0.681921	203.258	0.895565	0
256.772	0.657009	202.64	0.895907	0
214.624	0.61912	202.573	0.885318	0
175.623	0.565517	203.074	0.902055	0
140.941	0.498599	201.571	0.890783	0
111.318	0.428995	202.907	0.886002	0
86.6622	0.365082	201.136	0.887368	0
66.5194	0.304172	199.983	0.882927	0
50.6313	0.245657	197.043	0.883269	0
38.6507	0.196956	197.594	0.854578	0
29.6195	0.15676	195.606	0.894199	0
22.8869	0.122817	194.737	0.85287	0
18.0434	0.097039	192.999	0.877463	0
14.4617	0.0768046	189.774	0.874047	0
11.971	0.0594177	189.708	0.865166	0
10.3484	0.0481078	189.407	0.846039	0
9.16209	0.0412672	188.388	0.871315	0
8.2605	0.0361928	185.931	0.85936	0
7.53229	0.0323335	184.211	0.869607	0
6.97589	0.0297328	181.22	0.859702	0
6.69637	0.0277814	181.604	0.85287	0
6.57102	0.0262239	178.747	0.832377	0
6.45633	0.0259371	178.546	0.860726	0
6.38722	0.0250105	175.789	0.844331	0
6.41104	0.0246247	173.584	0.850821	0
6.47951	0.02469	173.4	0.864825	0
6.59468	0.0243596	169.457	0.845356	0
6.68499	0.0232619	170.71	0.876779	0
6.72769	0.0232314	169.24	0.857652	0
6.79374	0.023831	168.137	0.844331	0
6.82252	0.0229509	167.452	0.861068	0
6.86435	0.0225228	167.068	0.834085	0
6.96494	0.0230199	167.068	0.85492	0
7.08269	0.0226105	167.051	0.862776	0
7.19262	0.0228888	165.898	0.842624	0
7.2667	0.0230971	165.564	0.857652	0
7.34247	0.0225514	165.363	0.835109	0
7.41586	0.0221559	162.723	0.833743	0
7.4717	0.023194	163.743	0.836817	0
7.54463	0.0224726	162.139	0.86585	0
7.62235	0.0212611	161.838	0.843307	0
7.66592	0.0224481	162.306	0.831011	0
7.70194	0.0220951	160.134	0.840916	0
7.74204	0.0217051	159.649	0.847747	0
7.7639	0.0220696	162.306	0.845356	0
7.75171	0.0226047	158.58	0.861751	0
7.65651	0.0218274	157.744	0.848772	0
7.5856	0.0205227	158.546	0.850479	0
7.6483	0.0208399	159.064	0.842282	0
7.74398	0.0199655	158.363	0.849113	0
7.85207	0.0203007	159.064	0.842282	0
7.97285	0.0210709	157.377	0.864142	0
7.97665	0.0208964	155.004	0.828278	0
7.94603	0.0205743	157.861	0.849113	0
7.9942	0.0200163	156.859	0.850479	0
7.9714	0.0210207	154.286	0.851846	0
7.89876	0.020724	154.77	0.869607	0
7.87119	0.0199197	156.074	0.8638	0
7.82251	0.0199909	153.567	0.841941	0
7.72364	0.0201535	151.746	0.85287	0
7.68761	0.0198424	152.665	0.838867	0
7.6685	0.0188038	150.844	0.822813	0
7.58938	0.0192169	150.643	0.849113	0
7.55801	0.019107	149.039	0.862434	0
7.53631	0.0187946	149.223	0.851504	0
7.40623	0.0189095	147.185	0.843307	0
7.2478	0.0187917	145.464	0.851504	0
7.14934	0.0175443	144.762	0.872681	0
7.11225	0.017166	145.263	0.8638	0
7.16246	0.0172178	145.38	0.862092	0
7.26966	0.0172823	144.361	0.865508	0
7.36455	0.0182469	146.132	0.858335	0
7.498	0.0181196	144.896	0.851504	0
7.6515	0.0187192	145.297	0.8375	0
7.79529	0.0189737	145.246	0.850479	0
7.91193	0.0189734	148.705	0.850479	0
7.99037	0.0190659	148.304	0.814274	0
8.07593	0.0188356	148.254	0.854237	0
8.14522	0.0183748	148.371	0.870631	0
8.14063	0.0183272	147.92	0.863459	0
8.12685	0.0175991	146.583	0.853554	0
8.13649	0.0177933	146.951	0.862434	0
8.09263	0.0173064	146.433	0.842282	0
8.00638	0.0172899	145.831	0.867216	0
7.94069	0.0174472	144.177	0.854578	0
7.88885	0.0172993	144.578	0.857311	0
7.82808	0.016838	143.358	0.852187	0
7.7811	0.0171651	143.124	0.831694	0
7.73174	0.0166797	141.17	0.837842	0
7.65355	0.0158538	139.181	0.829986	0
7.59653	0.0158733	139.365	0.859018	0
7.58277	0.0154905	140.033	0.853554	0
7.56922	0.0156608	140.317	0.829644	0
7.53788	0.0156401	138.279	0.834085	0
7.50109	0.0154889	139.165	0.87473	0
7.4711	0.0153849	137.46	0.860043	0
7.44566	0.0152952	138.062	0.85936	0
7.40449	0.0150763	134.353	0.837842	0
7.38857	0.0152613	136.742	0.847064	0
7.3672	0.0149428	137.945	0.860043	0
7.32616	0.0149179	135.305	0.830328	0
7.31415	0.014804	135.238	0.834426	0
7.28601	0.0145832	132.464	0.84399	0
7.22575	0.0145219	131.529	0.85287	0
7.20754	0.0144876	132.715	0.847064	0
7.17674	0.0143875	131.997	0.840574	0
7.10818	0.0145275	130.877	0.861409	0
7.0651	0.0143718	129.574	0.828278	0
7.02587	0.0141871	129.992	0.84843	0
6.96015	0.0139237	128.772	0.853212	0
6.8868	0.0145563	127.435	0.852187	0
6.82532	0.014703	126.165	0.855603	0
6.78584	0.0143669	123.893	0.848089	0
6.73941	0.0149359	123.008	0.874389	0
6.69693	0.0144619	122.289	0.868924	0
6.67787	0.0140787	121.27	0.84399	0
6.6603	0.0139105	123.225	0.846722	0
6.6063	0.0136895	121.337	0.845698	0
6.51737	0.0139964	117.678	0.861751	0
6.42978	0.0133643	116.926	0.843648	0
6.35556	0.0130166	116.358	0.869265	0
6.28538	0.012246	113.751	0.851504	0
6.24135	0.0119596	113.668	0.834768	0
6.1965	0.0120234	111.997	0.842282	0
6.12372	0.0116177	110.459	0.864825	0
6.05877	0.0115915	108.722	0.866874	0
5.97941	0.0114983	106.048	0.853554	0
5.89447	0.0109513	105.547	0.855603	0
5.84438	0.0110276	102.423	0.832377	0
5.80358	0.0112772	100.769	0.841599	0
5.75543	0.0110993	101.003	0.855261	0
5.72355	0.0105379	98.8638	0.856628	0
5.68829	0.0102263	96.5246	0.86585	0
5.64407	0.0102729	96.6249	0.845698	0
5.61916	0.00999961	94.9039	0.854578	0
5.59816	0.00979622	96.2239	0.838183	0
5.55561	0.00966736	92.6483	0.835451	0
5.52541	0.00987714	91.9465	0.836476	0
5.5069	0.00964176	90.3926	0.844673	0
5.47989	0.00953687	91.0443	0.819398	0
5.45018	0.00936104	87.5188	0.83955	0
5.41966	0.00912306	88.5714	0.843307	0
5.41041	0.00945238	86.5497	0.843307	0
5.39319	0.00941342	87.3183	0.839891	0
5.35543	0.00909661	84.7118	0.831011	0
5.33573	0.0091254	85.2966	0.832718	0
5.31909	0.00880912	83.5255	0.820422	0
5.28271	0.00885211	82.8739	0.838867	0
5.24227	0.00877087	81.1696	0.8375	0
5.22856	0.00858879	79.9332	0.834426	0
5.23253	0.0085684	81.4871	0.823838	0
5.20279	0.00830084	77.7611	0.837159	0
5.15706	0.00836612	77.5606	0.827254	0
5.14554	0.00834918	77.3768	0.838867	0
5.13339	0.00826142	74.3358	0.82862	0
5.11092	0.00814058	75.4553	0.810859	0
5.10166	0.00823002	74.9206	0.817007	0
5.09017	0.00796787	74.1688	0.82213	0
5.06932	0.00796344	73.4837	0.808468	0
5.05046	0.00797882	72.264	0.818031	0
5.0388	0.00789145	72.0635	0.8112	0
5.02356	0.0078181	70.9607	0.822813	0
4.99357	0.00771269	69.3066	0.806419	0
4.97901	0.00760494	69.2231	0.812225	0
4.96626	0.00759419	67.7694	0.801295	0
4.93788	0.0073065	67.3016	0.817348	0
4.92125	0.00734142	66.65	0.819398	0
4.89909	0.00735569	63.2916	0.806077	0
4.87908	0.00711953	63.9432	0.790365	0
4.86918	0.00691412	63.5255	0.795147	0
4.85174	0.00692923	61.7043	0.801295	0
4.82938	0.00688676	60.8521	0.790024	0
4.82058	0.00696252	62.5063	0.816324	0
4.81802	0.00697536	59.599	0.788316	0
4.79211	0.00683295	59.3484	0.798563	0
4.7775	0.00676389	58.0618	0.764748	0
4.76563	0.00670623	58.8972	0.79583	0
4.73802	0.0065691	56.0902	0.772263	0
4.72727	0.00639157	57.0259	0.777386	0
4.72465	0.00652467	55.5054	0.786608	0
4.70555	0.00616649	55.0042	0.762358	0
4.68626	0.00625281	52.9657	0.755868	0
4.68317	0.0064119	54.3191	0.746304	0
4.67575	0.00629848	53.0827	0.76065	0
4.65774	0.00608701	52.4645	0.750403	0
4.64965	0.00602623	51.5121	0.750745	0
4.63777	0.0059573	52.0468	0.744255	0
4.61223	0.00584792	49.0226	0.73435	0
4.60016	0.00582401	49.2231	0.725128	0
4.59357	0.00591072	48.5881	0.741181	0
4.57608	0.00575365	47.4185	0.730593	0
4.56525	0.0056601	47.5355	0.731617	0
4.55026	0.00568668	45.33	0.729226	0
4.53239	0.00553587	46.0485	0.715223	0
4.51961	0.00549561	44.411	0.735716	0
4.50928	0.00557528	44.6617	0.721712	0
4.49267	0.00536447	42.122	0.700877	0
4.47254	0.005356	41.6207	0.715223	0
4.46146	0.0053218	40.8354	0.710099	0
4.45266	0.0051431	40.2506	0.706684	0
4.43387	0.00501124	38.7469	0.699511	0
4.42609	0.00499111	39.1145	0.687898	0
4.4229	0.0050603	38.1788	0.67731	0
4.41308	0.00505319	38.1621	0.698145	0
4.40922	0.00490759	38.2456	0.689606	0
4.40104	0.00498525	36.7084	0.698486	0
4.38596	0.00485254	35.8396	0.669795	0
4.37885	0.004867	36.1069	0.671162	0
4.37334	0.00470212	36.8087	0.685849	0
4.36268	0.00469736	34.6533	0.663647	0
4.35524	0.0047059	35.6558	0.676626	0
4.34855	0.00469345	34.67	0.660915	0
4.3329	0.00455892	33.1495	0.658182	0
4.32743	0.00463814	33.2164	0.654767	0
4.32211	0.00457326	33.3668	0.649643	0
4.30637	0.00445319	31.7627	0.647936	0
4.30286	0.00438492	32.0134	0.654767	0
4.30521	0.00431651	31.1779	0.642471	0
4.29933	0.00438804	31.0777	0.649643	0
4.29695	0.00438759	31.3617	0.637689	0
4.29799	0.00444739	30.9774	0.642471	0
4.28597	0.00423026	30.142	0.617878	0
4.27735	0.00416485	31.0109	0.646228	0
4.2852	0.00420941	30.7602	0.630516	0
4.28162	0.0043257	30.4762	0.649985	0
4.27101	0.00431996	30.0084	0.637006	0
4.26616	0.00428778	30.1587	0.618903	0
4.25829	0.00417019	28.6216	0.617537	0
4.25518	0.00417814	29.5739	0.632565	0
4.2556	0.00418303	28.8221	0.643495	0
4.24955	0.00410218	29.1228	0.621636	0
4.24207	0.00413853	28.9056	0.62471	0
4.23327	0.00420967	27.4185	0.615488	0
4.22776	0.00408361	27.8195	0.609681	0
4.22748	0.00415684	27.051	0.611389	0
4.22389	0.00402674	27.8363	0.614121	0
4.21989	0.00405579	27.2682	0.613438	0
4.21373	0.00404153	26.9674	0.600801	0
4.20624	0.00399677	26.0317	0.603533	0
4.19999	0.0039141	25.6642	0.589529	0
4.19075	0.0038285	24.9123	0.592262	0
4.1847	0.00389664	24.3275	0.584747	0
4.17956	0.00382465	24.3776	0.593969	0
4.17233	0.00383462	23.2247	0.572451	0
4.17233	0.00374804	24.3943	0.585089	0
4.17931	0.0037853	25.4971	0.593969	0
4.17226	0.00377801	24.0602	0.581332	0
4.16005	0.00372055	23.8764	0.578599	0
4.15555	0.00370452	23.1746	0.57006	0
4.14996	0.00360836	23.3584	0.555715	0
4.1496	0.00368693	23.325	0.566645	0
4.14715	0.0037498	23.4921	0.578941	0
4.13759	0.00358015	22.005	0.563229	0
4.13103	0.00357149	22.2891	0.553324	0
4.12627	0.00357696	21.9215	0.556398	0
4.1255	0.0036268	22.3559	0.567328	0
4.12239	0.00356413	21.4369	0.558106	0
4.11075	0.00345325	20.6349	0.541028	0
4.10833	0.00333325	21.32	0.53932	0
4.10728	0.00331116	20.1337	0.54376	0
4.09497	0.00337572	19.1813	0.522925	0
4.09554	0.00333488	20.0334	0.528049	0
4.101	0.00341045	20.2506	0.546151	0
4.08448	0.00336791	18.2456	0.521901	0
4.0734	0.00327527	19.2648	0.533514	0
4.07543	0.00320719	18.3626	0.529073	0
4.06702	0.0032268	17.995	0.510971	0
4.05938	0.00318856	17.7109	0.499699	0
4.05556	0.00307513	17.6274	0.506872	0
4.04705	0.00307403	16.5246	0.487403	0
4.04129	0.00303435	16.0234	0.491502	0
4.04289	0.00302888	16.675	0.499016	0
4.04308	0.00302614	17.1763	0.492527	0
4.0359	0.00303175	15.5723	0.479547	0
4.02899	0.00292693	15.4386	0.479547	0
4.0278	0.00289539	15.8563	0.483305	0
4.0255	0.00283833	15.6224	0.478523	0
4.02091	0.00295546	15.3718	0.480572	0
4.01565	0.00292471	14.1186	0.458371	0
4.0122	0.00281722	14.7703	0.474766	0
4.01242	0.00289917	15.2882	0.473741	0
4.00806	0.00284217	14.6533	0.467251	0
4.00451	0.00279989	14.9373	0.477498	0
4.00066	0.00277644	13.8346	0.446416	0
3.99581	0.00279539	13.8346	0.444025	0
3.99762	0.00273122	14.0184	0.46042	0
3.99832	0.00271285	13.3668	0.454955	0
3.9937	0.00273246	13.8513	0.465544	0
3.99109	0.00274354	13.4002	0.447099	0
3.98692	0.00269709	13.7845	0.452906	0
3.98388	0.00265064	13.1997	0.450857	0
3.98147	0.00270451	12.548	0.432412	0
3.97933	0.00267155	13.1495	0.441635	0
3.97739	0.00265455	12.8822	0.437194	0
3.97218	0.00271383	12.3308	0.443684	0
3.97335	0.00271578	12.782	0.431388	0
3.96983	0.00263096	12.1303	0.427972	0
3.96534	0.00258113	12.2306	0.432071	0
3.96751	0.00259389	13.7009	0.450515	0
3.96627	0.00264829	12.3308	0.432754	0
3.96303	0.00261676	12.8154	0.444367	0
3.96504	0.00261722	12.2974	0.433779	0
3.96069	0.00266875	12.2473	0.438561	0
3.95741	0.00257103	11.7126	0.419433	0
3.95677	0.00253865	11.6792	0.428314	0
3.95639	0.0026264	12.6149	0.439927	0
3.95251	0.00252797	12.4311	0.427631	0
3.94573	0.00253976	11.4954	0.420116	0
3.94493	0.002512	11.7962	0.420799	0
3.94684	0.00250034	11.4954	0.425581	0
3.94438	0.00255669	11.5957	0.425581	0
3.94599	0.00257363	11.5455	0.423874	0
3.94581	0.00246881	10.9774	0.402014	0
3.94494	0.00258556	11.7962	0.422849	0
3.94311	0.00258862	11.7962	0.430022	0
3.93764	0.00247513	10.7268	0.406454	0
3.93627	0.0024864	11.2615	0.424215	0
3.93572	0.0024148	10.5263	0.39894	0
3.93118	0.00242197	11.061	0.410211	0
3.93291	0.00243279	10.7769	0.408503	0
3.93422	0.00247878	11.061	0.410894	0
3.93028	0.00244327	11.4954	0.414993	0
3.92799	0.00243168	10.7937	0.414651	0
3.9271	0.00250777	11.061	0.42319	0
3.92609	0.0024507	11.3283	0.416701	0
3.9258	0.00249168	11.0276	0.408845	0
3.92682	0.00243572	10.8605	0.413285	0
3.92682	0.00244764	11.4286	0.422849	0
3.92481	0.00245591	10.5263	0.39689	0
3.92438	0.00244256	11.1278	0.411577	0
3.92	0.00239546	10.1587	0.391084	0
3.91448	0.00239272	10.6433	0.405771	0
3.91613	0.00236047	10.5263	0.396207	0
3.91518	0.00243057	10.4094	0.396549	0
3.90892	0.00233318	10.0084	0.393133	0
3.90172	0.00231728	9.18964	0.378788	0
3.89668	0.00227422	9.27318	0.375372	0
3.89498	0.00226783	9.42356	0.385961	0
3.88891	0.00219793	8.68839	0.374006	0
3.8831	0.00217376	8.63826	0.365809	0
3.88332	0.00213448	8.23726	0.357611	0
3.88603	0.00218282	8.25397	0.358294	0
3.88744	0.00218451	8.7051	0.364442	0
3.88858	0.00222874	8.95572	0.372298	0
3.89108	0.00223975	9.02256	0.373664	0
3.88806	0.00225441	9.03926	0.374689	0
3.88238	0.0021705	8.3208	0.359319	0
3.88013	0.00214295	8.83876	0.369224	0
3.8811	0.00216699	8.47118	0.37264	0
3.87969	0.00216861	8.60485	0.36171	0
3.87445	0.00210431	8.23726	0.359661	0
3.87173	0.00206112	8.00334	0.349414	0
3.87406	0.00209076	8.80535	0.379129	0
3.87524	0.00213975	8.33751	0.358977	0
3.87398	0.00215656	8.35422	0.358977	0
3.87318	0.00217213	8.20384	0.364101	0
3.87472	0.00221311	8.67168	0.368541	0
3.87598	0.00221526	8.38764	0.363418	0
3.87353	0.00215617	8.17043	0.359661	0
3.86902	0.00209591	8.20384	0.363076	0
3.86901	0.0021221	8.48789	0.363759	0
3.86952	0.00210848	8.08688	0.357611	0
3.86235	0.00209031	8.07018	0.355903	0
3.8576	0.00210705	7.80284	0.352829	0
3.85551	0.00208627	7.16792	0.336776	0
3.85102	0.00204698	6.83375	0.329603	0
3.84964	0.0019905	7.11779	0.337801	0
3.85286	0.00203317	7.48538	0.345657	0
3.85275	0.00202386	7.9198	0.352829	0
3.85516	0.00207988	7.9198	0.345657	0
3.85447	0.00208894	7.63576	0.352146	0
3.85129	0.00209917	7.335	0.332678	0
3.85064	0.00205396	7.15121	0.344632	0
3.84733	0.00195291	6.91729	0.330287	0
3.84591	0.00202822	7.16792	0.34429	0
3.84764	0.0020262	7.11779	0.332678	0
3.84311	0.00195109	6.132	0.3156	0
3.84015	0.00196952	6.95071	0.328237	0
3.83784	0.0018948	6.71679	0.325163	0
3.8335	0.00189623	6.08187	0.308427	0
3.83299	0.00188347	6.71679	0.327554	0
3.83351	0.00192614	6.28237	0.327896	0
3.82986	0.00195819	6.19883	0.316966	0
3.8295	0.00182522	6.16541	0.314575	0
3.83121	0.00184913	6.98413	0.326188	0
3.82952	0.0018864	6.38262	0.323797	0
3.82632	0.00186855	6.03175	0.309452	0
3.82664	0.00185187	5.81454	0.300571	0
3.82831	0.00179956	6.16541	0.319698	0
3.82819	0.00181943	6.11529	0.314575	0
3.82478	0.00178978	5.5472	0.298863	0
3.82396	0.0017905	5.99833	0.306719	0
3.82261	0.0017707	5.5472	0.293398	0
3.8197	0.00180203	6.29908	0.319698	0
3.81921	0.00183415	5.46366	0.292374	0
3.81994	0.00180431	5.58062	0.299546	0
3.81656	0.00177337	5.69758	0.303645	0
3.81429	0.00180522	5.73099	0.304328	0
3.81415	0.00177128	5.49708	0.295106	0
3.81395	0.00173395	5.78112	0.30262	0
3.81483	0.0017933	5.31328	0.290324	0
3.81518	0.00176659	5.66416	0.302962	0
3.81358	0.00174783	5.11278	0.284176	0
3.81066	0.00169975	4.66165	0.272905	0
3.81242	0.00175382	5.32999	0.289641	0
3.81288	0.00175415	5.69758	0.299205	0
3.80852	0.00173897	5.16291	0.284176	0
3.80604	0.00170711	5.3467	0.293057	0
3.80718	0.00173793	5.43024	0.295448	0
3.80583	0.00174848	5.11278	0.281102	0
3.80374	0.00173252	5.02924	0.283152	0
3.80661	0.00180288	5.64745	0.301937	0
3.80267	0.00174952	4.7619	0.27632	0
3.8006	0.00167662	4.71178	0.280078	0
3.8055	0.00171252	4.82874	0.278711	0
3.80579	0.00168047	5.11278	0.286909	0
3.80363	0.00171643	4.66165	0.27393	0
3.80426	0.00172379	4.5614	0.274613	0
3.80154	0.00173004	4.96241	0.285543	0
3.80021	0.0016892	4.61153	0.272563	0
3.80048	0.00170822	5.17962	0.284518	0
3.79882	0.0016692	5.38012	0.290666	0
3.79784	0.00174835	5.02924	0.287933	0
3.79804	0.00169219	5.27987	0.289641	0
3.79716	0.00172066	5.09607	0.283835	0
3.79362	0.00167252	4.82874	0.277687	0
3.79133	0.00166105	4.67836	0.273246	0
3.79343	0.001649	4.3609	0.265732	0
3.79488	0.00169656	4.5447	0.270172	0
3.79256	0.00165278	4.72849	0.281444	0
3.78951	0.00164099	4.09357	0.255485	0
3.79108	0.00160874	4.5614	0.270514	0
3.79243	0.0016864	4.47786	0.269489	0
3.79206	0.00168112	4.5447	0.272222	0
3.79222	0.00163174	4.86216	0.282468	0
3.78912	0.00167552	4.39432	0.273588	0
3.78703	0.00159239	4.21053	0.266074	0
3.78845	0.00169395	4.44444	0.270856	0
3.78848	0.00170581	4.52799	0.274613	0
3.78706	0.00166249	4.52799	0.270514	0
3.78618	0.00170438	4.5614	0.274613	0
3.78594	0.00165812	4.51128	0.270172	0
3.78534	0.00168392	4.46115	0.279394	0
3.78438	0.00165982	4.66165	0.28281	0
3.78178	0.00157988	3.99332	0.254119	0
3.78172	0.0016718	4.19382	0.258218	0
3.78174	0.00157324	4.22723	0.257876	0
3.77971	0.00155135	4.37761	0.260609	0
3.78021	0.0015819	4.21053	0.260609	0
3.77989	0.00155069	3.94319	0.249337	0
3.78148	0.00160392	4.42774	0.268123	0
3.78177	0.00162802	4.41103	0.262658	0
3.77735	0.00157011	4.22723	0.261292	0
3.77509	0.001532	4.12698	0.254119	0
3.7754	0.0016006	3.84294	0.25651	0
3.77538	0.00160053	4.07686	0.261633	0
3.77515	0.00155291	3.70927	0.24763	0
3.77308	0.00156985	4.02673	0.257193	0
3.77319	0.00157851	3.87636	0.251045	0
3.77421	0.00155369	3.85965	0.256169	0
3.7726	0.00149949	3.52548	0.2367	0
3.77265	0.0015548	4.04344	0.254461	0
3.77362	0.00150626	4.01003	0.254461	0
3.77143	0.00153141	3.52548	0.239091	0
3.76852	0.00146509	3.47536	0.237383	0
3.77063	0.00151415	3.94319	0.251728	0
3.76992	0.0015262	3.85965	0.251728	0
3.7635	0.00147402	3.29156	0.235675	0
3.76269	0.00147252	3.04094	0.21928	0
3.76564	0.00145454	3.42523	0.240798	0
3.76471	0.00149174	3.42523	0.240798	0
3.76352	0.00155278	3.7594	0.246605	0
3.76572	0.00149148	3.67586	0.244214	0
3.76457	0.00144516	3.30827	0.227819	0
3.76249	0.0014733	3.05764	0.218597	0
3.76324	0.00150086	3.3584	0.232943	0
3.76233	0.00146255	3.47536	0.239774	0
3.75922	0.00144757	3.04094	0.230552	0
3.7591	0.00144854	2.85714	0.220988	0
3.75928	0.00142646	3.44194	0.242506	0
3.75861	0.00144164	3.10777	0.224062	0
3.75547	0.00139871	2.85714	0.215865	0
3.75468	0.00141955	2.82373	0.220988	0
3.7528	0.00136183	2.79031	0.21484	0
3.75	0.00132861	2.40602	0.198787	0
3.75048	0.00133193	2.48956	0.203227	0
3.75011	0.00128489	2.20551	0.189565	0
3.75171	0.00134529	2.82373	0.212108	0
3.75151	0.001312	2.42272	0.196396	0
3.7485	0.00134516	2.33918	0.194688	0
3.74951	0.00131428	2.63993	0.211083	0
3.75072	0.00132398	2.60652	0.201861	0
3.74812	0.00131832	2.42272	0.197762	0
3.74709	0.00130066	2.5731	0.201861	0
3.74637	0.00131447	2.08855	0.183417	0
3.74337	0.00125929	2.12197	0.187857	0
3.74086	0.00123187	1.90476	0.18205	0
3.74138	0.0012731	2.07185	0.1841	0
3.74265	0.00125864	2.13868	0.185466	0
3.74284	0.00127786	2.43943	0.197079	0
3.74232	0.00127994	2.08855	0.183417	0
3.74092	0.00123897	2.15539	0.186149	0
3.73964	0.0012361	1.9716	0.181709	0
3.73969	0.00121662	1.9716	0.181709	0
3.74036	0.00120646	1.83793	0.175902	0
3.74017	0.00122333	2.03843	0.182734	0
3.73998	0.00122783	1.75439	0.172487	0
3.73914	0.00121401	2.1721	0.188198	0
3.73659	0.00116639	1.60401	0.16224	0
3.73582	0.00120444	1.9716	0.181709	0
3.73709	0.0011961	2.07185	0.187174	0
3.73765	0.00121897	1.9716	0.180001	0
3.73713	0.00123851	1.82122	0.175219	0
3.7357	0.00122327	2.03843	0.181367	0
3.73474	0.00119343	1.82122	0.172145	0
3.73405	0.00121858	1.82122	0.170437	0
3.73448	0.00122196	1.75439	0.170779	0
3.73603	0.00119362	2.07185	0.1841	0
3.73578	0.00121877	1.9716	0.181709	0
3.73349	0.00120255	1.73768	0.168388	0
3.7322	0.00118574	1.7878	0.172145	0
3.73195	0.00115193	1.5873	0.162923	0
3.7324	0.00120033	2.00501	0.181367	0
3.73353	0.00119284	1.73768	0.170096	0
3.73109	0.00117056	1.90476	0.177269	0
3.72937	0.00114411	1.60401	0.160532	0
3.73066	0.00114932	1.45363	0.154726	0
3.73003	0.00117421	1.88805	0.176585	0
3.7271	0.00111779	1.48705	0.154726	0
3.72826	0.00111499	1.48705	0.154726	0
3.72996	0.00113271	1.60401	0.163948	0
3.72826	0.00109642	1.63743	0.163606	0
3.7288	0.00110704	1.52047	0.159849	0
3.72964	0.00110424	1.40351	0.150286	0
3.72905	0.00107721	1.50376	0.157458	0
3.72849	0.00112235	1.73768	0.170096	0
3.7285	0.00115786	1.65414	0.162923	0
3.7282	0.00115629	1.63743	0.167022	0
3.72661	0.00113291	1.43693	0.152335	0
3.72624	0.00111219	1.3868	0.15131	0
3.72693	0.00114678	1.37009	0.148578	0
3.72535	0.00112105	1.31997	0.147895	0
3.72416	0.00109662	1.47034	0.15575	0
3.72517	0.00109838	1.25313	0.14243	0
3.72434	0.00112633	1.45363	0.154726	0
3.72345	0.0010961	1.35338	0.149602	0
3.72377	0.00112763	1.43693	0.154043	0
3.72391	0.00110652	1.28655	0.151652	0
3.72496	0.00113284	1.43693	0.157458	0
3.7238	0.00108841	1.23642	0.141405	0
3.72175	0.00107323	1.31997	0.147895	0
3.72228	0.00110613	1.21972	0.140722	0
3.72204	0.00106437	1.10276	0.13594	0
3.7221	0.00107414	1.50376	0.155409	0
3.722	0.00104822	1.47034	0.153701	0
3.72073	0.00107662	1.23642	0.145504	0
3.72087	0.00107844	1.3868	0.15336	0
3.72174	0.00109623	1.26984	0.143454	0
3.72131	0.00107082	1.37009	0.152335	0
3.72181	0.00110841	1.35338	0.147895	0
3.72225	0.00111721	1.35338	0.147895	0
3.72232	0.00112509	1.21972	0.14243	0
3.72128	0.00107212	1.3868	0.149602	0
3.72053	0.00108939	1.16959	0.139697	0
3.72144	0.00108157	1.31997	0.146187	0
3.72278	0.00110346	1.52047	0.159849	0
3.72185	0.00109936	1.08605	0.132866	0
3.71939	0.00108437	1.40351	0.150286	0
3.72072	0.00108711	1.55388	0.159849	0
3.71921	0.00107115	1.37009	0.150627	0
3.71774	0.00110672	1.35338	0.147895	0
3.71856	0.00111975	1.40351	0.150286	0
3.71877	0.00114372	1.52047	0.158141	0
3.71674	0.00108405	1.21972	0.140722	0
3.71641	0.00106007	1.16959	0.143796	0
3.71725	0.00107519	1.23642	0.143454	0
3.71755	0.00109212	1.42022	0.155067	0
3.71752	0.00109857	1.1863	0.140722	0
3.71576	0.00106424	1.11947	0.136965	0
3.71553	0.00103655	1.11947	0.134915	0
3.71782	0.00103056	1.30326	0.145162	0
3.71792	0.00106646	1.08605	0.132866	0
3.716	0.00103356	1.28655	0.144137	0
3.71619	0.00106841	1.35338	0.147895	0
3.71689	0.00104932	1.16959	0.143796	0
3.71521	0.00106216	1.30326	0.147212	0
3.71615	0.0011032	1.43693	0.154043	0
3.71591	0.00109134	1.16959	0.141747	0
3.71474	0.00105297	0.969089	0.125693	0
3.71502	0.00104678	1.08605	0.132866	0
3.71575	0.00106379	1.15288	0.138673	0
3.71582	0.00107857	1.35338	0.149602	0
3.71494	0.00102984	1.01921	0.128767	0
3.71569	0.00111623	1.35338	0.151652	0
3.7144	0.00110756	1.28655	0.148236	0
3.71351	0.00102229	1.13617	0.13594	0
3.71394	0.00105636	1.21972	0.146528	0
3.71485	0.00106535	1.42022	0.15131	0
3.71362	0.00108613	1.1863	0.138673	0
3.71279	0.00108528	1.33668	0.148919	0
3.71391	0.00108535	1.37009	0.148578	0
3.71379	0.00108828	1.30326	0.148919	0
3.71254	0.00104554	1.03592	0.129792	0
3.71109	0.00104001	1.16959	0.139697	0
3.71104	0.0010387	1.05263	0.130817	0
3.712	0.00107252	1.23642	0.141405	0
3.71202	0.00105551	1.03592	0.129792	0
3.71165	0.00106274	1.15288	0.140722	0
3.7126	0.00105069	0.868839	0.121595	0
3.71121	0.00100672	0.868839	0.119204	0
3.71114	0.000984046	1.1863	0.138673	0
3.71159	0.00102235	1.05263	0.137306	0
3.71179	0.0010776	0.969089	0.125693	0
3.71174	0.00102809	1.23642	0.143454	0
3.71197	0.00103343	1.11947	0.134915	0
3.71145	0.00104867	1.06934	0.131841	0
3.71079	0.001043	1.26984	0.143454	0
3.71064	0.00103942	1.05263	0.130817	0
3.71028	0.00105949	1.43693	0.154043	0
3.71022	0.00102802	1.16959	0.139697	0
3.71014	0.00104118	1.1863	0.140722	0
3.71001	0.00103642	1.11947	0.136965	0
3.70839	0.00101603	0.935673	0.123644	0
3.70878	0.00101949	0.969089	0.125693	0
3.70863	0.000997401	1.00251	0.127743	0
3.70829	0.00103714	1.03592	0.129792	0
3.70898	0.00102307	1.06934	0.133891	0
3.71031	0.00103232	1.30326	0.148919	0
3.70894	0.00104913	0.802005	0.114763	0
3.70894	0.00103414	1.28655	0.148236	0
3.70777	0.00100815	0.85213	0.118179	0
3.70732	0.00101577	1.08605	0.132866	0
3.70875	0.000999225	1.23642	0.141405	0
3.70827	0.00106196	1.28655	0.148236	0
3.70966	0.00107427	1.1863	0.140722	0
3.71099	0.00103805	1.13617	0.137989	0
3.7085	0.00100659	1.05263	0.130817	0
3.70676	0.0010032	0.802005	0.114763	0
3.70804	0.000975968	0.969089	0.125693	0
3.70883	0.00100385	0.785297	0.113397	0
3.70807	0.000984697	0.952381	0.124669	0
3.70772	0.000970626	0.985798	0.126718	0
3.70797	0.00104613	1.16959	0.141747	0
3.70775	0.00106926	1.11947	0.139014	0
3.70695	0.00101512	0.918964	0.122619	0
3.70657	0.00101265	1.06934	0.133891	0
3.70676	0.00102366	1.06934	0.131841	0
3.70473	0.00101023	0.969089	0.128084	0
3.70506	0.00100652	1.06934	0.133891	0
3.70579	0.000995968	0.969089	0.125693	0
3.70385	0.00103095	1.00251	0.130134	0
3.70332	0.000989127	0.701754	0.107249	0
3.70518	0.000998378	0.818713	0.115788	0
3.70555	0.000997075	1.15288	0.136965	0
3.70519	0.0010275	1.01921	0.131158	0
3.70532	0.00100698	0.85213	0.118179	0
3.70572	0.00104704	1.20301	0.141747	0
3.70631	0.00106548	0.918964	0.122619	0
3.70499	0.00102633	0.735171	0.109982	0
3.70422	0.000966717	0.768588	0.112373	0
3.70488	0.00098359	0.918964	0.122619	0
3.70514	0.00100822	0.868839	0.121595	0
3.70509	0.00100248	0.935673	0.123644	0
3.70504	0.00097043	0.85213	0.12057	0
3.70531	0.00101519	1.15288	0.136965	0
3.70562	0.00102548	1.03592	0.131841	0
3.70541	0.000983655	0.918964	0.122619	0
3.7036	0.000983785	0.902256	0.123644	0
3.70393	0.00100561	0.902256	0.121253	0
3.70607	0.0010017	1.13617	0.13594	0
3.70461	0.00100379	0.85213	0.12057	0
3.70275	0.000990756	0.85213	0.122619	0
3.70387	0.00101779	0.885547	0.120228	0
3.70435	0.00102887	0.935673	0.123644	0
3.70341	0.00102828	1.01921	0.128767	0
3.70128	0.000959616	0.902256	0.121253	0
3.70146	0.000969648	0.818713	0.115788	0
3.70273	0.000986	0.868839	0.121595	0
3.70363	0.00100352	1.01921	0.128767	0
3.70352	0.000994339	0.835422	0.116813	0
3.70401	0.00102652	1.11947	0.139014	0
3.70357	0.00101284	0.985798	0.126718	0
3.70337	0.000988215	0.868839	0.121595	0
3.70464	0.00103382	0.885547	0.120228	0
3.70398	0.000951993	0.718463	0.108615	0
3.70192	0.000973166	0.802005	0.114763	0
3.70245	0.000982417	1.00251	0.127743	0
3.70338	0.000966065	0.718463	0.108615	0
3.70236	0.000980854	0.985798	0.131158	0
3.7016	0.000954925	0.701754	0.107249	0
3.70074	0.000985023	0.802005	0.114763	0
3.70001	0.000957857	0.768588	0.114763	0
3.70101	0.000952189	0.85213	0.118179	0
3.70044	0.00098828	0.835422	0.116813	0
3.70092	0.00096359	0.785297	0.113397	0
3.70214	0.00101362	0.835422	0.116813	0
3.70232	0.00101167	1.11947	0.136965	0
3.70207	0.00100509	0.902256	0.121253	0
3.70219	0.00103323	1.03592	0.129792	0
3.70123	0.00101395	0.75188	0.111006	0
3.69908	0.000942221	0.618212	0.10076	0
3.69983	0.000953883	0.85213	0.12057	0
3.69926	0.000977792	0.75188	0.111006	0
3.69996	0.000980528	0.685046	0.106225	0
3.70066	0.000977401	0.952381	0.124669	0
3.70071	0.000976163	0.935673	0.123644	0
3.70169	0.000991473	0.985798	0.126718	0
3.70132	0.000978704	0.835422	0.119204	0
3.69928	0.000940528	0.501253	0.0908544	0
3.70105	0.000986782	0.969089	0.125693	0
3.70283	0.00104092	0.835422	0.121595	0
3.70249	0.000983525	1.01921	0.128767	0
3.70172	0.000998769	0.918964	0.122619	0
3.69986	0.000955511	0.651629	0.103492	0
3.69934	0.000922547	0.618212	0.10076	0
3.6982	0.000933817	0.584795	0.101101	0
3.69874	0.000998378	0.885547	0.120228	0
3.69953	0.00101896	0.85213	0.118179	0
3.69905	0.000976945	0.668338	0.104858	0
3.69927	0.000966456	0.835422	0.116813	0
3.69907	0.000989974	0.969089	0.130134	0
3.6995	0.000985153	0.735171	0.112373	0
3.69922	0.000977792	0.835422	0.119204	0
3.69839	0.000928866	0.718463	0.108615	0
3.69805	0.000928215	0.651629	0.103492	0
3.69898	0.000980007	0.835422	0.119204	0
3.69976	0.000977792	0.75188	0.113397	0
3.69909	0.000965088	0.785297	0.113397	0
3.69876	0.000946586	0.601504	0.0993934	0
3.69849	0.000951407	0.768588	0.112373	0
3.69969	0.000946521	0.952381	0.129109	0
3.69931	0.000957401	0.735171	0.109982	0
3.6996	0.000975837	0.868839	0.119204	0
3.69899	0.000966391	0.885547	0.122619	0
3.69816	0.000955381	0.75188	0.111006	0
3.69794	0.000943589	0.668338	0.104858	0
3.69866	0.000932514	0.785297	0.113397	0
3.69775	0.000943329	0.735171	0.109982	0
3.69863	0.000971863	0.735171	0.109982	0
3.69962	0.000983329	0.785297	0.113397	0
3.69961	0.000928997	0.601504	0.102126	0
3.70019	0.000974013	0.885547	0.120228	0
3.70019	0.00098802	0.902256	0.123644	0
3.69989	0.00101102	0.952381	0.126718	0
3.69789	0.00097688	0.75188	0.111006	0
3.69824	0.000976814	0.918964	0.124669	0
3.69826	0.000963068	0.785297	0.113397	0
3.69761	0.000984437	0.85213	0.12057	0
3.6972	0.00095916	0.601504	0.0993934	0
3.69781	0.00092144	0.885547	0.120228	0
3.69785	0.000937791	0.735171	0.109982	0
3.69661	0.000930886	0.75188	0.111006	0
3.69809	0.000922417	0.735171	0.109982	0
3.69894	0.000961505	0.701754	0.107249	0
3.69879	0.000955511	0.75188	0.113397	0
3.69784	0.00094828	0.768588	0.112373	0
3.69645	0.000921961	0.584795	0.101101	0
3.69641	0.000936163	0.735171	0.109982	0
3.69753	0.00095043	0.718463	0.111006	0
3.6976	0.000924306	0.618212	0.10076	0
3.69888	0.000952124	0.75188	0.113397	0
3.698	0.000967954	0.701754	0.107249	0
3.69613	0.000966521	0.685046	0.108615	0
3.69633	0.000935576	0.634921	0.102126	0
3.6977	0.000925348	0.501253	0.0908544	0
3.6974	0.000932254	0.668338	0.104858	0
3.69776	0.000936944	0.601504	0.0993934	0
3.69845	0.000954078	0.718463	0.108615	0
3.6992	0.000971733	0.835422	0.116813	0
3.69858	0.000950821	0.685046	0.106225	0
3.69616	0.00093056	0.618212	0.10076	0
3.69587	0.000938247	0.701754	0.107249	0
3.69759	0.000963329	0.718463	0.111006	0
3.69477	0.000897791	0.384294	0.0799246	0
3.69495	0.000894338	0.568087	0.0966609	0
3.69667	0.000914404	0.584795	0.0980272	0
3.69684	0.000908475	0.75188	0.113397	0
3.69794	0.000941244	0.718463	0.108615	0
3.69814	0.000949322	0.768588	0.114763	0
3.69732	0.000931928	0.551378	0.0952947	0
3.69606	0.000931733	0.568087	0.0966609	0
3.69823	0.000929062	0.701754	0.107249	0
3.69653	0.000919615	0.501253	0.0908544	0
3.6958	0.000947563	0.618212	0.10076	0
3.69749	0.000946261	0.802005	0.114763	0
3.69651	0.000934339	0.651629	0.103492	0
3.69607	0.000934339	0.802005	0.114763	0
3.69751	0.000964502	0.601504	0.0993934	0
3.69693	0.000949909	0.568087	0.0997349	0
3.69642	0.000943003	0.785297	0.113397	0
3.69639	0.000922873	0.601504	0.0993934	0
3.69715	0.000944762	0.85213	0.118179	0
3.6969	0.000944567	0.802005	0.114763	0
3.69641	0.000935576	0.601504	0.0993934	0
3.69522	0.000906195	0.634921	0.102126	0
3.69727	0.000957661	0.618212	0.10076	0
3.697	0.000918834	0.434419	0.0847064	0
3.69543	0.000925739	0.601504	0.0993934	0
3.6962	0.000923654	0.601504	0.0993934	0
3.69515	0.000924045	0.685046	0.106225	0
3.69472	0.000895511	0.718463	0.108615	0
3.69556	0.000926651	0.551378	0.0952947	0
3.69499	0.000915641	0.618212	0.10076	0
3.69576	0.000955837	0.802005	0.114763	0
3.69734	0.000930365	0.568087	0.0966609	0
3.69604	0.000950234	0.768588	0.112373	0
3.69644	0.000939876	0.668338	0.104858	0
3.69724	0.000944371	0.668338	0.107591	0
3.69637	0.000932971	0.85213	0.118179	0
3.69745	0.000945544	0.668338	0.107591	0
3.69678	0.000932971	0.53467	0.0939285	0
3.69539	0.000919876	0.634921	0.102126	0
3.6966	0.000935186	0.651629	0.103492	0
3.69613	0.000926065	0.484545	0.0894882	0
3.6957	0.000939811	0.785297	0.115788	0
3.69692	0.000954339	0.885547	0.122619	0
3.69583	0.000933101	0.517962	0.0925622	0
3.69506	0.000921635	0.618212	0.10076	0
3.6961	0.000974143	0.802005	0.114763	0
3.69656	0.000960267	0.701754	0.107249	0
3.69507	0.000920723	0.568087	0.0966609	0
3.69629	0.000928801	0.701754	0.107249	0
3.69716	0.000939094	0.701754	0.107249	0
3.69564	0.000924241	0.668338	0.107591	0
3.69421	0.000910625	0.53467	0.0939285	0
3.69466	0.000877791	0.53467	0.0939285	0
3.69533	0.000907237	0.417711	0.0829986	0
3.6949	0.000949322	0.685046	0.111348	0
3.69707	0.000946912	0.668338	0.104858	0
3.69647	0.000941114	0.568087	0.0966609	0
3.69566	0.000921505	0.718463	0.108615	0
3.69618	0.000918703	0.517962	0.0925622	0
3.69449	0.000917205	0.75188	0.113397	0
3.69405	0.000906912	0.484545	0.0894882	0
3.69523	0.000892254	0.484545	0.0894882	0
3.69531	0.000936814	0.484545	0.0925622	0
3.69548	0.000918117	0.618212	0.10076	0
3.69655	0.00092815	0.618212	0.10076	0
3.69622	0.000926326	0.467836	0.091196	0
3.69672	0.000928997	0.735171	0.109982	0
3.69625	0.000921765	0.601504	0.0993934	0
3.6961	0.000936944	0.568087	0.0966609	0
3.69566	0.000915511	0.517962	0.0925622	0
3.69586	0.000934013	0.685046	0.106225	0
3.69577	0.000906325	0.551378	0.0952947	0
3.69451	0.00090411	0.668338	0.104858	0
3.69555	0.000931668	0.517962	0.0925622	0
3.69402	0.000874143	0.467836	0.0877804	0
3.69482	0.000916684	0.651629	0.106225	0
3.69629	0.000908345	0.53467	0.0939285	0
3.69527	0.000891407	0.634921	0.102126	0
3.69513	0.000922352	0.651629	0.103492	0
3.6957	0.000971798	0.584795	0.0980272	0
3.69583	0.000918768	0.451128	0.0864142	0
3.69646	0.000924371	0.601504	0.0993934	0
3.69759	0.000936749	0.601504	0.0993934	0
3.69585	0.000924176	0.735171	0.109982	0
3.69488	0.000917075	0.651629	0.103492	0
3.69645	0.000935837	0.634921	0.102126	0
3.69568	0.000891081	0.718463	0.108615	0
3.69649	0.00090828	0.53467	0.0939285	0
3.69634	0.000887758	0.634921	0.102126	0
3.69618	0.000898573	0.651629	0.106225	0
3.69562	0.0009017	0.618212	0.10076	0
3.69501	0.000891407	0.551378	0.0952947	0
3.69536	0.000892775	0.53467	0.0939285	0
3.69596	0.00090828	0.634921	0.102126	0
3.6958	0.000926716	0.768588	0.112373	0
3.69438	0.000901895	0.350877	0.0761674	0
3.69487	0.00089714	0.484545	0.0894882	0
3.69489	0.000903654	0.551378	0.0952947	0
3.69405	0.000889713	0.484545	0.0894882	0
3.69517	0.000909778	0.484545	0.0894882	0
3.69559	0.000891342	0.568087	0.0997349	0
3.69657	0.000958899	0.75188	0.113397	0
3.69629	0.000944436	0.802005	0.114763	0
3.69521	0.00090183	0.467836	0.0877804	0
3.69553	0.000887368	0.568087	0.0966609	0
3.69592	0.000871797	0.367586	0.0778752	0
3.69584	0.000938703	0.668338	0.107591	0
3.69642	0.000899094	0.551378	0.0952947	0
3.69553	0.000862742	0.384294	0.0799246	0
3.6947	0.000860332	0.367586	0.0778752	0
3.69649	0.000903068	0.53467	0.0939285	0
3.69643	0.000904697	0.451128	0.0864142	0
3.69724	0.000919876	0.75188	0.111006	0
3.69617	0.00090828	0.501253	0.0908544	0
3.69591	0.000907889	0.685046	0.106225	0
3.69679	0.000926391	0.551378	0.0952947	0
3.6967	0.000886	0.417711	0.0829986	0
3.69564	0.000916358	0.668338	0.104858	0
3.69604	0.000891863	0.451128	0.0864142	0
3.69709	0.00089968	0.618212	0.10076	0
3.69783	0.000917856	0.501253	0.0908544	0
3.69545	0.000933361	0.517962	0.0983687	0
3.69511	0.000902417	0.484545	0.0894882	0
3.69491	0.000908084	0.651629	0.103492	0
3.69646	0.00089284	0.434419	0.0847064	0
3.69592	0.000900202	0.601504	0.0993934	0
3.69524	0.000896162	0.568087	0.0997349	0
3.69497	0.000875967	0.53467	0.0939285	0
3.69617	0.000887107	0.568087	0.0966609	0
3.69711	0.000902482	0.53467	0.0939285	0
3.69702	0.000901439	0.551378	0.0952947	0
3.69606	0.000883654	0.467836	0.0877804	0
3.69667	0.000920137	0.568087	0.0966609	0
3.69752	0.00092157	0.701754	0.107249	0
3.69637	0.000946977	0.634921	0.102126	0
3.6969	0.000933361	0.501253	0.0908544	0
3.69716	0.000919159	0.551378	0.0952947	0
3.69707	0.000895381	0.434419	0.0847064	0
3.69699	0.000920462	0.651629	0.103492	0
3.69698	0.000918443	0.568087	0.0997349	0
3.69642	0.000920137	0.417711	0.0829986	0
3.69604	0.00089512	0.568087	0.0966609	0
3.69512	0.000891602	0.568087	0.0966609	0
3.695	0.000906065	0.551378	0.0952947	0
3.69657	0.0008774	0.401003	0.0812908	0
3.69801	0.00091955	0.651629	0.103492	0
3.69812	0.000941244	0.668338	0.104858	0
3.69613	0.000875315	0.551378	0.0952947	0
3.69467	0.000880332	0.484545	0.0894882	0
3.69555	0.000900202	0.53467	0.0939285	0
3.69673	0.000937205	0.685046	0.106225	0
3.69686	0.000932905	0.53467	0.0939285	0
3.69512	0.00088854	0.417711	0.0864142	0
3.69557	0.000867954	0.618212	0.10076	0
3.69647	0.000892905	0.451128	0.0864142	0
3.696	0.000903329	0.451128	0.0864142	0
3.69618	0.000908345	0.568087	0.0966609	0
3.69681	0.000900658	0.601504	0.102126	0
3.69643	0.000887172	0.367586	0.0778752	0
3.6967	0.000879811	0.668338	0.104858	0
3.69748	0.000904697	0.53467	0.0939285	0
3.69745	0.00091714	0.484545	0.0894882	0
3.69774	0.000876358	0.517962	0.0925622	0
3.6976	0.000871146	0.517962	0.0925622	0
3.69673	0.000907628	0.53467	0.0966609	0
3.69601	0.000924371	0.584795	0.0980272	0
3.69594	0.000867824	0.434419	0.0847064	0
3.69565	0.000871341	0.367586	0.0778752	0
3.69547	0.00087727	0.334169	0.0744596	0
3.6961	0.000888736	0.501253	0.0908544	0
3.69712	0.000895576	0.484545	0.0894882	0
3.69595	0.000904241	0.618212	0.10076	0
3.69656	0.000879289	0.401003	0.0812908	0
3.69681	0.000893817	0.568087	0.0966609	0
3.69681	0.00089486	0.551378	0.0952947	0
3.69678	0.000887107	0.417711	0.0829986	0
3.69676	0.000878833	0.434419	0.0847064	0
3.69646	0.00088854	0.367586	0.0778752	0
3.69642	0.000866325	0.53467	0.0939285	0
3.69674	0.000888866	0.451128	0.0894882	0
3.69722	0.000877661	0.568087	0.0966609	0
3.69784	0.000894729	0.401003	0.0812908	0
3.69594	0.000886456	0.501253	0.0939285	0
3.69746	0.000894794	0.451128	0.0864142	0
3.69798	0.000878442	0.451128	0.0864142	0
3.69714	0.000869843	0.551378	0.0952947	0
3.6977	0.000864631	0.31746	0.0724103	0
3.69756	0.000883719	0.384294	0.0833402	0
3.69807	0.000898508	0.584795	0.0980272	0
3.69778	0.00088385	0.434419	0.0847064	0
3.69663	0.000870951	0.31746	0.0724103	0
3.69686	0.000914078	0.551378	0.0952947	0
3.69734	0.000894273	0.451128	0.0864142	0
3.69643	0.000868345	0.284043	0.0686532	0
3.69728	0.000886195	0.517962	0.0925622	0
3.69585	0.000847498	0.434419	0.0847064	0
3.69559	0.000874859	0.367586	0.0778752	0
3.69726	0.000866195	0.401003	0.0812908	0
3.69657	0.000862742	0.401003	0.0812908	0
3.69628	0.000856097	0.300752	0.0707025	0
3.69742	0.000872449	0.517962	0.0925622	0
3.69721	0.000863589	0.384294	0.0799246	0
3.69781	0.000870429	0.584795	0.0980272	0
3.69843	0.000908996	0.551378	0.0952947	0
3.69798	0.000902677	0.568087	0.0966609	0
3.69593	0.000903329	0.334169	0.0744596	0
3.69698	0.000883328	0.451128	0.0864142	0
3.69759	0.000889127	0.451128	0.0864142	0
3.6976	0.000884501	0.467836	0.0877804	0
3.69844	0.000906651	0.568087	0.0966609	0
3.69891	0.000879289	0.451128	0.0864142	0
3.69814	0.000854794	0.434419	0.0847064	0
3.69841	0.000858768	0.501253	0.0908544	0
3.69781	0.000856879	0.300752	0.0707025	0
3.69763	0.00086385	0.401003	0.0812908	0
3.69959	0.000890234	0.401003	0.0812908	0
3.69844	0.000918573	0.651629	0.103492	0
3.69832	0.000897987	0.417711	0.0829986	0
3.69816	0.000897661	0.551378	0.0952947	0
3.69705	0.000877661	0.350877	0.0761674	0
3.6981	0.00086385	0.367586	0.0778752	0
3.69761	0.000860788	0.551378	0.0983687	0
3.69728	0.000874729	0.434419	0.0847064	0
3.6974	0.000869387	0.484545	0.0894882	0
3.69781	0.000888736	0.384294	0.0799246	0
3.69674	0.000864762	0.434419	0.0847064	0
3.69751	0.000868019	0.451128	0.0864142	0
3.69829	0.000908736	0.451128	0.0864142	0
3.69819	0.000888605	0.467836	0.091196	0
3.69911	0.000905935	0.568087	0.0966609	0
3.6983	0.000865283	0.501253	0.0908544	0
3.69871	0.000866195	0.467836	0.0877804	0
3.69814	0.000868475	0.350877	0.0761674	0
3.69783	0.000883198	0.367586	0.0778752	0
3.69905	0.000887433	0.350877	0.0761674	0
3.69984	0.000878117	0.451128	0.0864142	0
3.69835	0.000868996	0.434419	0.088122	0
3.69922	0.000895185	0.584795	0.0980272	0
3.69835	0.000885283	0.434419	0.0847064	0
3.69746	0.000880267	0.334169	0.0744596	0
3.69956	0.000850234	0.401003	0.0812908	0
3.69863	0.000860136	0.334169	0.0744596	0
3.69916	0.000867367	0.384294	0.0799246	0
3.69949	0.000870234	0.417711	0.0829986	0
3.70031	0.000889257	0.501253	0.0908544	0
3.69978	0.000883198	0.417711	0.0829986	0
3.69882	0.000880853	0.334169	0.0744596	0
3.69884	0.000888475	0.401003	0.0812908	0
3.69914	0.000873231	0.517962	0.0925622	0
3.69871	0.000874012	0.350877	0.0761674	0
3.69809	0.000868931	0.417711	0.0829986	0
3.69917	0.000871602	0.334169	0.0744596	0
3.69848	0.000835836	0.300752	0.0744596	0
3.69821	0.000873556	0.467836	0.091196	0
3.69915	0.000870755	0.384294	0.0799246	0
3.70023	0.000863328	0.434419	0.0847064	0
3.69962	0.000845608	0.334169	0.0744596	0
3.69936	0.000880462	0.484545	0.0894882	0
3.70006	0.000882677	0.367586	0.0778752	0
3.70043	0.000923915	0.718463	0.108615	0
3.69986	0.000870625	0.401003	0.0812908	0
3.69929	0.000839224	0.300752	0.0707025	0
3.70063	0.000880136	0.467836	0.0877804	0
3.70074	0.000866977	0.484545	0.0894882	0
3.69887	0.000875446	0.384294	0.0799246	0
3.6999	0.000863003	0.401003	0.0812908	0
3.69978	0.000851537	0.300752	0.0707025	0
3.69922	0.000860397	0.334169	0.0744596	0
3.70091	0.000888736	0.417711	0.0864142	0
3.70011	0.00089271	0.434419	0.0847064	0
3.69935	0.000866325	0.417711	0.0829986	0
3.69962	0.000871993	0.384294	0.0799246	0
3.70046	0.000882026	0.618212	0.10076	0
3.70036	0.000873035	0.367586	0.0778752	0
3.69996	0.000867498	0.53467	0.0939285	0
3.70001	0.000885153	0.334169	0.0744596	0
3.69948	0.000860853	0.53467	0.0939285	0
3.69953	0.00085981	0.300752	0.0707025	0
3.69932	0.000867563	0.568087	0.0966609	0
3.70001	0.000873166	0.384294	0.0799246	0
3.70082	0.000872514	0.417711	0.0829986	0
3.70115	0.000865022	0.484545	0.0894882	0
3.7007	0.000897531	0.467836	0.0877804	0
3.70065	0.000866846	0.367586	0.0778752	0
3.70095	0.000852449	0.451128	0.0864142	0
3.70135	0.000877856	0.384294	0.0799246	0
3.69947	0.000847758	0.21721	0.0601142	0
3.7005	0.000839224	0.434419	0.0847064	0
3.70043	0.00089271	0.434419	0.0847064	0
3.70037	0.000877205	0.350877	0.0761674	0
3.70273	0.000884697	0.401003	0.0812908	0
3.70117	0.00089499	0.367586	0.0778752	0
3.69939	0.000871537	0.551378	0.0952947	0
3.701	0.000859224	0.367586	0.0778752	0
3.70156	0.00085056	0.517962	0.0925622	0
3.70132	0.00085955	0.300752	0.0707025	0
3.70086	0.000842937	0.467836	0.0877804	0
3.70082	0.000883263	0.334169	0.0782168	0
3.70131	0.000869908	0.384294	0.0799246	0
3.70028	0.000863589	0.250627	0.0645545	0
3.70111	0.000887954	0.417711	0.0829986	0
3.70224	0.000910495	0.467836	0.091196	0
3.70104	0.000876227	0.350877	0.0761674	0
3.70073	0.000868149	0.434419	0.0847064	0
3.70137	0.000852253	0.350877	0.0799246	0
3.70012	0.000858051	0.300752	0.0707025	0
3.70152	0.000865283	0.250627	0.0645545	0
3.70317	0.000849582	0.417711	0.0829986	0
3.70331	0.000871081	0.584795	0.0980272	0
3.70358	0.000889387	0.551378	0.0952947	0
3.70292	0.000887498	0.618212	0.10076	0
3.7025	0.000902482	0.451128	0.0864142	0
3.70175	0.000861569	0.300752	0.0707025	0
3.70172	0.00085525	0.434419	0.0847064	0
3.70266	0.000862416	0.451128	0.0864142	0
3.70361	0.00087942	0.501253	0.0908544	0
3.70264	0.000893426	0.434419	0.0847064	0
3.70178	0.00087727	0.334169	0.0744596	0
3.70106	0.000849973	0.31746	0.0724103	0
3.70115	0.000835641	0.434419	0.0847064	0
3.70184	0.000838116	0.250627	0.0645545	0
3.7019	0.000869452	0.300752	0.0707025	0
3.70234	0.000875967	0.367586	0.0778752	0
3.7023	0.000866455	0.467836	0.0877804	0
3.70215	0.000851211	0.417711	0.0829986	0
3.70339	0.000852058	0.434419	0.0847064	0
3.70336	0.000885087	0.484545	0.0894882	0
3.70175	0.000841569	0.300752	0.0707025	0
3.70215	0.000834077	0.334169	0.0744596	0
3.70325	0.000856618	0.384294	0.0799246	0
3.70411	0.000884762	0.501253	0.0908544	0
3.70363	0.000906456	0.467836	0.0877804	0
3.70365	0.000879485	0.334169	0.0744596	0
3.70396	0.000877791	0.434419	0.0847064	0
3.70269	0.000856944	0.183793	0.0553324	0
3.70301	0.000831471	0.467836	0.0877804	0
3.70405	0.000858833	0.401003	0.0812908	0
3.70334	0.000836423	0.284043	0.0686532	0
3.70388	0.000848279	0.367586	0.0778752	0
3.70453	0.00085968	0.401003	0.0847064	0
3.70451	0.000856032	0.384294	0.0833402	0
3.70384	0.000839419	0.284043	0.0686532	0
3.70281	0.000840983	0.31746	0.0724103	0
3.70366	0.000854534	0.350877	0.0761674	0
3.7042	0.000871081	0.350877	0.0761674	0
3.70347	0.000865152	0.367586	0.0778752	0
3.70359	0.000826455	0.401003	0.0812908	0
3.70329	0.000838247	0.367586	0.0778752	0
3.70346	0.00086854	0.401003	0.0812908	0
3.70337	0.000852188	0.417711	0.0829986	0
3.70284	0.000835511	0.284043	0.0686532	0
3.70343	0.000831146	0.367586	0.0778752	0
3.7044	0.000847823	0.300752	0.0707025	0
3.70484	0.000855446	0.401003	0.0812908	0
3.70432	0.0008417	0.451128	0.0864142	0
3.70469	0.000847432	0.267335	0.0666038	0
3.70407	0.000853231	0.31746	0.0724103	0
3.70506	0.000874925	0.417711	0.0829986	0
3.7042	0.000864892	0.284043	0.0686532	0
3.70477	0.000862742	0.501253	0.0908544	0
3.70469	0.000842937	0.367586	0.0778752	0
3.7046	0.000840071	0.367586	0.0778752	0
3.70462	0.000840722	0.284043	0.0686532	0
3.70423	0.000816488	0.300752	0.0707025	0
3.70403	0.000829061	0.21721	0.0601142	0
3.70426	0.000840397	0.434419	0.0847064	0
3.70476	0.00086196	0.284043	0.0686532	0
3.70534	0.000854468	0.250627	0.0645545	0
3.70506	0.0008288	0.284043	0.0686532	0
3.70596	0.000850104	0.350877	0.0761674	0
3.70366	0.000816618	0.267335	0.0666038	0
3.70428	0.000836553	0.334169	0.0744596	0
3.70509	0.000838442	0.250627	0.0645545	0
3.70429	0.000848279	0.31746	0.0724103	0
3.70488	0.000862156	0.300752	0.0707025	0
3.70632	0.000842742	0.334169	0.0744596	0
3.70723	0.000859615	0.484545	0.0894882	0
3.7065	0.000893361	0.53467	0.0939285	0
3.70688	0.000869061	0.334169	0.0744596	0
3.70571	0.000884306	0.517962	0.0925622	0
3.70552	0.000856292	0.250627	0.0645545	0
3.70578	0.000855055	0.417711	0.0864142	0
3.70643	0.00085095	0.284043	0.0727519	0
3.70624	0.000831797	0.300752	0.0707025	0
3.70613	0.000841309	0.367586	0.0778752	0
3.70595	0.000841309	0.284043	0.0686532	0
3.70699	0.0008288	0.367586	0.0778752	0
3.70751	0.000874338	0.484545	0.0894882	0
3.70651	0.000863003	0.350877	0.0761674	0
3.70625	0.000862481	0.384294	0.0799246	0
3.70621	0.000857856	0.350877	0.0761674	0
3.7073	0.00088411	0.501253	0.0908544	0
3.70723	0.000864045	0.300752	0.0707025	0
3.70574	0.0008617	0.384294	0.0799246	0
3.70573	0.000836227	0.417711	0.0829986	0
3.70703	0.000854012	0.467836	0.0877804	0
3.70645	0.000851537	0.350877	0.0761674	0
3.70548	0.000834794	0.31746	0.0724103	0
3.70629	0.000836357	0.284043	0.0686532	0
3.70569	0.000848866	0.334169	0.0782168	0
3.70639	0.00085056	0.334169	0.0744596	0
3.70762	0.000834533	0.31746	0.0724103	0
3.70728	0.000860657	0.367586	0.0778752	0
3.70634	0.000838442	0.200501	0.0577233	0
3.70698	0.00083082	0.267335	0.0666038	0
3.70789	0.000857074	0.417711	0.0829986	0
3.70716	0.000855576	0.250627	0.0645545	0
3.70796	0.000838507	0.300752	0.0707025	0
3.70668	0.000831797	0.200501	0.0577233	0
3.70663	0.000824566	0.250627	0.0645545	0
3.70842	0.00086626	0.417711	0.0829986	0
3.70761	0.000852123	0.21721	0.0645545	0
3.70725	0.000837139	0.417711	0.0829986	0
3.70816	0.000850429	0.401003	0.0812908	0
3.70845	0.0008574	0.401003	0.0812908	0
3.70833	0.000841895	0.467836	0.0877804	0
3.70856	0.000869192	0.417711	0.0829986	0
3.70867	0.000851081	0.150376	0.050209	0
3.7069	0.000828735	0.300752	0.0707025	0
3.70743	0.000849778	0.350877	0.0799246	0
3.70792	0.000823849	0.300752	0.0707025	0
3.70644	0.000828149	0.300752	0.0707025	0
3.70753	0.000850755	0.350877	0.0761674	0
3.70888	0.000849452	0.467836	0.0877804	0
3.70791	0.000861048	0.284043	0.0686532	0
3.70916	0.000870495	0.384294	0.0799246	0
3.70894	0.000869648	0.451128	0.0864142	0
3.70788	0.000849908	0.334169	0.0744596	0
3.70836	0.000865739	0.417711	0.0829986	0
3.70949	0.00086398	0.350877	0.0761674	0
3.70944	0.000861895	0.467836	0.0877804	0
3.70948	0.00087069	0.31746	0.0724103	0
3.7101	0.000847823	0.300752	0.0707025	0
3.71005	0.000858377	0.517962	0.0925622	0
3.71067	0.000841374	0.350877	0.0761674	0
3.71047	0.000837204	0.334169	0.0744596	0
3.70894	0.000848019	0.233918	0.0625051	0
3.70954	0.000849517	0.334169	0.0782168	0
3.70947	0.000817725	0.21721	0.0601142	0
3.70874	0.000824436	0.233918	0.0625051	0
3.70879	0.000869778	0.350877	0.0761674	0
3.70893	0.000860266	0.517962	0.0952947	0
3.70941	0.00084398	0.284043	0.0686532	0
3.71011	0.000861309	0.350877	0.0761674	0
3.70963	0.000862807	0.367586	0.0778752	0
3.70977	0.000866195	0.467836	0.0877804	0
3.71034	0.000851211	0.300752	0.0707025	0
3.71025	0.000853296	0.350877	0.0761674	0
3.71034	0.000831146	0.334169	0.0744596	0
3.71032	0.000834729	0.334169	0.0744596	0
3.71066	0.000866325	0.334169	0.0744596	0
3.71128	0.000878377	0.384294	0.0799246	0
3.7105	0.000853817	0.367586	0.0778752	0
3.70966	0.000861895	0.284043	0.0686532	0
3.71115	0.000885869	0.53467	0.0966609	0
3.71178	0.000851276	0.367586	0.0778752	0
3.7099	0.000849126	0.284043	0.0686532	0
3.71049	0.000822742	0.233918	0.0625051	0
3.71122	0.00081955	0.183793	0.0553324	0
3.71141	0.000809843	0.284043	0.0686532	0
3.71129	0.000833426	0.250627	0.0645545	0
3.71245	0.000832709	0.250627	0.0645545	0
3.71093	0.000848605	0.350877	0.0761674	0
3.71105	0.000838442	0.334169	0.0744596	0
3.71144	0.000828084	0.233918	0.0625051	0
3.71175	0.000847367	0.417711	0.0829986	0
3.71154	0.000831667	0.300752	0.0707025	0
3.71093	0.000835055	0.150376	0.050209	0
3.71129	0.000818963	0.233918	0.0625051	0
3.71238	0.000823719	0.300752	0.0707025	0
3.71149	0.000840266	0.384294	0.0799246	0
3.71138	0.000841048	0.284043	0.0686532	0
3.71178	0.000866065	0.367586	0.0778752	0
3.71187	0.000854859	0.367586	0.0778752	0
3.71114	0.000878638	0.517962	0.0925622	0
3.71209	0.000858182	0.284043	0.0686532	0
3.71226	0.000832905	0.300752	0.0707025	0
3.71153	0.000831211	0.31746	0.0724103	0
3.71346	0.000856749	0.434419	0.0847064	0
3.71458	0.000842872	0.334169	0.0744596	0
3.71199	0.000849322	0.250627	0.0645545	0
3.71195	0.000854273	0.284043	0.0686532	0
3.71397	0.000847432	0.417711	0.0829986	0
3.71335	0.000840201	0.284043	0.0686532	0
3.71295	0.000847954	0.401003	0.0812908	0
3.7136	0.000862091	0.451128	0.0864142	0
3.713	0.000860722	0.367586	0.0778752	0
3.71235	0.000807888	0.233918	0.0625051	0
3.71372	0.000833947	0.384294	0.0799246	0
3.71346	0.000867237	0.284043	0.0686532	0
3.71282	0.00085095	0.300752	0.0707025	0
3.71259	0.000844761	0.401003	0.0812908	0
3.7141	0.000852319	0.233918	0.0625051	0
3.71391	0.000845934	0.200501	0.0577233	0
3.71196	0.00081069	0.300752	0.0707025	0
3.7121	0.000797204	0.233918	0.0625051	0
3.71404	0.000832318	0.284043	0.0686532	0
3.7136	0.000829973	0.417711	0.0829986	0
3.71291	0.00083297	0.334169	0.0744596	0
3.71447	0.000844045	0.384294	0.0799246	0
3.71339	0.000833882	0.367586	0.0816324	0
3.71284	0.000836879	0.31746	0.0724103	0
3.71465	0.000830494	0.31746	0.0761674	0
3.71452	0.000869843	0.401003	0.0812908	0
3.71449	0.0008617	0.250627	0.0645545	0
3.71468	0.000835055	0.384294	0.0799246	0
3.71496	0.000834142	0.284043	0.0686532	0
3.71331	0.000840853	0.31746	0.0724103	0
3.71372	0.000837074	0.267335	0.0666038	0
3.71475	0.000840527	0.300752	0.0744596	0
3.71518	0.000861309	0.267335	0.0666038	0
3.71586	0.000872644	0.434419	0.0847064	0
3.71518	0.000836748	0.334169	0.0744596	0
3.71544	0.000857661	0.417711	0.0829986	0
3.71619	0.000858442	0.517962	0.0925622	0
3.7147	0.000863198	0.384294	0.0833402	0
3.71385	0.000865804	0.300752	0.0707025	0
3.71426	0.000848735	0.250627	0.0645545	0
3.71497	0.000827367	0.250627	0.0645545	0
3.71476	0.00083538	0.300752	0.0707025	0
3.71356	0.000797139	0.21721	0.0601142	0
3.71471	0.000838377	0.451128	0.0894882	0
3.7155	0.00082437	0.233918	0.0625051	0
3.71483	0.000837204	0.384294	0.0799246	0
3.71521	0.00083323	0.233918	0.0625051	0
3.71512	0.000805217	0.133668	0.047135	0
3.71594	0.000828279	0.350877	0.0761674	0
3.71607	0.000824826	0.300752	0.0707025	0
3.71656	0.000826064	0.267335	0.0666038	0
3.71672	0.000810364	0.300752	0.0707025	0
3.71778	0.000848801	0.401003	0.0812908	0
3.719	0.000871863	0.467836	0.091196	0
3.7185	0.000885934	0.350877	0.0761674	0
3.71676	0.000833752	0.233918	0.0625051	0
3.71666	0.000836944	0.300752	0.0707025	0
3.71724	0.000825543	0.267335	0.0666038	0
3.7174	0.000863068	0.367586	0.0778752	0
3.71726	0.000872644	0.350877	0.0761674	0
3.71682	0.000851016	0.300752	0.0707025	0
3.71587	0.000823524	0.233918	0.0625051	0
3.71678	0.000834664	0.284043	0.0686532	0
3.71764	0.000855902	0.31746	0.0724103	0
3.71742	0.000814664	0.133668	0.047135	0
3.71654	0.000847693	0.31746	0.0724103	0
3.71551	0.000828344	0.250627	0.0645545	0
3.71719	0.000795119	0.250627	0.0645545	0
3.71729	0.000833361	0.501253	0.0908544	0
3.71693	0.000832514	0.200501	0.0577233	0
3.71636	0.0008174	0.183793	0.0553324	0
3.7158	0.000824696	0.250627	0.0645545	0
3.7179	0.000843198	0.267335	0.0666038	0
3.71813	0.000834859	0.300752	0.0707025	0
3.71653	0.000804175	0.183793	0.0553324	0
3.7167	0.000804566	0.284043	0.0686532	0
3.71811	0.000803328	0.267335	0.0666038	0
3.71961	0.000869582	0.417711	0.0829986	0
3.71848	0.000874403	0.350877	0.0761674	0
3.71738	0.000829647	0.183793	0.0553324	0
3.71766	0.000824436	0.267335	0.0666038	0
3.719	0.000836748	0.350877	0.0761674	0
3.71919	0.00084183	0.233918	0.0625051	0
3.719	0.000852188	0.384294	0.0833402	0
3.71925	0.000882938	0.31746	0.0724103	0
3.7183	0.000844957	0.250627	0.0645545	0
3.71852	0.000850494	0.233918	0.0625051	0
3.7192	0.000853165	0.233918	0.0625051	0
3.71929	0.000846195	0.401003	0.0812908	0
3.71875	0.000850885	0.284043	0.0686532	0
3.71938	0.000822155	0.350877	0.0761674	0
3.71833	0.0008331	0.200501	0.0577233	0
3.71866	0.000809778	0.250627	0.0645545	0
3.71916	0.000829647	0.350877	0.0761674	0
3.71942	0.000844761	0.31746	0.0761674	0
3.71956	0.000842416	0.21721	0.0601142	0
3.71945	0.000837335	0.467836	0.0877804	0
3.7194	0.000859224	0.267335	0.0666038	0
3.71873	0.000807172	0.284043	0.0686532	0
3.71879	0.000827888	0.31746	0.0724103	0
3.71892	0.000825804	0.183793	0.0553324	0
3.7199	0.000840918	0.300752	0.0707025	0
3.72071	0.000854794	0.267335	0.0666038	0
3.72116	0.000838247	0.31746	0.0724103	0
3.72033	0.000832123	0.300752	0.0707025	0
3.71978	0.000834859	0.200501	0.0577233	0
3.71956	0.000849582	0.250627	0.0645545	0
3.71858	0.000811471	0.267335	0.0666038	0
3.71943	0.000817009	0.250627	0.0645545	0
3.72183	0.000836814	0.233918	0.0625051	0
3.72029	0.000816748	0.21721	0.0601142	0
3.71991	0.000825934	0.367586	0.0778752	0
3.72028	0.000821374	0.233918	0.0625051	0
3.71927	0.000809582	0.233918	0.0625051	0
3.72041	0.00081069	0.350877	0.0799246	0
3.72157	0.000844045	0.417711	0.0864142	0
3.72045	0.000832514	0.267335	0.0666038	0
3.71974	0.00080867	0.300752	0.0707025	0
3.72083	0.0008174	0.233918	0.0625051	0
3.72096	0.000817986	0.250627	0.0645545	0
3.72063	0.000825282	0.350877	0.0761674	0
3.72102	0.000801113	0.233918	0.0625051	0
3.72044	0.000828996	0.267335	0.0666038	0
3.72092	0.000821699	0.233918	0.0625051	0
3.72179	0.000824175	0.267335	0.0707025	0
3.72175	0.00084398	0.334169	0.0744596	0
3.72178	0.000821113	0.300752	0.0707025	0
3.72147	0.000825413	0.250627	0.0645545	0
3.72163	0.000822351	0.267335	0.0666038	0
3.72237	0.000838442	0.367586	0.0778752	0
3.72268	0.000835836	0.350877	0.0761674	0
3.72181	0.000825739	0.200501	0.0577233	0
3.72283	0.000808931	0.334169	0.0744596	0
3.72308	0.000822742	0.21721	0.0601142	0
3.72247	0.000819224	0.284043	0.0686532	0
3.72164	0.00083512	0.31746	0.0724103	0
3.72171	0.000824501	0.250627	0.0645545	0
3.72264	0.000822351	0.200501	0.0577233	0
3.72272	0.0008531	0.350877	0.0761674	0
3.72169	0.00083753	0.167084	0.0525999	0
3.72142	0.000838051	0.350877	0.0761674	0
3.72177	0.000819745	0.183793	0.0553324	0
3.72163	0.000825999	0.200501	0.0577233	0
3.72288	0.000847823	0.417711	0.0829986	0
3.72369	0.000823524	0.300752	0.0707025	0
3.72272	0.000815966	0.300752	0.0707025	0
3.72298	0.000815966	0.267335	0.0666038	0
3.72302	0.000821309	0.334169	0.0744596	0
3.72322	0.000809387	0.284043	0.0686532	0
3.72379	0.000840983	0.300752	0.0707025	0
3.72372	0.000842025	0.417711	0.0829986	0
3.72419	0.000845543	0.267335	0.0666038	0
3.72351	0.000815771	0.21721	0.0601142	0
3.72353	0.000821178	0.250627	0.0645545	0
3.72432	0.00081525	0.167084	0.0525999	0
3.72519	0.000802416	0.350877	0.0761674	0
3.72458	0.000817856	0.250627	0.0645545	0
3.72423	0.000814598	0.200501	0.0577233	0
3.72461	0.000836488	0.284043	0.0686532	0
3.72479	0.000823784	0.31746	0.0724103	0
3.72438	0.000827888	0.367586	0.0778752	0
3.72526	0.000846716	0.334169	0.0744596	0
3.72513	0.000845087	0.334169	0.0744596	0
3.72457	0.000836944	0.200501	0.0577233	0
3.72402	0.0008331	0.300752	0.0707025	0
3.72394	0.000818898	0.100251	0.040987	0
3.72436	0.000809191	0.21721	0.0601142	0
3.72449	0.000810364	0.183793	0.0553324	0
3.72357	0.00084398	0.233918	0.0625051	0
3.72348	0.000826129	0.334169	0.0744596	0
3.72423	0.000834077	0.233918	0.0625051	0
3.72537	0.000815901	0.31746	0.0724103	0
3.72409	0.000805022	0.250627	0.0645545	0
3.72407	0.000831667	0.300752	0.0707025	0
3.72597	0.000845869	0.350877	0.0761674	0
3.72669	0.000800266	0.21721	0.0601142	0
3.72525	0.000798442	0.21721	0.0601142	0
3.7256	0.000814664	0.200501	0.0577233	0
3.72609	0.000825608	0.284043	0.0686532	0
3.72714	0.000828605	0.267335	0.0666038	0
3.72629	0.000805999	0.150376	0.050209	0
3.72627	0.000810168	0.183793	0.0553324	0
3.72741	0.000819615	0.250627	0.0645545	0
3.72634	0.00080652	0.21721	0.0601142	0
3.72628	0.000858051	0.233918	0.0625051	0
3.72746	0.000843654	0.334169	0.0744596	0
3.72591	0.000832579	0.250627	0.0645545	0
3.72574	0.000817139	0.233918	0.0625051	0
3.72695	0.000829256	0.233918	0.0625051	0
3.72663	0.000840136	0.233918	0.0625051	0
3.72624	0.000823458	0.267335	0.0666038	0
3.72566	0.000796813	0.150376	0.050209	0
3.72672	0.000837595	0.300752	0.0707025	0
3.72634	0.000782025	0.150376	0.050209	0
3.72679	0.00083766	0.31746	0.0724103	0
3.72721	0.000844761	0.300752	0.0744596	0
3.72734	0.000830755	0.31746	0.0724103	0
3.72713	0.000842481	0.250627	0.0645545	0
3.72612	0.000822481	0.233918	0.0625051	0
3.72663	0.00081753	0.250627	0.0645545	0
3.72768	0.000833752	0.267335	0.0666038	0
3.72746	0.000810103	0.233918	0.0625051	0
3.72841	0.000838572	0.367586	0.0778752	0
3.72889	0.000827432	0.284043	0.0686532	0
3.72783	0.00082209	0.284043	0.0686532	0
3.72861	0.00086867	0.384294	0.0833402	0
3.72924	0.000820787	0.116959	0.044061	0
3.72868	0.00082639	0.267335	0.0666038	0
3.72803	0.000856358	0.31746	0.0724103	0
3.72986	0.000843393	0.250627	0.0645545	0
3.72801	0.000809191	0.183793	0.0553324	0
3.72781	0.000824566	0.183793	0.0553324	0
3.72738	0.000804891	0.167084	0.0525999	0
3.72795	0.0008331	0.31746	0.0724103	0
3.72845	0.000817986	0.284043	0.0686532	0
3.72877	0.000832318	0.267335	0.0666038	0
3.72871	0.00082411	0.250627	0.0645545	0
3.72867	0.000800592	0.284043	0.0686532	0
3.72837	0.000837009	0.284043	0.0686532	0
3.7292	0.0008731	0.150376	0.050209	0
3.72944	0.000816618	0.367586	0.0778752	0
3.72821	0.000833491	0.384294	0.0799246	0
3.72923	0.000854534	0.250627	0.0645545	0
3.72964	0.000823589	0.250627	0.0645545	0
3.73033	0.000816879	0.31746	0.0724103	0
3.73079	0.000818507	0.31746	0.0724103	0
3.73006	0.000822677	0.250627	0.0645545	0
3.73024	0.000816553	0.183793	0.0553324	0
3.73085	0.000812383	0.150376	0.050209	0
3.72999	0.000807172	0.167084	0.0525999	0
3.72895	0.000803719	0.267335	0.0666038	0
3.72988	0.000810168	0.21721	0.0601142	0
3.72997	0.00083323	0.31746	0.0761674	0
3.72975	0.000807302	0.150376	0.050209	0
3.72889	0.000802155	0.21721	0.0601142	0
3.73006	0.000826976	0.300752	0.0707025	0
3.73098	0.000838247	0.21721	0.0601142	0
3.72975	0.000819028	0.233918	0.0625051	0
3.72878	0.000780722	0.21721	0.0601142	0
3.73012	0.000821309	0.250627	0.0645545	0
3.7306	0.000811211	0.150376	0.050209	0
3.7303	0.00082411	0.300752	0.0707025	0
3.73093	0.000832709	0.350877	0.0761674	0
3.73139	0.000830755	0.233918	0.0625051	0
3.73185	0.000841439	0.31746	0.0724103	0
3.73186	0.000811015	0.334169	0.0744596	0
3.73092	0.000801699	0.183793	0.0553324	0
3.73182	0.000820006	0.300752	0.0707025	0
3.73133	0.000839419	0.150376	0.050209	0
3.73106	0.000792188	0.133668	0.047135	0
3.73113	0.000802676	0.284043	0.0686532	0
3.73268	0.000811732	0.167084	0.0525999	0
3.7327	0.000806064	0.300752	0.0744596	0
3.73252	0.000820266	0.284043	0.0727519	0
3.73212	0.000806911	0.21721	0.0601142	0
3.73204	0.000792579	0.200501	0.0625051	0
3.73177	0.000823719	0.267335	0.0666038	0
3.73205	0.000814924	0.233918	0.0625051	0
3.73205	0.000830169	0.284043	0.0686532	0
3.73276	0.000836097	0.31746	0.0724103	0
3.73194	0.000825869	0.150376	0.050209	0
3.73189	0.000835836	0.384294	0.0799246	0
3.73273	0.000825087	0.284043	0.0686532	0
3.73302	0.000841765	0.267335	0.0666038	0
3.73201	0.000802937	0.250627	0.0645545	0
3.73305	0.000805804	0.21721	0.0601142	0
3.73343	0.000809321	0.200501	0.0577233	0
3.73219	0.000811797	0.200501	0.0577233	0
3.73302	0.000816422	0.367586	0.0778752	0
3.73255	0.000819028	0.250627	0.0645545	0
3.73235	0.000824305	0.384294	0.0799246	0
3.73333	0.000817986	0.116959	0.044061	0
3.73306	0.000814729	0.31746	0.0724103	0
3.73391	0.000803589	0.183793	0.0553324	0
3.7343	0.000819094	0.31746	0.0724103	0
3.7345	0.000829452	0.384294	0.0799246	0
3.73537	0.000848214	0.300752	0.0707025	0
3.73434	0.000811862	0.250627	0.0686532	0
3.73353	0.000814142	0.21721	0.0601142	0
3.73404	0.000811797	0.267335	0.0666038	0
3.7354	0.000819224	0.267335	0.0666038	0
3.73517	0.000813426	0.233918	0.0625051	0
3.73353	0.0008174	0.183793	0.0553324	0
3.73372	0.00080639	0.300752	0.0707025	0
3.73481	0.000811146	0.384294	0.0799246	0
3.73535	0.000822221	0.250627	0.0645545	0
3.7352	0.000829778	0.334169	0.0744596	0
3.7348	0.000816227	0.233918	0.0625051	0
3.73308	0.00082183	0.334169	0.0744596	0
3.73473	0.000835315	0.31746	0.0724103	0
3.73589	0.000840527	0.300752	0.0744596	0
3.73409	0.000827107	0.267335	0.0666038	0
3.73379	0.000808996	0.200501	0.0577233	0
3.73468	0.000789126	0.267335	0.0666038	0
3.73419	0.000802025	0.233918	0.0625051	0
3.73392	0.000817269	0.21721	0.0601142	0
3.73477	0.000836683	0.401003	0.0812908	0
3.73553	0.00083968	0.284043	0.0686532	0
3.73538	0.000817009	0.284043	0.0686532	0
3.73561	0.00082652	0.267335	0.0666038	0
3.73651	0.000807953	0.300752	0.0707025	0
3.73624	0.000804175	0.233918	0.0625051	0
3.73598	0.000810038	0.250627	0.0645545	0
3.73662	0.000809387	0.250627	0.0645545	0
0	0	0	0	0
0	0	0	0	0
0	0	0	0	0
0	0	0	0	0
0	0	0	0	0
0	0	0	0	0
0	0	0	0	0
0	0	0	0	0
0	0	0	0	0
0	0	0	0	0
0	0	0	0	0
0	0	0	0	0
0	0	0	0	0
0	0	0	0	0
0	0	0	0	0
0	0	0	0	0
0	0	0	0	0
0	0	0	0	0
0	0	0	0	0
0	0	0	0	0
0	0	0	0	0
0	0	0	0	0
0	0	0	0	0
0	0	0	0	0
0	0	0	0	0
0	0	0	0	0
0	0	0	0	0
0	0	0	0	0
0	0	0	0	0
0	0	0	0	0
0	0	0	0	0
0	0	0	0	0
0	0	0	0	0
0	0	0	0	0
0	0	0	0	0
0	0	0	0	0
0	0	0	0	0
0	0	0	0	0
0	0	0	0	0
0	0	0	0	0
0	0	0	0	0
0	0	0	0	0
0	0	0	0	0
0	0	0	0	0
0	0	0	0	0
0	0	0	0	0
0	0	0	0	0
0	0	0	0	0
0	0	0	0	0
0	0	0	0	0
0	0	0	0	0
0	0	0	0	0
0	0	0	0	0
0	0	0	0	0
0	0	0	0	0
0	0	0	0	0
0	0	0	0	0
0	0	0	0	0
0	0	0	0	0
0	0	0	0	0
0	0	0	0	0
0	0	0	0	0
0	0	0	0	0
0	0	0	0	0
0	0	0	0	0
0	0	0	0	0
0	0	0	0	0
0	0	0	0	0
0	0	0	0	0
0	0	0	0	0
0	0	0	0	0
0	0	0	0	0
0	0	0	0	0
0	0	0	0	0
0	0	0	0	0
0	0	0	0	0
0	0	0	0	0
0	0	0	0	0
0	0	0	0	0
0	0	0	0	0
0	0	0	0	0
0	0	0	0	0
0	0	0	0	0
0	0	0	0	0
0	0	0	0	0
0	0	0	0	0
0	0	0	0	0
0	0	0	0	0
0	0	0	0	0
0	0	0	0	0
0	0	0	0	0
0	0	0	0	0
0	0	0	0	0
0	0	0	0	0
0	0	0	0	0
0	0	0	0	0
0	0	0	0	0
0	0	0	0	0
0	0	0	0	0
0	0	0	0	0
0	0	0	0	0
0	0	0	0	0
0	0	0	0	0
0	0	0	0	0
0	0	0	0	0
0	0	0	0	0
0	0	0	0	0
0	0	0	0	0
0	0	0	0	0
0	0	0	0	0
0	0	0	0	0
0	0	0	0	0
0	0	0	0	0
0	0	0	0	0
0	0	0	0	0
0	0	0	0	0
0	0	0	0	0
0	0	0	0	0
0	0	0	0	0
0	0	0	0	0
0	0	0	0	0
0	0	0	0	0
0	0	0	0	0
0	0	0	0	0
0	0	0	0	0
0	0	0	0	0
0	0	0	0	0
0	0	0	0	0
0	0	0	0	0
0	0	0	0	0
0	0	0	0	0
0	0	0	0	0
0	0	0	0	0
0	0	0	0	0
0	0	0	0	0
0	0	0	0	0
0	0	0	0	0
0	0	0	0	0
0	0	0	0	0
0	0	0	0	0
0	0	0	0	0
0	0	0	0	0
0	0	0	0	0
0	0	0	0	0
0	0	0	0	0
0	0	0	0	0
0	0	0	0	0
0	0	0	0	0
0	0	0	0	0
0	0	0	0	0
0	0	0	0	0
0	0	0	0	0
0	0	0	0	0
0	0	0	0	0
0	0	0	0	0
0	0	0	0	0
0	0	0	0	0
0	0	0	0	0
0	0	0	0	0
0	0	0	0	0
0	0	0	0	0
0	0	0	0	0
0	0	0	0	0
0	0	0	0	0
0	0	0	0	0
0	0	0	0	0
0	0	0	0	0
0	0	0	0	0
0	0	0	0	0
0	0	0	0	0
0	0	0	0	0
0	0	0	0	0
0	0	0	0	0
0	0	0	0	0
0	0	0	0	0
0	0	0	0	0
0	0	0	0	0
0	0	0	0	0
0	0	0	0	0
0	0	0	0	0
0	0	0	0	0
0	0	0	0	0
0	0	0	0	0
0	0	0	0	0
0	0	0	0	0
0	0	0	0	0
0	0	0	0	0
0	0	0	0	0
0	0	0	0	0
0	0	0	0	0
0	0	0	0	0
0	0	0	0	0
0	0	0	0	0
0	0	0	0	0
0	0	0	0	0
0	0	0	0	0
0	0	0	0	0
0	0	0	0	0
0	0	0	0	0
0	0	0	0	0
0	0	0	0	0
0	0	0	0	0
0	0	0	0	0
0	0	0	0	0
0	0	0	0	0
0	0	0	0	0
0	0	0	0	0
0	0	0	0	0
0	0	0	0	0
0	0	0	0	0
0	0	0	0	0
0	0	0	0	0
0	0	0	0	0
0	0	0	0	0
0	0	0	0	0
0	0	0	0	0
0	0	0	0	0
0	0	0	0	0
0	0	0	0	0
0	0	0	0	0
0	0	0	0	0
0	0	0	0	0
0	0	0	0	0
0	0	0	0	0
0	0	0	0	0
0	0	0	0	0
0	0	0	0	0
0	0	0	0	0
0	0	0	0	0
0	0	0	0	0
0	0	0	0	0
0	0	0	0	0
0	0	0	0	0
0	0	0	0	0
0	0	0	0	0
0	0	0	0	0
0	0	0	0	0
0	0	0	0	0
0	0	0	0	0
0	0	0	0	0
0	0	0	0	0
0	0	0	0	0
0	0	0	0	0
0	0	0	0	0
0	0	0	0	0
0	0	0	0	0
0	0	0	0	0
0	0	0	0	0
0	0	0	0	0
0	0	0	0	0
0	0	0	0	0
0	0	0	0	0
0	0	0	0	0
0	0	0	0	0
0	0	0	0	0
0	0	0	0	0
0	0	0	0	0
0	0	0	0	0
0	0	0	0	0
0	0	0	0	0
0	0	0	0	0
0	0	0	0	0
0	0	0	0	0
0	0	0	0	0
0	0	0	0	0
0	0	0	0	0
0	0	0	0	0
0	0	0	0	0
0	0	0	0	0
0	0	0	0	0
0	0	0	0	0
0	0	0	0	0
0	0	0	0	0
0	0	0	0	0
0	0	0	0	0
0	0	0	0	0
0	0	0	0	0
0	0	0	0	0
0	0	0	0	0
0	0	0	0	0
0	0	0	0	0
0	0	0	0	0
0	0	0	0	0
0	0	0	0	0
0	0	0	0	0
0	0	0	0	0
0	0	0	0	0
0	0	0	0	0
0	0	0	0	0
0	0	0	0	0
0	0	0	0	0
0	0	0	0	0
0	0	0	0	0
0	0	0	0	0
0	0	0	0	0
0	0	0	0	0
0	0	0	0	0
0	0	0	0	0
0	0	0	0	0
0	0	0	0	0
0	0	0	0	0
0	0	0	0	0
0	0	0	0	0
0	0	0	0	0
0	0	0	0	0
0	0	0	0	0
0	0	0	0	0
0	0	0	0	0
0	0	0	0	0
0	0	0	0	0
0	0	0	0	0
0	0	0	0	0
0	0	0	0	0
0	0	0	0	0
0	0	0	0	0
0	0	0	0	0
0	0	0	0	0
0	0	0	0	0
0	0	0	0	0
0	0	0	0	0
0	0	0	0	0
0	0	0	0	0
0	0	0	0	0
0	0	0	0	0
0	0	0	0	0
0	0	0	0	0
0	0	0	0	0
0	0	0	0	0
0	0	0	0	0
0	0	0	0	0
0	0	0	0	0
0	0	0	0	0
0	0	0	0	0
0	0	0	0	0
0	0	0	0	0
0	0	0	0	0
0	0	0	0	0
0	0	0	0	0
0	0	0	0	0
0	0	0	0	0
0	0	0	0	0
0	0	0	0	0
0	0	0	0	0
0	0	0	0	0
0	0	0	0	0
0	0	0	0	0
0	0	0	0	0
0	0	0	0	0
0	0	0	0	0
0	0	0	0	0
0	0	0	0	0
0	0	0	0	0
0	0	0	0	0
0	0	0	0	0
0	0	0	0	0
0	0	0	0	0
0	0	0	0	0
0	0	0	0	0
0	0	0	0	0
0	0	0	0	0
0	0	0	0	0
0	0	0	0	0
0	0	0	0	0
0	0	0	0	0
0	0	0	0	0
0	0	0	0	0
0	0	0	0	0
0	0	0	0	0
0	0	0	0	0
0	0	0	0	0
0	0	0	0	0
0	0	0	0	0
0	0	0	0	0
0	0	0	0	0
0	0	0	0	0
0	0	0	0	0
0	0	0	0	0
0	0	0	0	0
0	0	0	0	0
0	0	0	0	0
0	0	0	0	0
0	0	0	0	0
0	0	0	0	0
0	0	0	0	0
0	0	0	0	0
0	0	0	0	0
0	0	0	0	0
0	0	0	0	0
0	0	0	0	0
0	0	0	0	0
0	0	0	0	0
0	0	0	0	0
0	0	0	0	0
0	0	0	0	0
0	0	0	0	0
0	0	0	0	0
0	0	0	0	0
0	0	0	0	0
0	0	0	0	0
0	0	0	0	0
