a2610507.050192
Narit-cm 05/01/2026 06:35:02 05/01/2026 07:05:01 0045 0013.384714 0052.542598 00.0 00.0
0002390 0010 0000000 0010 05 0000000 0010 0000000 0010
1 0 1 01600 1 0000 3.75 00000.o 0 0 01 000 16 002390 0.500 BT0
1 2 1 02000 1 0000 3.75 00000.o 0 0 01 000 16 002390 0.500 S2A0
1 1 1 01600 1 0000 3.75 00000.o 0 0 00 000 00 002390 3.1746 BC0
1 3 1 02000 1 0000 3.75 00000.o 0 0 00 000 00 002390 3.1746 S2P0
1 5 0 01600 0 0000 1.00 00000.o 0 0 00 000 00 000000 0.000 OF0
0.000 .o Analog 0 	0.000 .o Analog StErr 0 	0.000 .o Photon Counting 0 	0.000 .o PC StErr 0 	0.000 .o Overflow Info 0 
33.2945	0.198621	174.126	0.882064	0
77.8566	0.437679	196.251	0.862888	0
292.504	2.27408	111.331	1.37001	0
474.01	0.0430234	0.702929	0.107519	0
473.457	0	0	0	0
473.457	0	0.0502092	0.0291054	0
473.457	9.01287E-6	24.7531	0.66189	0
473.457	6.40045E-6	15.113	0.582792	0
473.457	0	3.39749	0.315708	0
473.457	0	7.54812	0.401654	0
473.457	6.40045E-6	24.7531	0.642715	0
473.457	0	90.5439	1.05738	0
473.457	6.40045E-6	149.071	1.02622	0
473.457	6.40045E-6	130.929	1.05875	0
473.457	0	87.8159	0.952944	0
473.457	0	81.8745	0.896787	0
473.457	0	89.59	0.929659	0
473.457	0	106.259	0.951916	0
473.457	0	119.849	0.934796	0
473.457	0	118.895	0.928975	0
473.457	0	122.561	0.929659	0
473.457	0	137.707	0.92692	0
473.457	0	159.381	0.905348	0
473.457	0	177.322	0.940959	0
473.457	0	189.406	0.905005	0
473.457	0	196.569	0.886173	0
473.457	0	201.975	0.875215	0
473.457	6.40045E-6	206.326	0.873161	0
473.457	0	204.803	0.873161	0
473.457	0	205.305	0.887542	0
473.457	0	203.883	0.840974	0
473.457	0	202.828	0.89713	0
473.457	0	202.979	0.881721	0
473.746	0.0501924	202.209	0.890282	1
477.512	0.183254	202.527	0.895418	1
488.223	0.256209	200.854	0.911511	1
495.195	0.203629	201.155	0.896787	1
499.555	0.0649286	198.879	0.891651	1
500	0	200.335	0.869737	1
499.996	0.00214748	201.054	0.879667	1
499.368	0.0741657	199.816	0.860149	1
493.292	0.329057	200.067	0.882748	1
473.047	0.687503	200.72	0.879324	1
440.875	0.951977	202.778	0.898157	1
402.727	1.05647	202.36	0.885145	1
361.482	1.09016	201.121	0.909799	0
321.166	1.13376	201.222	0.860149	0
281.914	1.14524	202.209	0.882748	0
244.202	1.14679	204.05	0.880351	0
208.262	1.12265	202.879	0.884118	0
174.485	1.06959	201.891	0.88583	0
143.364	0.991205	202.745	0.884803	0
115.828	0.881791	202.527	0.881721	0
92.3985	0.760938	200.921	0.906717	0
72.8299	0.645247	199.598	0.887885	0
56.8112	0.529739	197.623	0.882406	0
44.1078	0.421982	196.787	0.87453	0
34.2683	0.329928	196.151	0.885145	0
26.7752	0.252884	193.69	0.876927	0
21.2217	0.192409	192	0.869737	0
17.1648	0.145708	191.297	0.849192	0
14.2402	0.109764	190.745	0.875215	0
12.1644	0.0833945	189.004	0.849192	0
10.6386	0.0648165	187.113	0.826592	0
9.41774	0.0516942	186.444	0.849192	0
8.47237	0.0415162	182.862	0.864258	0
7.75331	0.0341658	181.607	0.838577	0
7.13993	0.0302697	180.117	0.840631	0
6.69796	0.0261937	175.682	0.836865	0
6.40691	0.0249224	175.163	0.856382	0
6.26971	0.0236292	171.95	0.821456	0
6.20338	0.0231042	171.18	0.848849	0
6.09438	0.0224832	169.523	0.861861	0
6.04833	0.0215389	167.665	0.848507	0
6.10415	0.0215709	166.695	0.844055	0
6.13663	0.0218378	166.259	0.861176	0
6.14586	0.0220407	165.54	0.862888	0
6.20285	0.0219302	165.289	0.842001	0
6.2879	0.0215958	163.498	0.831728	0
6.3932	0.0214535	165.071	0.85467	0
6.45563	0.0215609	161.841	0.84748	0
6.43217	0.0217618	161.54	0.833098	0
6.49306	0.0206357	162.611	0.841316	0
6.78591	0.0208902	161.423	0.827619	0
7.21451	0.0216482	162.628	0.839262	0
7.62228	0.0222785	163.498	0.84611	0
7.84832	0.0228796	164.184	0.856725	0
7.90948	0.0232562	162.159	0.870079	0
7.94249	0.0227865	163.397	0.846795	0
7.96211	0.0228071	161.289	0.854328	0
7.95862	0.022327	161.456	0.862546	0
7.93945	0.0216376	159.364	0.847822	0
7.88001	0.0218424	159.582	0.848849	0
7.82427	0.0215339	158.577	0.83618	0
7.7709	0.0210317	157.791	0.822141	0
7.70161	0.0207564	158.243	0.861861	0
7.76992	0.0203381	160.452	0.858437	0
8.01039	0.0211118	158.644	0.849534	0
8.17355	0.0208503	158.159	0.835837	0
8.22554	0.0210945	158.678	0.86734	0
8.2782	0.020714	156.803	0.862888	0
8.35925	0.0205377	157.908	0.826592	0
8.52862	0.0211978	157.038	0.849534	0
8.69483	0.0216101	157.874	0.857067	0
8.7877	0.0217588	159.029	0.836865	0
8.86252	0.0218592	158.109	0.852616	0
8.8331	0.0213759	158.51	0.84611	0
8.68723	0.0204031	156.318	0.877955	0
8.52964	0.0199201	156.151	0.843028	0
8.45171	0.0195544	154.979	0.852958	0
8.50627	0.0201056	154.996	0.838577	0
8.56876	0.0202916	153.456	0.821456	0
8.55443	0.0193186	153.774	0.862546	0
8.56095	0.0190558	155.498	0.849192	0
8.58655	0.0190635	153.958	0.853301	0
8.56582	0.0188336	151.866	0.845083	0
8.56598	0.0186531	154.46	0.836522	0
8.57207	0.0184332	152.351	0.853301	0
8.49491	0.0186391	151.615	0.830701	0
8.43535	0.0185893	151.297	0.863231	0
8.49685	0.0187476	152.201	0.839604	0
8.54107	0.0187412	150.31	0.843028	0
8.54358	0.0186911	151.732	0.849876	0
8.58546	0.0187596	149.824	0.863231	0
8.61455	0.0182157	151.18	0.872133	0
8.60933	0.0186486	149.958	0.831386	0
8.6131	0.0184769	151.548	0.835837	0
8.62576	0.0188413	150.427	0.84748	0
8.64283	0.0182387	149.389	0.862546	0
8.66997	0.0181957	149.925	0.853985	0
8.67372	0.0185529	151.297	0.858094	0
8.6667	0.0183747	150.025	0.831044	0
8.69694	0.0181131	148.686	0.853643	0
8.70462	0.0180636	148.05	0.84748	0
8.66539	0.0184047	148.937	0.863573	0
8.64579	0.0184493	149.774	0.858437	0
8.65766	0.018074	147.95	0.85604	0
8.67324	0.0173412	148.435	0.83618	0
8.6671	0.017414	148.519	0.843028	0
8.68366	0.0174425	148.201	0.82351	0
8.66099	0.0173743	146.962	0.843371	0
8.57333	0.0168282	147.347	0.840974	0
8.55026	0.0172566	148.536	0.852958	0
8.53461	0.0170927	145.356	0.836865	0
8.38557	0.0165815	146.644	0.849876	0
8.2188	0.0167134	143.816	0.837549	0
8.1224	0.0162878	141.908	0.850561	0
8.04241	0.015703	142.343	0.829674	0
7.93027	0.0154973	140.435	0.850219	0
7.82176	0.0150668	139.515	0.837549	0
7.75194	0.0151945	138.176	0.851246	0
7.72319	0.0151317	137.423	0.851589	0
7.70306	0.0147207	136.402	0.843371	0
7.66935	0.0145825	139.029	0.858437	0
7.65216	0.0144399	136.519	0.832756	0
7.61997	0.0146924	135.498	0.849876	0
7.57798	0.0142716	135.314	0.861519	0
7.57059	0.0147772	135.397	0.843713	0
7.56111	0.0143943	134.527	0.875558	0
7.53284	0.0142566	133.155	0.833783	0
7.49268	0.0143393	133.623	0.841658	0
7.4311	0.0145873	133.038	0.83618	0
7.35142	0.0138631	132.301	0.85741	0
7.27729	0.0144055	129.975	0.85741	0
7.22744	0.0133422	130.142	0.848849	0
7.18359	0.0134337	129.64	0.841658	0
7.11684	0.0134298	126.895	0.837892	0
7.03903	0.0133964	127.582	0.838919	0
7.00834	0.0131153	127.297	0.848849	0
6.9634	0.013226	124.351	0.86734	0
6.84885	0.013103	123.515	0.851589	0
6.77044	0.0128547	124.218	0.850219	0
6.76063	0.0126911	122.494	0.845767	0
6.71124	0.0125476	120.77	0.818717	0
6.61998	0.0124267	119.883	0.837892	0
6.54331	0.0124813	117.623	0.835495	0
6.4895	0.0122337	117.121	0.871449	0
6.43057	0.0121355	113.958	0.83344	0
6.38252	0.0116834	115.565	0.838919	0
6.35405	0.0116581	112.586	0.846452	0
6.33139	0.0117578	113.172	0.832413	0
6.30804	0.0116337	112.569	0.841658	0
6.25983	0.0116681	110.059	0.863231	0
6.22185	0.0115572	110.46	0.819059	0
6.20768	0.0113302	110.293	0.862546	0
6.18288	0.0114559	108.736	0.833783	0
6.15633	0.0114652	107.414	0.845083	0
6.14962	0.0111935	108.251	0.85604	0
6.15659	0.0113988	109.757	0.848849	0
6.14188	0.0115017	107.448	0.842001	0
6.10807	0.0112675	106.561	0.843371	0
6.09686	0.0113733	106.644	0.827277	0
6.08327	0.0108426	106.778	0.853301	0
6.06161	0.0112994	105.339	0.84474	0
6.05932	0.0112598	106.092	0.860491	0
6.03928	0.0113373	105.858	0.840631	0
6.02383	0.0114526	104.201	0.839946	0
6.00926	0.0114699	104.033	0.86597	0
5.98238	0.0111379	101.674	0.860491	0
5.97764	0.0113281	102.527	0.848164	0
5.9838	0.0114385	103.782	0.863231	0
5.96723	0.0112495	103.414	0.859807	0
5.9419	0.0110111	102.828	0.870079	0
5.92769	0.0111813	100.921	0.834125	0
5.90154	0.0110785	99.7322	0.849192	0
5.86807	0.0107787	101.205	0.866997	0
5.85261	0.0109666	99.0795	0.837549	0
5.82221	0.0106557	98.1925	0.848507	0
5.79289	0.0106863	97.1381	0.841658	0
5.76729	0.0107412	96.7699	0.862203	0
5.74515	0.0110602	96.6695	0.868367	0
5.73591	0.0105878	94.795	0.84611	0
5.70683	0.0106003	93.8577	0.838577	0
5.68068	0.0106147	95.1967	0.851246	0
5.66945	0.0104334	93.523	0.84748	0
5.64767	0.0105893	92.318	0.872818	0
5.62227	0.0105057	91.9331	0.857067	0
5.60417	0.0103668	92.0335	0.858437	0
5.59352	0.0101444	92.7866	0.850219	0
5.59019	0.010498	90.0418	0.844398	0
5.57642	0.0103933	91.5314	0.833783	0
5.55597	0.0102314	91.2803	0.859122	0
5.54193	0.0100883	89.2552	0.851931	0
5.52116	0.010016	89.2552	0.854328	0
5.4969	0.0101147	88.5356	0.859464	0
5.48848	0.0100068	87.9833	0.844055	0
5.47694	0.00978504	86.9958	0.850219	0
5.46243	0.00985871	86.7782	0.852958	0
5.44553	0.00988764	86.9791	0.846452	0
5.41245	0.00984617	85.1883	0.849876	0
5.38466	0.00960681	84.1841	0.838577	0
5.37571	0.00960935	82.7782	0.838577	0
5.37654	0.00939722	84.636	0.839262	0
5.35366	0.00947063	83.6318	0.844055	0
5.33137	0.00936705	82.3598	0.845767	0
5.33358	0.00940245	83.2636	0.855355	0
5.32098	0.00933942	81.3724	0.83481	0
5.28641	0.00931728	80.7364	0.838919	0
5.27017	0.00898172	79.1632	0.844055	0
5.2643	0.0092429	80.2845	0.849876	0
5.24767	0.00886716	79.9331	0.839604	0
5.23415	0.00906492	78.0586	0.847137	0
5.23081	0.00921945	78.0586	0.847137	0
5.2243	0.00904905	78.7782	0.829331	0
5.21116	0.00869507	78.1423	0.820086	0
5.18919	0.00874843	77.59	0.818717	0
5.17988	0.00906499	77.0544	0.831728	0
5.16004	0.00878546	76.0502	0.842001	0
5.13986	0.00875914	76.4017	0.837549	0
5.13157	0.00862884	75.1632	0.844055	0
5.11662	0.00864093	75.2636	0.843713	0
5.10939	0.00869207	73.8912	0.812896	0
5.10604	0.00860115	74.9121	0.822483	0
5.09818	0.00851873	73.59	0.81358	0
5.08314	0.00811936	72.4686	0.799541	0
5.07078	0.00819747	73.7908	0.830701	0
5.06527	0.00850567	72.954	0.822483	0
5.0506	0.00835918	70.7113	0.815635	0
5.03894	0.0081974	72.0669	0.817347	0
5.0363	0.00817787	72.1506	0.79372	0
5.02896	0.0082379	71.4142	0.810499	0
5.01545	0.00839183	69.8745	0.801253	0
5.0022	0.00811629	69.9414	0.807417	0
5.00339	0.00809219	70.9958	0.821456	0
5.00795	0.00804438	70.5439	0.814608	0
4.99746	0.00812236	71.0126	0.807759	0
4.97994	0.00805986	68.3682	0.814265	0
4.97776	0.0081878	69.8243	0.827277	0
4.97031	0.00812674	68.4686	0.82351	0
4.9529	0.00803569	69.4561	0.829331	0
4.95024	0.00796646	70.1255	0.833098	0
4.94104	0.00780541	68.5523	0.794063	0
4.93187	0.00791911	67.9498	0.829674	0
4.93459	0.00779444	67.7992	0.814608	0
4.93049	0.00782291	67.046	0.807759	0
4.92129	0.00786484	67.2301	0.823853	0
4.91827	0.00780058	69.272	0.801596	0
4.90518	0.00778934	66.0753	0.82351	0
4.89532	0.00782735	67.4477	0.799884	0
4.89972	0.0077672	67.5314	0.812896	0
4.88226	0.00772893	65.4393	0.804678	0
4.87389	0.00777902	65.6904	0.81632	0
4.89936	0.00794223	66.7113	0.82351	0
4.89953	0.0077913	67.3138	0.820429	0
4.87454	0.00767315	65.3389	0.802965	0
4.87324	0.00778248	66.2427	0.814265	0
4.8756	0.00772129	65.6569	0.828989	0
4.8667	0.0076808	66.1925	0.810156	0
4.85723	0.00757715	63.7824	0.807417	0
4.85171	0.00775492	64.2845	0.809471	0
4.86329	0.00781377	66.8787	0.820086	0
4.85558	0.00772828	63.9833	0.787899	0
4.82985	0.00759811	63.7155	0.79646	0
4.82676	0.00738755	63.8661	0.797144	0
4.83137	0.00750341	64.5188	0.808444	0
4.81429	0.0075537	61.9247	0.800569	0
4.80189	0.00745998	62.6276	0.793378	0
4.81444	0.00740016	64.1506	0.815292	0
4.80749	0.00756618	62.6946	0.788584	0
4.78379	0.00749923	62.9456	0.823168	0
4.78263	0.00739578	61.9247	0.782763	0
4.78554	0.00718901	61.0377	0.796802	0
4.78498	0.00723675	61.5063	0.794063	0
4.78417	0.00735783	62.8117	0.809129	0
4.7815	0.00741857	63.0962	0.786872	0
4.7807	0.00724746	62.3096	0.807074	0
4.76809	0.00732165	62.1925	0.822141	0
4.75969	0.00721794	61.3389	0.768039	0
4.75941	0.00713186	62.3431	0.802623	0
4.75673	0.00725869	59.9665	0.795432	0
4.75666	0.00733759	63.1967	0.816662	0
4.74746	0.00714734	58.5607	0.792693	0
4.73613	0.00724517	61.59	0.798856	0
4.73925	0.00728266	60.636	0.806047	0
4.73655	0.00710071	59.8661	0.784817	0
4.72754	0.00712017	60.6527	0.793035	0
4.73069	0.00719273	60.0502	0.794405	0
4.72728	0.0071589	60.7866	0.792008	0
4.71118	0.0070945	61.272	0.80502	0
4.70337	0.00720246	59.364	0.800911	0
4.68907	0.00701685	58.3766	0.798514	0
4.66965	0.00678258	57.9079	0.7653	0
4.66336	0.00668357	58.8787	0.792693	0
4.6645	0.0067848	58.0921	0.799884	0
4.65606	0.00660323	55.7322	0.790296	0
4.63819	0.00665483	56.8703	0.780708	0
4.62801	0.00656725	55.8828	0.778654	0
4.63002	0.00650083	56.1172	0.771463	0
4.62063	0.00660173	55.4142	0.770778	0
4.60794	0.00631038	55.3473	0.774203	0
4.60939	0.00627988	55.5481	0.778654	0
4.6156	0.00648763	55.9163	0.776599	0
4.604	0.00639724	55.0126	0.766669	0
4.58517	0.00623991	54.8954	0.768381	0
4.57633	0.00620118	52.1172	0.744412	0
4.57612	0.00640136	53.9582	0.760848	0
4.5768	0.00629954	54.728	0.77386	0
4.56905	0.00631763	52.3013	0.7653	0
4.55769	0.00628334	52.0837	0.755027	0
4.552	0.00602079	52.569	0.762903	0
4.54964	0.00618368	52.8201	0.760506	0
4.55243	0.00616095	53.7741	0.773175	0
4.54834	0.00609557	51.7322	0.768039	0
4.5478	0.0061699	53.1548	0.763588	0
4.54736	0.00603719	53.3724	0.77386	0
4.54102	0.00617597	52.5188	0.771806	0
4.53702	0.00609492	52.2343	0.756397	0
4.53996	0.00613319	52.1339	0.774887	0
4.53204	0.00588756	51.5983	0.757424	0
4.52171	0.00609923	52.4184	0.771806	0
4.52338	0.00628785	51.6318	0.773175	0
4.53552	0.00605071	52.6695	0.757424	0
4.53078	0.00605933	51.8159	0.763245	0
4.50851	0.00613065	51.8494	0.758451	0
4.51663	0.00598566	52.569	0.768039	0
4.52568	0.00601361	50.9623	0.75537	0
4.50814	0.00595797	51.7155	0.750576	0
4.50516	0.00592028	50.5774	0.760163	0
4.50638	0.00606534	51.0962	0.750233	0
4.50775	0.0058647	52.3013	0.745097	0
4.51722	0.00606507	52.0837	0.748864	0
4.50514	0.00602955	50.7615	0.736537	0
4.48764	0.00589135	50.795	0.755027	0
4.49064	0.0057811	50.5774	0.754	0
4.4949	0.00597619	50.9958	0.747152	0
4.48857	0.00599937	50.8117	0.76256	0
4.4832	0.00594954	49.8243	0.742015	0
4.48906	0.00596985	51.2636	0.756054	0
4.48787	0.00606344	49.3556	0.736537	0
4.4793	0.00597828	50.8452	0.755712	0
4.48469	0.00596391	50.9456	0.77386	0
4.49171	0.00602073	51.0962	0.762218	0
4.4796	0.00592877	49.4226	0.758451	0
4.47507	0.00594588	49.6067	0.756739	0
4.49085	0.00579913	50.0084	0.751603	0
4.48989	0.00594621	50.5774	0.745782	0
4.47206	0.00575452	49.6234	0.737564	0
4.46166	0.0057764	48.1172	0.733113	0
4.47049	0.00581369	50.1088	0.745782	0
4.47408	0.00569836	49.9247	0.740303	0
4.4647	0.00578104	50.6444	0.748521	0
4.46193	0.00564611	49.3556	0.751261	0
4.4629	0.00580174	49.9582	0.739276	0
4.4568	0.00578202	49.1046	0.754342	0
4.44955	0.00587946	49.8912	0.748864	0
4.44681	0.0058521	47.682	0.736879	0
4.44369	0.00593935	48.8033	0.735852	0
4.43745	0.00575119	48.1506	0.730716	0
4.42972	0.00579972	47.046	0.734482	0
4.42911	0.00567328	46.8117	0.733797	0
4.43515	0.00556656	48.9707	0.744412	0
4.44026	0.00567328	49.6234	0.743727	0
4.43085	0.00564167	47.7992	0.759821	0
4.42986	0.00586803	48.4686	0.735167	0
4.43603	0.00588632	48.5858	0.7427	0
4.42584	0.00566975	47.8661	0.743385	0
4.41971	0.00569953	47.6653	0.733797	0
4.41398	0.00563507	48.4017	0.755712	0
4.40701	0.00540962	46.6611	0.722155	0
4.40935	0.00549903	46.9121	0.725922	0
4.41457	0.00555376	48.5188	0.748521	0
4.40978	0.00544991	47.8661	0.717704	0
4.40739	0.00534862	48.636	0.731401	0
4.41206	0.00556786	47.0293	0.717361	0
4.40855	0.00542046	47.6318	0.757424	0
4.41235	0.00570097	48.887	0.734825	0
4.41259	0.00560908	47.6485	0.744412	0
4.40282	0.00563481	47.3808	0.733797	0
4.39877	0.00555728	47.1799	0.740988	0
4.3966	0.00558432	46.8619	0.735852	0
4.39619	0.00567282	47.5314	0.736194	0
4.39139	0.00564598	45.8577	0.722155	0
4.38037	0.00550869	45.8912	0.719416	0
4.38062	0.00554109	46.41	0.734825	0
4.39475	0.00540576	47.3138	0.725922	0
4.39957	0.00556545	46.4435	0.71154	0
4.38629	0.0053479	47.4644	0.745782	0
4.37958	0.00546461	45.3724	0.713595	0
4.38393	0.00555043	45.4393	0.738934	0
4.38353	0.00554233	44.2343	0.720101	0
4.37717	0.00548152	47.0628	0.729688	0
4.37968	0.00547042	45.9582	0.739276	0
4.37191	0.00549021	45.6569	0.735167	0
4.35778	0.00556773	44.9038	0.717361	0
4.35403	0.0052995	44.569	0.709143	0
4.35749	0.00533673	46.0586	0.73414	0
4.35917	0.00528468	45.9247	0.725579	0
4.35446	0.00525307	45.7406	0.716677	0
4.35256	0.00520454	46.0586	0.721128	0
4.35406	0.00527064	45.3054	0.719758	0
4.35878	0.00523138	45.0377	0.718046	0
4.35928	0.00540178	46.1925	0.716334	0
4.3547	0.00547356	46.0251	0.725237	0
4.3504	0.00540949	44.2343	0.733455	0
4.34398	0.00526469	44.0669	0.700241	0
4.33695	0.00520709	44.3682	0.709486	0
4.34305	0.00538277	44.4351	0.723183	0
4.34761	0.00524307	44.4017	0.721813	0
4.34448	0.00534405	45.5397	0.731401	0
4.3438	0.00540211	44.887	0.71428	0
4.32715	0.00531531	42.6444	0.716677	0
4.31671	0.00521591	42.8452	0.715307	0
4.32999	0.00530087	44.6025	0.733113	0
4.32569	0.00511977	43.3975	0.710856	0
4.33195	0.00534391	45.8243	0.726607	0
4.34854	0.00533007	45.4561	0.716677	0
4.339	0.00531524	43.5983	0.724552	0
4.32848	0.00526959	44.1004	0.71154	0
4.33073	0.00513427	44.1506	0.709486	0
4.33069	0.00532889	44.0335	0.726607	0
4.32826	0.00531165	45.0377	0.737222	0
4.32902	0.00515667	43.6151	0.716334	0
4.32904	0.0052116	44.6862	0.708116	0
4.32176	0.00512839	44.0669	0.706747	0
4.3156	0.00524072	43.0126	0.703322	0
4.3185	0.00517176	44.9205	0.717019	0
4.32056	0.00525313	43.1464	0.722155	0
4.31657	0.00523628	43.7657	0.729688	0
4.31753	0.00517254	44.2845	0.720443	0
4.32186	0.00528971	43.3975	0.718389	0
4.3154	0.0052129	42.7782	0.710171	0
4.30701	0.00520506	42.477	0.709828	0
4.31261	0.00521623	43.6151	0.717704	0
4.31302	0.00518573	43.2134	0.721128	0
4.31137	0.00535632	43.1799	0.724895	0
4.32286	0.00527847	44.2008	0.717019	0
4.31944	0.00529781	44	0.724552	0
4.30815	0.00527906	43.0628	0.711883	0
4.30185	0.00506171	43.8996	0.694762	0
4.29598	0.00494683	42.41	0.700925	0
4.2985	0.00516771	43.9665	0.715307	0
4.30586	0.00507764	43.4979	0.716334	0
4.30926	0.00519043	43.2803	0.723183	0
4.31191	0.00531838	44.6527	0.731401	0
4.31332	0.0053541	42.5272	0.707774	0
4.30258	0.00511487	42.2929	0.696474	0
4.29929	0.00514008	43.0628	0.713252	0
4.3037	0.00514641	43.1297	0.72147	0
4.29843	0.00515144	42.2762	0.71154	0
4.28904	0.00521754	42.5105	0.704692	0
4.29509	0.00519331	44.3347	0.71154	0
4.2997	0.00515086	43.0795	0.724552	0
4.29701	0.00512356	42.795	0.706404	0
4.29392	0.00514681	43.5649	0.715649	0
4.2984	0.00517319	42.8452	0.697844	0
4.29668	0.0052786	43.0962	0.704692	0
4.28694	0.00519527	42.7113	0.696817	0
4.28856	0.00511487	43.6653	0.693735	0
4.29469	0.005266	43.2134	0.730031	0
4.2862	0.00542856	42.728	0.721128	0
4.28252	0.00507425	41.7741	0.70298	0
4.29	0.00518998	42.0921	0.706404	0
4.28912	0.00517411	42.9121	0.720101	0
4.28257	0.00519958	42.2259	0.710513	0
4.28567	0.00518318	41.4561	0.703322	0
4.28745	0.0050956	43.2301	0.696132	0
4.28613	0.00515504	42.8619	0.69305	0
4.28317	0.00507581	42.1255	0.700583	0
4.28508	0.00510997	42.9121	0.700583	0
4.28091	0.00512127	41.8075	0.722155	0
4.27683	0.00522387	41.6402	0.70161	0
4.27924	0.0050444	42.728	0.695789	0
4.28141	0.0051839	42.4435	0.697844	0
4.27523	0.00517058	41.3891	0.715307	0
4.27791	0.00504316	43.2803	0.723867	0
4.28166	0.00509351	42.9791	0.709143	0
4.27083	0.00513152	40.8703	0.705719	0
4.26724	0.00512558	41.3891	0.690653	0
4.27505	0.00514955	42.6778	0.717361	0
4.26996	0.00489425	41.3054	0.706062	0
4.26878	0.00502043	41.9582	0.711883	0
4.27139	0.00501246	42.6276	0.712568	0
4.26275	0.00513897	41.2552	0.70435	0
4.2634	0.005173	41.9079	0.688941	0
4.26976	0.00512153	42.3598	0.703322	0
4.26604	0.00508875	41.2218	0.688256	0
4.27184	0.00502814	43.8494	0.714965	0
4.27559	0.00505864	42.5272	0.721813	0
4.26262	0.00497399	41.9749	0.700241	0
4.26066	0.00498059	40.6527	0.702295	0
4.26784	0.00495022	40.7197	0.698186	0
4.26499	0.00510462	41.0377	0.703665	0
4.26429	0.00514955	41.841	0.715649	0
4.26749	0.00514929	42.9121	0.702638	0
4.26589	0.00509273	42.9791	0.70161	0
4.26258	0.00504682	42.4603	0.710856	0
4.25764	0.00502435	41.3556	0.709486	0
4.25439	0.00506843	41.4393	0.703322	0
4.25114	0.00494003	40.3849	0.698529	0
4.25402	0.00501867	42.477	0.713252	0
4.26158	0.00513603	41.7573	0.698186	0
4.25289	0.00525372	41.3054	0.713937	0
4.24305	0.00498301	40.3347	0.69168	0
4.24164	0.00493611	40.7699	0.70435	0
4.24221	0.00492873	40.6025	0.711198	0
4.23691	0.00485167	40.1841	0.696132	0
4.24203	0.00490653	41.0711	0.709143	0
4.25609	0.00508045	42.3096	0.718389	0
4.24433	0.00492344	41.4895	0.698529	0
4.23154	0.0047505	40.7699	0.690311	0
4.24044	0.00479798	40.7699	0.687914	0
4.24651	0.00503833	40.887	0.691338	0
4.23823	0.00504375	39.8159	0.70161	0
4.23185	0.00482136	41.0209	0.696474	0
4.23723	0.00501338	41.0544	0.72147	0
4.24838	0.0050269	40.9205	0.681408	0
4.24713	0.00495969	41.3724	0.70298	0
4.234	0.00487642	40.3849	0.680381	0
4.23463	0.00485337	39.9331	0.675587	0
4.23637	0.00488308	41.2887	0.699556	0
4.22958	0.00487629	39.9498	0.691338	0
4.23395	0.00473607	40.6695	0.692023	0
4.2335	0.00491842	40.7029	0.704692	0
4.22228	0.00489236	39.0962	0.689283	0
4.23171	0.00499359	40.8368	0.713937	0
4.23697	0.00491097	41.4895	0.700925	0
4.23024	0.00487087	39.7657	0.687229	0
4.22953	0.0049079	40.7197	0.701953	0
4.2307	0.00500097	40.3682	0.698186	0
4.22743	0.004961	40.7197	0.695789	0
4.22701	0.00487152	40.1841	0.696474	0
4.226	0.00499914	40	0.692365	0
4.23078	0.00490594	40.9372	0.709143	0
4.22854	0.00510057	39.8326	0.688599	0
4.21896	0.00493435	39.682	0.708116	0
4.21967	0.00483625	39.5481	0.683805	0
4.21978	0.0048006	39.3138	0.695447	0
4.22542	0.00492723	40.5188	0.690995	0
4.2297	0.00488909	39.1297	0.674902	0
4.22043	0.00488184	40.3682	0.688599	0
4.22203	0.00499986	41.3054	0.698186	0
4.2212	0.00484089	39.2469	0.68449	0
4.21745	0.00493918	40.4854	0.715992	0
4.21881	0.00488151	40.318	0.698186	0
4.21811	0.00491528	38.9456	0.694762	0
4.21509	0.00488067	40.0837	0.703322	0
4.21369	0.00497576	39.3975	0.682777	0
4.20911	0.00485428	39.8326	0.693735	0
4.21523	0.00491456	39.9833	0.700925	0
4.21907	0.00492671	38.8452	0.691338	0
4.20764	0.00485121	38.0251	0.675929	0
4.21509	0.00490777	41.272	0.697159	0
4.22106	0.00483684	39.9163	0.691338	0
4.20919	0.00479694	39.0293	0.695447	0
4.20834	0.00491038	38.5607	0.681065	0
4.21424	0.00485258	39.6318	0.693735	0
4.20939	0.00492828	40.1339	0.693735	0
4.21158	0.00482378	39.1297	0.686886	0
4.21759	0.00491828	39.4979	0.700583	0
4.21153	0.00504505	40.3013	0.694077	0
4.21021	0.00495087	40.2008	0.68449	0
4.21549	0.00489445	40.3013	0.705034	0
4.21087	0.00476912	40.0837	0.701268	0
4.20832	0.00488811	40.2008	0.690995	0
4.20717	0.00483887	39.1799	0.684832	0
4.20782	0.00492723	39.5983	0.686202	0
4.21227	0.00492789	39.5481	0.687229	0
4.21221	0.00480536	40.4351	0.70298	0
4.21219	0.00483671	39.9665	0.672847	0
4.21489	0.00491241	39.0962	0.680381	0
4.21107	0.00500574	39.9498	0.693735	0
4.20665	0.00497158	38.8285	0.680723	0
4.21129	0.00494186	39.5983	0.688599	0
4.21286	0.00478342	40.7866	0.698529	0
4.20763	0.00477245	38.9121	0.683462	0
4.20276	0.00474293	38.5439	0.684147	0
4.20467	0.00482933	38.728	0.694077	0
4.21141	0.00487035	40.1339	0.682093	0
4.20539	0.00484043	38.2594	0.682435	0
4.19945	0.00491404	39.7992	0.70298	0
4.2054	0.00496668	38.7448	0.68312	0
4.19856	0.00482417	39.2971	0.687229	0
4.19907	0.00499104	39.1297	0.689626	0
4.20469	0.00487165	38.728	0.70435	0
4.19955	0.0048727	39.6987	0.694077	0
4.20384	0.0048134	40.3682	0.685517	0
4.20647	0.00472869	38.9791	0.693735	0
4.20058	0.00498412	39.4812	0.690653	0
4.20743	0.00491548	40.7531	0.70298	0
4.21367	0.00484527	40.887	0.70161	0
4.20313	0.00490947	39.2134	0.676614	0
4.1963	0.00481914	39.4142	0.697159	0
4.20116	0.00470341	40.1339	0.688941	0
4.1959	0.00479668	38.8787	0.698529	0
4.19807	0.00483639	40.0502	0.697844	0
4.20857	0.00497857	39.2803	0.688941	0
4.20221	0.00505028	39.3305	0.692365	0
4.19984	0.00482561	39.1632	0.690653	0
4.20704	0.00488589	39.364	0.69305	0
4.20178	0.00476983	39.6485	0.689626	0
4.19627	0.00481842	39.431	0.690653	0
4.19927	0.00464196	40.0669	0.680381	0
4.19793	0.00468121	38.9791	0.689283	0
4.19539	0.00481509	39.0628	0.675244	0
4.19653	0.00476709	38.6611	0.682435	0
4.19528	0.00476193	39.0962	0.674902	0
4.19654	0.00462974	39.113	0.690995	0
4.19639	0.00470139	39.113	0.69305	0
4.19655	0.00488752	39.5481	0.687229	0
4.19739	0.00478557	38.0251	0.676614	0
4.19965	0.0048132	39.1464	0.690653	0
4.20447	0.00486512	40.2008	0.70435	0
4.19975	0.00478734	39.8159	0.685174	0
4.19584	0.00491613	39.7824	0.686202	0
4.19787	0.00489771	39.1464	0.684832	0
4.19428	0.00485062	38.728	0.690995	0
4.19558	0.00468095	39.5146	0.689283	0
4.19433	0.00481144	39.0293	0.682435	0
4.197	0.00484657	40.251	0.701268	0
4.19915	0.00489536	38.8787	0.698529	0
4.19573	0.00475599	38.2092	0.672505	0
4.19475	0.00483423	39.5314	0.686202	0
4.1974	0.00489837	39.9498	0.683805	0
4.19295	0.0048808	38.6276	0.688941	0
4.18952	0.00489536	37.7908	0.685174	0
4.19554	0.00481104	40.7029	0.680723	0
4.19733	0.0046703	38.795	0.686886	0
4.19558	0.0048164	40.0837	0.705719	0
4.19646	0.00483495	40.887	0.692365	0
4.19201	0.00495701	38.8619	0.686202	0
4.19453	0.0048953	39.8494	0.70435	0
4.19787	0.00481503	39.3305	0.689626	0
4.19051	0.0047633	39.1464	0.696132	0
4.18512	0.00478819	38.3598	0.682435	0
4.19322	0.00477695	40.1339	0.692708	0
4.19269	0.00487342	38.7782	0.679696	0
4.18612	0.00478538	39.1297	0.672163	0
4.19719	0.0048371	39.4477	0.696132	0
4.19707	0.00476683	38.5774	0.686544	0
4.18845	0.00481281	38.4268	0.679696	0
4.19065	0.00478381	39.1799	0.684832	0
4.19398	0.00476983	38.9289	0.69442	0
4.1897	0.00481764	38.3431	0.677299	0
4.19269	0.00483802	39.7824	0.707774	0
4.19358	0.00476787	39.1632	0.664629	0
4.19041	0.0048454	39.4142	0.697501	0
4.19358	0.00487858	38.7113	0.680038	0
4.19607	0.00502187	39.8326	0.706747	0
4.19444	0.00486741	39.749	0.676956	0
4.18785	0.00476513	38.0418	0.675587	0
4.18387	0.00481424	38.477	0.677299	0
4.18818	0.00483834	39.6485	0.70298	0
4.19011	0.00472817	37.9582	0.676956	0
4.19268	0.0048226	39.2803	0.692708	0
4.19476	0.00497543	38.3598	0.685859	0
4.19052	0.00484109	38.4603	0.676614	0
4.1911	0.00474534	39.1967	0.684832	0
4.19599	0.00488106	39.6485	0.687571	0
4.18989	0.00465541	39.0795	0.687229	0
4.18655	0.0048836	38.3096	0.689283	0
4.20038	0.00483501	39.3808	0.698871	0
4.19873	0.00488145	39.2134	0.686202	0
4.1888	0.00494258	39.1464	0.695447	0
4.18665	0.00479459	38.8619	0.684832	0
4.1817	0.0047249	39.5146	0.69305	0
4.18744	0.00489961	39.8159	0.704692	0
4.18692	0.00483606	37.9749	0.678668	0
4.1883	0.00485911	38.5607	0.687229	0
4.19646	0.00475083	40.1004	0.676956	0
4.19421	0.00495414	39.6151	0.698186	0
4.1886	0.00465097	39.6653	0.681065	0
4.19325	0.00487368	39.1632	0.686202	0
4.19692	0.00482104	39.7657	0.68312	0
4.1921	0.00486538	39.9665	0.700241	0
4.191	0.00486564	38.9121	0.688256	0
4.18776	0.00477682	39.0962	0.685517	0
4.18556	0.00482835	38.6276	0.685517	0
4.19156	0.00478022	38.8452	0.677984	0
4.18907	0.00485395	39.0628	0.675244	0
4.18988	0.0048467	39.6485	0.685859	0
4.18939	0.00490653	38.3431	0.692708	0
4.18188	0.00468669	38.2594	0.697844	0
4.18766	0.00490757	38.4435	0.682435	0
4.1902	0.00500534	39.682	0.703322	0
4.18523	0.00486447	39.4477	0.706404	0
4.18771	0.00487224	38.4603	0.674217	0
4.18724	0.00477845	39.364	0.685174	0
4.18106	0.00484631	38.1757	0.676956	0
4.18106	0.00478061	39.2301	0.688941	0
4.18334	0.00482202	39.046	0.692708	0
4.18224	0.0048294	38.8787	0.692708	0
4.1817	0.00478244	38.7113	0.678326	0
4.18756	0.00479256	38.7113	0.695447	0
4.19025	0.00488406	38.5105	0.680723	0
4.18739	0.00487309	39.3473	0.679353	0
4.18285	0.00485663	38.7782	0.683462	0
4.18551	0.00489092	39.364	0.688941	0
4.18724	0.0049258	38.9623	0.707774	0
4.18739	0.004781	40.2343	0.697159	0
4.18691	0.00487838	39.1297	0.698186	0
4.1802	0.00479485	38.8452	0.68175	0
4.16957	0.00471445	36.9205	0.680038	0
4.17374	0.004582	39.2971	0.679696	0
4.18563	0.00474893	38.728	0.698529	0
4.18264	0.00483227	39.364	0.705034	0
4.17913	0.00467291	39.4644	0.676614	0
4.18446	0.00476402	39.113	0.679011	0
4.18571	0.00478512	38.9121	0.690311	0
4.18347	0.00489765	38.6444	0.686886	0
4.18104	0.00480876	39.2301	0.681408	0
4.18854	0.00472072	39.2301	0.695447	0
4.19218	0.0048439	39.0293	0.676956	0
4.18508	0.00470374	39.8159	0.701268	0
4.18009	0.00480007	38.4937	0.695447	0
4.18397	0.00488282	39.113	0.686544	0
4.18809	0.00472	38.9289	0.689283	0
4.18596	0.00486871	38.3766	0.697159	0
4.17873	0.00489784	38.4603	0.673532	0
4.18232	0.00474946	39.0628	0.687571	0
4.18714	0.00479726	39.1297	0.697159	0
4.18227	0.00474234	39.046	0.680723	0
4.1826	0.00480536	38.0586	0.682777	0
4.18471	0.00482528	38.2092	0.674902	0
4.18125	0.00474652	39.5314	0.684147	0
4.18516	0.00487662	38.9456	0.699213	0
4.18864	0.00472777	38.6109	0.667369	0
4.18218	0.00476637	39.046	0.674902	0
4.17901	0.00475357	37.9079	0.678668	0
4.18079	0.00477584	40.0335	0.710171	0
4.18347	0.00473189	39.5983	0.683462	0
4.17894	0.00476618	38.6276	0.68449	0
4.17348	0.00480177	37.8075	0.661205	0
4.18325	0.00467389	38.8954	0.688256	0
4.18694	0.004826	39.3808	0.683462	0
4.18241	0.00472177	38.7113	0.675244	0
4.17992	0.00494813	39.3305	0.707431	0
4.17526	0.0047219	38.5439	0.678668	0
4.18063	0.0048196	38.6946	0.691338	0
4.19149	0.00479413	39.2803	0.670793	0
4.18405	0.00477761	39.6151	0.693735	0
4.1769	0.00481483	38.6778	0.675244	0
4.18281	0.00475253	38.8954	0.695104	0
4.18463	0.00483247	39.0962	0.692365	0
4.18239	0.00479524	38.8787	0.690995	0
4.18087	0.00482012	39.113	0.695789	0
4.17856	0.00469277	40.0167	0.689626	0
4.17779	0.00481072	38.5105	0.680723	0
4.17296	0.00466266	37.5397	0.674559	0
4.17419	0.00463699	39.0628	0.685517	0
4.18151	0.00480099	38.9623	0.683805	0
4.17971	0.00474025	39.113	0.68449	0
4.1782	0.00477734	38.3766	0.688256	0
4.17629	0.00478035	38.8285	0.677984	0
4.17349	0.00478126	38.5774	0.694077	0
4.17702	0.00472372	38.1423	0.682093	0
4.18125	0.00481764	38.8787	0.694077	0
4.17759	0.00478146	37.8912	0.687571	0
4.17612	0.00480347	38.0586	0.677299	0
4.17815	0.00482019	38.4937	0.681408	0
4.17855	0.00490686	38.8787	0.70298	0
4.17865	0.00486826	39.3473	0.682777	0
4.17901	0.00476781	38.5272	0.685174	0
4.18174	0.00480458	39.7657	0.677984	0
4.18077	0.00482607	38.9791	0.675587	0
4.18067	0.00486486	39.4142	0.695104	0
4.18319	0.00491424	38.4937	0.685859	0
4.18465	0.00472092	40.0837	0.679696	0
4.18319	0.00479335	39.4812	0.685174	0
4.17778	0.0047249	38.2092	0.687914	0
4.18132	0.00472281	38.6611	0.685174	0
4.19134	0.00483684	39.8326	0.688256	0
4.18347	0.00467703	38.6444	0.673532	0
4.16728	0.0047042	37.8745	0.668738	0
4.17428	0.00479354	38.7782	0.694077	0
4.18381	0.00483508	38.8954	0.689968	0
4.17444	0.00480575	38.0753	0.686886	0
4.17207	0.00468709	38.4937	0.685174	0
4.17781	0.00483175	37.9079	0.686886	0
4.17919	0.00488583	39.682	0.690653	0
4.17213	0.00463569	37.8912	0.679696	0
4.16888	0.00470361	38.6276	0.676614	0
4.18233	0.00478655	38.5272	0.673875	0
4.18589	0.00487557	39.0628	0.686202	0
4.17718	0.00479785	38.4435	0.674902	0
4.17347	0.00470746	38.3598	0.67182	0
4.18232	0.00470994	39.2971	0.687914	0
4.18241	0.00491084	38.0084	0.685859	0
4.17263	0.00485911	38.6778	0.683462	0
4.17647	0.00490346	38.7782	0.703322	0
4.17858	0.00483286	38.6109	0.686544	0
4.17544	0.00477042	38.4937	0.689626	0
4.17831	0.00483475	39.4477	0.683805	0
4.17834	0.00472614	39.113	0.674217	0
4.17971	0.00485115	39.0795	0.69168	0
4.18245	0.00470531	38.4937	0.683462	0
4.18039	0.00476853	38.3933	0.665314	0
4.18511	0.00488315	38.7113	0.690311	0
4.18557	0.00482215	39.2971	0.675244	0
4.17522	0.00474299	39.113	0.695789	0
4.17315	0.00477859	38.6444	0.686202	0
4.17253	0.00471478	38.0586	0.68175	0
4.17313	0.00477075	38.5607	0.675244	0
4.17957	0.00485924	39.3305	0.704692	0
4.17922	0.00491064	38.2762	0.69442	0
4.17656	0.00481568	37.0879	0.686544	0
4.17493	0.00483945	39.6485	0.698186	0
4.17592	0.00488498	38.3766	0.675244	0
4.18008	0.00481392	38.728	0.678326	0
4.18195	0.00479197	38.3933	0.673532	0
4.17412	0.00469029	38.3264	0.666341	0
4.16622	0.0046897	37.5397	0.675587	0
4.17144	0.00486453	37.8075	0.688599	0
4.179	0.00490477	39.2636	0.694077	0
4.17709	0.00482456	37.9414	0.66326	0
4.17284	0.00479635	38.6276	0.682435	0
4.17963	0.0048213	38.2092	0.669081	0
4.17997	0.00479694	38.6444	0.688941	0
4.17005	0.00480935	38.0084	0.685859	0
4.17444	0.00487975	39.2971	0.69442	0
4.17929	0.0046961	39.1464	0.68449	0
4.17808	0.0048695	38.9791	0.680723	0
4.17516	0.00474077	39.364	0.676614	0
4.17116	0.0048226	36.887	0.672505	0
4.17323	0.00478747	38.6109	0.680723	0
4.17933	0.00494748	39.3975	0.68449	0
4.17854	0.00479126	38.4937	0.680381	0
4.17095	0.00467324	38.477	0.675244	0
4.17055	0.00471732	38.1925	0.679353	0
4.17447	0.00493233	38.4435	0.679353	0
4.1765	0.00494121	38.4268	0.691338	0
4.18141	0.00486349	39.1799	0.696817	0
4.18253	0.0048469	38.7113	0.68312	0
4.16993	0.00478917	38.3933	0.682777	0
4.17387	0.00471876	39.8159	0.686886	0
4.18775	0.00471719	39.7155	0.675929	0
4.18321	0.00473574	39.8661	0.695789	0
4.17189	0.00468095	38.9289	0.682777	0
4.17498	0.00490372	38.1757	0.69168	0
4.17769	0.00488942	38.1088	0.686202	0
4.17634	0.0047409	39.5816	0.705719	0
4.17543	0.00468806	38.5439	0.692365	0
4.17596	0.00471112	38.8954	0.695789	0
4.17867	0.00480007	39.2636	0.689968	0
4.17223	0.00483096	37.8243	0.675244	0
4.17286	0.00486447	38.4603	0.68312	0
4.17451	0.00466024	37.5063	0.676956	0
4.16713	0.00468806	38.9791	0.673532	0
4.17306	0.00490966	38.3096	0.673532	0
4.18174	0.00471536	39.3808	0.698529	0
4.17576	0.00479348	38.5941	0.685517	0
4.17507	0.00486316	39.1464	0.698186	0
4.18202	0.00477264	39.6653	0.675244	0
4.18044	0.00478022	38.7615	0.672163	0
4.17112	0.00481059	37.1213	0.662232	0
4.17359	0.00478479	38.9623	0.68175	0
4.18124	0.00473339	39.2134	0.678326	0
4.17512	0.00466906	38.2427	0.677984	0
4.16841	0.00472614	38.728	0.662917	0
4.16925	0.00471948	38.4603	0.69305	0
4.17533	0.00480902	39.3138	0.687571	0
4.17409	0.00465743	37.8243	0.69168	0
4.172	0.00474012	38.8619	0.681065	0
4.17902	0.00475449	38.477	0.677299	0
4.17625	0.0047249	39.0628	0.670108	0
4.17472	0.00473365	38.3766	0.685174	0
4.17651	0.00477356	38.8954	0.683805	0
4.17603	0.00484363	38.477	0.681065	0
4.17828	0.00479243	38.6611	0.680723	0
4.17411	0.00477689	38.1757	0.691338	0
4.17142	0.00481614	38.0753	0.678326	0
4.17383	0.0046914	38.41	0.670793	0
4.16984	0.00468402	38.3933	0.661548	0
4.1754	0.00479191	38.0251	0.679353	0
4.17562	0.00485271	38.4435	0.68312	0
4.16831	0.00474848	37.9247	0.682435	0
4.17621	0.00476487	37.8075	0.682435	0
4.18487	0.00480967	39.6485	0.69305	0
4.17573	0.00475925	37.841	0.663602	0
4.17039	0.00465508	38.477	0.668396	0
4.16756	0.00483358	37.4226	0.697159	0
4.17104	0.00482149	38.8954	0.686544	0
4.17632	0.00484403	38.6778	0.701268	0
4.17155	0.00474129	37.9079	0.684147	0
4.17496	0.00484207	38.1255	0.700583	0
4.17991	0.00491508	38.1925	0.685517	0
4.1767	0.00492664	38.4937	0.688256	0
4.17531	0.00476141	38.2594	0.663945	0
4.17388	0.0047588	37.841	0.685174	0
4.17511	0.00477421	38.8619	0.689968	0
4.17587	0.00486355	38.7448	0.692023	0
4.17808	0.00477186	38.9121	0.687571	0
4.18533	0.00477767	39.113	0.674902	0
4.17487	0.00478401	37.4226	0.685174	0
4.16439	0.00471132	37.3891	0.674902	0
4.17649	0.0047217	38.4435	0.683805	0
4.1805	0.00479217	37.8577	0.68312	0
4.17534	0.00476232	38.9791	0.669766	0
4.17706	0.00475338	39.2636	0.689626	0
4.17701	0.00484977	38.9623	0.697844	0
4.175	0.00485232	38.6946	0.689968	0
4.16802	0.00489157	37.205	0.673532	0
4.16293	0.00479877	39.3975	0.683462	0
4.17689	0.00482541	37.8243	0.679011	0
4.18153	0.00472993	38.0418	0.68175	0
4.17606	0.00476062	39.1967	0.678668	0
4.18306	0.00493625	40.0837	0.686886	0
4.17914	0.00484879	38.1088	0.676272	0
4.16929	0.00476291	38.4937	0.69442	0
4.17525	0.00480556	38.3264	0.671135	0
4.17646	0.00468532	37.0711	0.664287	0
4.17308	0.00476507	38.5105	0.671478	0
4.17706	0.00485036	39.2134	0.698186	0
4.17881	0.00480412	38.6109	0.679696	0
4.17383	0.00471105	38.7782	0.692708	0
4.17148	0.00477663	38.5272	0.683462	0
4.17973	0.00491574	38.477	0.680038	0
4.18653	0.00484109	39.0628	0.682093	0
4.17892	0.00487211	38.5774	0.678326	0
4.16865	0.00471327	37.59	0.675244	0
4.16866	0.00455326	38.1255	0.680381	0
4.17607	0.00468134	38.5105	0.686886	0
4.17814	0.00482084	37.7406	0.688599	0
4.17433	0.00474586	38.477	0.696132	0
4.17366	0.00475658	37.1381	0.672163	0
4.1828	0.00487662	39.1464	0.691338	0
4.18194	0.00471856	38.4937	0.687914	0
4.17377	0.0048339	39.2636	0.675587	0
4.17903	0.00481046	39.2971	0.681408	0
4.17777	0.00489059	37.6234	0.68312	0
4.17074	0.00466005	38.5272	0.692708	0
4.17394	0.00485794	38.9958	0.686544	0
4.17333	0.00480745	38.3096	0.701953	0
4.17069	0.0047311	37.5732	0.677299	0
4.17065	0.00479321	38.8787	0.67182	0
4.17055	0.00483736	36.8368	0.662575	0
4.18098	0.00479178	39.9163	0.685174	0
4.18588	0.00472777	39.3138	0.692023	0
4.17229	0.00470576	37.7238	0.677641	0
4.17262	0.00476964	38.1255	0.670108	0
4.17468	0.00481967	38.3933	0.698186	0
4.16316	0.00477369	37.0042	0.661205	0
4.16939	0.00481699	39.113	0.686544	0
4.18119	0.00467951	39.1297	0.680038	0
4.17347	0.00485382	37.9079	0.688599	0
4.16873	0.0048181	37.7238	0.688256	0
4.17383	0.00476213	37.9247	0.677299	0
4.17292	0.00478342	37.5397	0.678326	0
4.1752	0.00482541	39.431	0.702638	0
4.18069	0.00486401	38.7615	0.69305	0
4.1751	0.00485533	38.2092	0.68175	0
4.16767	0.00474724	37.3891	0.683805	0
4.17162	0.00476428	38.5941	0.689968	0
4.17628	0.00473809	39.1632	0.672847	0
4.17637	0.00474025	39.7992	0.689283	0
4.17522	0.00476559	39.3305	0.689626	0
4.17357	0.00467128	37.6234	0.677299	0
4.17138	0.00467082	39.0628	0.689968	0
4.17393	0.00482208	37.272	0.689626	0
4.17982	0.00481033	39.2971	0.685174	0
4.17732	0.00485617	38.1088	0.68312	0
4.17318	0.00476676	38.1925	0.686886	0
4.17495	0.0048309	38.5774	0.68312	0
4.17874	0.00470596	38.2259	0.68312	0
4.17731	0.00479139	39.1967	0.692023	0
4.17399	0.00492233	38.6611	0.68312	0
4.17317	0.00478721	38.795	0.68175	0
4.17537	0.00468402	39.113	0.67319	0
4.17662	0.00484925	37.5565	0.689626	0
4.17228	0.00464235	38.41	0.675244	0
4.17092	0.00475775	37.3724	0.660863	0
4.18015	0.00487133	39.431	0.689283	0
4.18222	0.00470067	38.5105	0.685517	0
4.18046	0.0048149	38.9791	0.679011	0
4.18201	0.00484775	39.2134	0.699213	0
4.17597	0.00491117	38.7448	0.676272	0
4.1721	0.00471713	39.431	0.68449	0
4.17915	0.00480974	38.9623	0.67045	0
4.18015	0.00474795	38.2092	0.67182	0
4.17663	0.0047729	38.8619	0.69168	0
4.17462	0.00477702	37.8075	0.684147	0
4.17333	0.0048885	38.4435	0.684832	0
4.16977	0.0047377	38.2259	0.685859	0
4.17071	0.00466775	37.7238	0.673875	0
4.17593	0.00483723	37.7238	0.677299	0
4.16975	0.00469264	38.3096	0.668054	0
4.16788	0.00475044	38.5607	0.683805	0
4.17779	0.00470929	37.9079	0.694762	0
4.17332	0.00472235	38.2092	0.673532	0
4.17199	0.00462308	39.2134	0.695789	0
4.17548	0.0046272	37.9749	0.665999	0
4.17593	0.00479393	39.364	0.692023	0
4.17639	0.0046622	38.4603	0.673875	0
4.17291	0.00469923	38.5272	0.702295	0
4.17351	0.0047891	37.5063	0.681408	0
4.17625	0.00474906	39.0126	0.695104	0
4.17592	0.00470766	38.9289	0.70435	0
4.17865	0.00481222	39.1464	0.687229	0
4.17863	0.00473744	38.2092	0.696474	0
4.17376	0.00481189	38.8619	0.68449	0
4.17523	0.00483998	38.4435	0.688599	0
4.17558	0.00475168	38.0586	0.688941	0
4.17556	0.00479811	38.0251	0.672505	0
4.18147	0.00493056	39.3975	0.692365	0
4.18376	0.00492403	37.5732	0.682777	0
4.17627	0.00482848	37.9916	0.681065	0
4.17068	0.00468317	38.0586	0.672163	0
4.17624	0.00471732	38.8787	0.67319	0
4.17972	0.0048211	38.6444	0.665314	0
4.17096	0.0047008	38.5105	0.68449	0
4.17035	0.00469525	37.9749	0.673875	0
4.17522	0.00472327	38.0084	0.685174	0
4.16873	0.0048548	37.6234	0.686544	0
4.16673	0.00478427	37.523	0.689626	0
4.17325	0.00474495	37.8243	0.675244	0
4.1735	0.00458063	38.477	0.674902	0
4.1761	0.00484899	37.9079	0.68312	0
4.18009	0.00493572	38.3933	0.682777	0
4.18005	0.00476552	38.0921	0.684147	0
4.17872	0.00482149	38.7113	0.688941	0
4.17674	0.00487178	37.6736	0.679696	0
4.17309	0.00482065	39.3473	0.694077	0
4.17029	0.00467879	37.3724	0.669766	0
4.17477	0.0047023	38.3598	0.69305	0
4.1779	0.00477303	38.4268	0.691338	0
4.17776	0.00486022	38.7615	0.691338	0
4.17372	0.00482378	38.2594	0.677641	0
4.17509	0.00478512	38.7448	0.690653	0
4.18651	0.00474247	38.7113	0.692365	0
4.18871	0.00492913	38.4435	0.695104	0
4.18085	0.00495421	37.7573	0.682435	0
4.17734	0.0047298	38.1757	0.677641	0
4.17823	0.0048471	37.7908	0.675587	0
4.17848	0.00465698	39.3473	0.668738	0
4.17264	0.00475873	38.3096	0.696817	0
4.168	0.00472268	37.5397	0.666341	0
4.17377	0.00478218	39.1967	0.682093	0
4.17617	0.00481784	38.5774	0.686544	0
4.17329	0.0047953	38.1423	0.683805	0
4.17483	0.00476356	38.0586	0.677984	0
4.17473	0.00478407	37.4561	0.680723	0
4.17807	0.00465763	39.9331	0.69168	0
4.18012	0.00471732	38.0586	0.682435	0
4.17192	0.00478244	38.2259	0.681408	0
4.16793	0.00463471	37.9916	0.689283	0
4.17119	0.00478381	37.8075	0.674902	0
4.17886	0.00485846	38.477	0.689626	0
4.17453	0.00472614	37.9916	0.677984	0
4.17038	0.00461008	38.0753	0.669081	0
4.17992	0.00490333	37.6904	0.675587	0
4.17869	0.00473829	38.8452	0.675929	0
4.17796	0.00484324	38.0084	0.681065	0
4.18364	0.0048708	39.1464	0.686544	0
4.17843	0.00476657	37.6402	0.683805	0
4.17812	0.00481013	39.5983	0.677984	0
4.17937	0.00478806	37.3389	0.680038	0
4.17416	0.00487779	38.6611	0.689283	0
4.17588	0.00459088	38.1925	0.684147	0
4.17538	0.00472764	37.1883	0.679353	0
4.17655	0.00470243	38.5607	0.695789	0
4.18025	0.0048164	38.6611	0.683462	0
4.17665	0.00479726	38.3598	0.684832	0
4.17846	0.00473992	37.9079	0.662232	0
4.18182	0.00473875	38.8285	0.668738	0
4.18494	0.0048358	39.0628	0.69168	0
4.1844	0.00479713	39.046	0.682435	0
4.1793	0.00477297	38.795	0.697159	0
4.17425	0.00479498	38.5439	0.68312	0
4.17542	0.00482117	38.3431	0.668396	0
4.18017	0.00484834	37.9582	0.678668	0
4.18362	0.00491104	39.0795	0.692023	0
4.18244	0.0048518	37.841	0.689968	0
4.17941	0.00472699	37.8912	0.678326	0
4.1775	0.00470119	37.5397	0.67045	0
4.18117	0.00482143	38.3598	0.686544	0
4.18203	0.00474149	38.5774	0.681065	0
4.17725	0.0046735	38.7448	0.680038	0
4.17856	0.00491273	38.6109	0.706404	0
4.18324	0.00470831	38.9121	0.679011	0
4.18436	0.00475912	38.2427	0.690311	0
4.18338	0.00483188	38.7782	0.68175	0
4.18825	0.00495323	39.5146	0.695447	0
4.1854	0.00467716	37.6569	0.675244	0
4.17299	0.00474991	37.0544	0.680038	0
4.17525	0.0047908	38.3096	0.662232	0
4.18032	0.0047569	38.1757	0.68312	0
4.18194	0.00482189	38.2427	0.690653	0
4.18017	0.00476696	37.2552	0.671135	0
4.18216	0.00487355	39.4979	0.714622	0
4.18491	0.0049657	38.7782	0.690653	0
4.18137	0.00471007	38.2427	0.688941	0
4.18068	0.00481359	37.6904	0.686202	0
4.18207	0.00490653	38.7113	0.68175	0
4.18456	0.00486369	38.4268	0.687914	0
4.18207	0.00486114	39.046	0.690995	0
4.18055	0.00479824	37.1381	0.675587	0
4.18125	0.00473489	37.5397	0.674217	0
4.1819	0.00481862	38.1925	0.68175	0
4.18441	0.00477891	39.0293	0.688599	0
4.17863	0.00475965	38.2427	0.676272	0
4.1796	0.00479217	38.6778	0.676272	0
4.18991	0.00482097	39.6318	0.690311	0
4.18277	0.00478492	37.5565	0.682777	0
4.1783	0.00467363	38.7448	0.68175	0
4.18394	0.00468323	38.5607	0.666684	0
4.17879	0.00473359	38.1925	0.703665	0
4.17959	0.00493096	38.6109	0.688256	0
4.18529	0.00486401	38.9289	0.693392	0
4.18389	0.00475161	38.9623	0.67045	0
4.18208	0.00477826	38.5105	0.676956	0
4.1829	0.00482972	37.3556	0.69168	0
4.18115	0.00493579	38.5272	0.690653	0
4.17872	0.00482626	38.8117	0.694077	0
4.17828	0.00484755	37.1548	0.68175	0
4.17311	0.00479557	36.6192	0.673532	0
4.17594	0.00478753	38.9456	0.675587	0
4.18138	0.00468989	38.2762	0.687571	0
4.17403	0.00481242	38.3431	0.687914	0
4.17381	0.00472568	37.8745	0.68449	0
4.18425	0.00487511	38.4268	0.679696	0
4.18202	0.00472725	37.8243	0.676614	0
4.17752	0.00467664	38.1757	0.664629	0
4.18025	0.00477996	38.0586	0.69305	0
4.17819	0.00468336	37.7741	0.669423	0
4.17227	0.00459506	37.6234	0.656754	0
4.17749	0.00480464	37.0209	0.684147	0
4.18764	0.004762	38.7782	0.677984	0
4.19324	0.0047343	39.6318	0.684832	0
4.19406	0.00482097	39.9498	0.694077	0
4.18602	0.00489536	38.3766	0.687571	0
4.17828	0.00487929	38.3096	0.686544	0
4.17575	0.00481457	37.1883	0.683462	0
4.18401	0.00481104	38.9623	0.677641	0
4.18822	0.00473019	39.0795	0.680723	0
4.17937	0.00484899	37.3724	0.672505	0
4.17728	0.00474338	39.5983	0.693392	0
4.17644	0.0046528	37.7741	0.669081	0
4.17405	0.00456012	37.6569	0.667026	0
4.18546	0.00466984	39.5983	0.698871	0
4.18354	0.00465495	38.6444	0.668396	0
4.17239	0.00462236	37.2887	0.662575	0
4.18129	0.00464672	38.7448	0.695104	0
4.18477	0.00473888	37.5732	0.678668	0
4.17676	0.00470563	37.7238	0.677299	0
4.18341	0.00471961	39.2469	0.681408	0
4.18211	0.004717	38.2762	0.68449	0
4.17216	0.00482698	37.9582	0.673875	0
4.1807	0.00489823	37.9247	0.683462	0
4.1846	0.00478113	37.6234	0.67045	0
4.18511	0.00477806	38.8954	0.704692	0
4.18663	0.00485284	38.4603	0.701268	0
4.18109	0.00488243	37.841	0.663602	0
4.18242	0.00472386	39.0126	0.686544	0
4.19235	0.00484631	38.2594	0.681408	0
4.18895	0.00475383	38.1757	0.685174	0
4.17949	0.00467121	38.5439	0.682435	0
4.18373	0.00479472	38.3766	0.683805	0
4.17762	0.00470191	38.1757	0.676614	0
4.16865	0.00464	36.7699	0.676272	0
4.17811	0.0047556	38.3766	0.686202	0
4.17761	0.00474077	37.5397	0.664972	0
4.17179	0.00470426	37.3222	0.685517	0
4.17642	0.00480053	37.4728	0.686544	0
4.17978	0.00473241	37.1381	0.672163	0
4.17606	0.0046447	37.4226	0.666341	0
4.17447	0.00464581	38.3431	0.663945	0
4.18115	0.00470714	38.2929	0.683462	0
4.18752	0.00478479	38.9121	0.693735	0
4.18622	0.00475436	38.5439	0.669423	0
4.18867	0.00468219	39.7657	0.697501	0
4.18563	0.00473208	37.1381	0.68175	0
4.17332	0.00471569	37.6402	0.672505	0
4.17919	0.00485199	38.5941	0.681408	0
4.18613	0.00477316	37.3556	0.651275	0
4.18339	0.00467063	37.3724	0.677299	0
4.18473	0.00476905	38.477	0.677984	0
4.18245	0.00474691	37.523	0.673532	0
4.18281	0.00478819	38.2594	0.695104	0
4.18549	0.00477917	37.6234	0.690995	0
4.17457	0.00469388	36.5356	0.67182	0
4.17884	0.00483194	37.4561	0.679696	0
4.18953	0.0048836	37.7071	0.674902	0
4.18202	0.00483554	38.6109	0.687229	0
4.18105	0.00478753	37.5063	0.674902	0
4.18668	0.00483384	38.3096	0.675929	0
4.1857	0.00478969	39.2803	0.689283	0
4.1844	0.0048277	38.2427	0.666684	0
4.18857	0.00475867	39.5649	0.695447	0
4.19028	0.00484977	38.3431	0.696474	0
4.18376	0.0047311	38.5607	0.686886	0
4.18753	0.00480334	38.2594	0.676614	0
4.19398	0.00485572	40.1841	0.700241	0
4.18861	0.00488328	36.9707	0.678668	0
4.19333	0.00473182	40.4351	0.661205	0
4.19663	0.00480856	38.8619	0.678668	0
4.18266	0.00477055	37.9079	0.688599	0
4.18181	0.004701	39.0126	0.678326	0
4.18538	0.0047283	37.5397	0.671135	0
4.18204	0.00472268	37.0544	0.66052	0
4.19193	0.0048503	39.2971	0.686886	0
4.19619	0.00484801	39.4812	0.692365	0
4.18441	0.00486042	38.0753	0.702295	0
4.18225	0.00482012	37.8243	0.655727	0
4.18932	0.00479321	37.9582	0.676614	0
4.18596	0.00475795	37.9749	0.69305	0
4.18635	0.00499163	38.5941	0.69168	0
4.18987	0.00471556	37.8912	0.678326	0
4.18787	0.00481248	38.8619	0.686202	0
4.18525	0.00470968	38.4937	0.696474	0
4.18796	0.00483684	38.8787	0.683805	0
4.18262	0.00480961	37.0711	0.676614	0
4.17488	0.00479413	37.5565	0.680723	0
4.18697	0.00490176	38.795	0.688256	0
4.19079	0.00476957	37.6067	0.67182	0
4.1766	0.00462106	36.954	0.662917	0
4.18006	0.00474456	38.4603	0.68175	0
4.18914	0.00468232	38.0084	0.670108	0
4.18886	0.00472862	39.0126	0.676614	0
4.18723	0.00479028	39.1799	0.688941	0
4.18486	0.00471145	38.159	0.662575	0
4.18116	0.00471602	37.4561	0.678668	0
4.18526	0.00475351	39.113	0.687571	0
4.19227	0.00486414	37.6736	0.673532	0
4.18876	0.00480327	38.4268	0.699213	0
4.18437	0.0048053	37.272	0.672505	0
4.18377	0.00480575	37.5732	0.677984	0
4.18815	0.00481294	39.2803	0.691338	0
4.18883	0.00475997	38.41	0.672847	0
4.18291	0.00467592	38.8285	0.672847	0
4.18228	0.00485781	37.5565	0.679353	0
4.18302	0.004752	37.6904	0.696817	0
4.18229	0.00473548	38.0418	0.676956	0
4.18567	0.0045662	37.7908	0.655042	0
4.1908	0.00482156	39.3473	0.699556	0
4.1878	0.00471772	37.3891	0.671478	0
4.1859	0.00473855	39.1464	0.68449	0
4.18701	0.00468611	38.3096	0.68449	0
4.18812	0.0048162	37.7573	0.67045	0
4.19484	0.00476219	39.1967	0.684832	0
4.19503	0.00471928	38.3766	0.671135	0
4.18677	0.00478864	38.1255	0.686202	0
4.18098	0.00466521	37.2385	0.684147	0
4.18585	0.00487198	37.6402	0.690311	0
4.18791	0.00488034	38.3933	0.694762	0
4.18944	0.00490274	37.8075	0.667026	0
4.18938	0.00466553	37.9749	0.687914	0
4.18697	0.00472679	37.9916	0.678326	0
4.18561	0.00479224	38.3598	0.682777	0
4.18274	0.00473574	37.9247	0.689968	0
4.18226	0.0048149	37.523	0.689283	0
4.1872	0.00474462	37.9079	0.681408	0
4.18958	0.00470328	38.3096	0.685517	0
4.18023	0.00475357	36.5523	0.680038	0
4.1842	0.00480595	38.4435	0.678326	0
4.19401	0.00476409	37.9916	0.683805	0
4.18203	0.00473032	37.1883	0.670108	0
4.17911	0.00471066	38.2259	0.685174	0
4.18627	0.00462981	37.1046	0.673532	0
4.18699	0.0048098	38.1088	0.693392	0
4.19022	0.00473522	38.6276	0.671135	0
4.19208	0.00480974	37.3389	0.676272	0
4.18957	0.00470034	37.8243	0.681065	0
4.1952	0.00484357	39.1799	0.693735	0
4.19134	0.00462288	38.1757	0.670108	0
4.18155	0.00472784	38.477	0.68449	0
4.18285	0.004691	37.9079	0.678668	0
4.18118	0.00466057	36.9874	0.683805	0
4.19014	0.00480641	38.9958	0.699556	0
4.20054	0.00481947	38.0753	0.679011	0
4.19249	0.00486251	37.9247	0.674217	0
4.18629	0.00476957	37.8745	0.676614	0
4.18249	0.0046543	37.9749	0.67319	0
4.18161	0.00477447	37.3724	0.687571	0
4.1929	0.00468486	38.7113	0.681408	0
4.19972	0.00472464	39.6151	0.699898	0
4.19318	0.00483808	37.7573	0.685174	0
4.18881	0.00485017	38.1757	0.669081	0
4.19414	0.0048036	38.0921	0.672505	0
4.18995	0.00471203	37.6904	0.672163	0
4.18951	0.00467827	38.6778	0.673875	0
4.18923	0.00466984	38.1757	0.692708	0
4.18523	0.00480941	38.0921	0.679696	0
4.1848	0.00471621	36.7029	0.668396	0
4.18629	0.00476703	38.2259	0.672847	0
4.18789	0.00469473	37.5063	0.665657	0
4.18933	0.0046272	37.6569	0.671135	0
4.18864	0.00455679	38.0084	0.689626	0
4.19	0.00461629	38.2762	0.702295	0
4.1869	0.00465156	37.0711	0.666684	0
4.18913	0.00474586	39.1967	0.678668	0
4.1868	0.00481875	37.4728	0.670793	0
4.18282	0.00479367	37.5732	0.677641	0
4.19537	0.00474168	38.5439	0.678668	0
4.19592	0.00472954	38.1925	0.686202	0
4.19051	0.00481882	39.0293	0.688599	0
4.19426	0.00470648	37.9582	0.694762	0
4.19161	0.00490575	37.9079	0.686544	0
4.18796	0.00484213	37.7741	0.679353	0
4.19615	0.00476441	39.046	0.678326	0
4.19582	0.00482163	38.5439	0.695104	0
4.1883	0.00475266	38.0586	0.680038	0
4.19295	0.00479041	38.3766	0.678668	0
4.19835	0.00478139	38.8787	0.665657	0
4.19594	0.00473639	38.1255	0.667711	0
4.19051	0.00486271	37.4561	0.680723	0
4.1838	0.004778	37.205	0.67319	0
4.18761	0.00481104	37.6234	0.688599	0
4.19093	0.00479119	37.2218	0.678326	0
4.19103	0.00479335	37.5063	0.669081	0
4.19749	0.00483841	38.6444	0.690311	0
4.19509	0.00476683	38.1757	0.670793	0
4.18964	0.00469192	38.41	0.680723	0
4.19818	0.00465391	40.318	0.694077	0
4.20496	0.00483175	39.0795	0.695447	0
4.19505	0.0048373	36.8536	0.654357	0
4.19209	0.00469068	38.0251	0.679353	0
4.1953	0.00468715	38.1925	0.69168	0
4.19602	0.00476689	39.2636	0.680723	0
4.19337	0.00480314	37.9916	0.690653	0
4.18663	0.00465678	37.5732	0.663602	0
4.18882	0.00472621	36.9038	0.677641	0
4.19314	0.00479491	38.8285	0.675929	0
4.19238	0.00465221	38.1423	0.696132	0
4.19129	0.00491953	37.4561	0.677641	0
4.18953	0.00469682	38.0753	0.687914	0
4.18934	0.00474031	37.6402	0.669766	0
4.19066	0.00479753	38.7448	0.685859	0
4.19113	0.00469303	36.4351	0.652645	0
4.18506	0.00459944	37.4561	0.673875	0
4.18432	0.00470387	37.4728	0.676956	0
4.19392	0.00469884	38.0586	0.672163	0
4.19229	0.00465495	37.5565	0.666341	0
4.19083	0.00467187	37.7071	0.691338	0
4.19802	0.00481085	38.9791	0.69305	0
4.18821	0.00465528	36.887	0.676614	0
4.18372	0.00463249	37.8745	0.684832	0
4.19273	0.00482097	39.0795	0.701268	0
4.18976	0.004762	37.0209	0.697501	0
4.18927	0.0047795	37.9414	0.68175	0
4.20297	0.00478499	38.3933	0.68449	0
4.20137	0.00479668	38.2594	0.699898	0
4.18938	0.00483567	38.3431	0.693392	0
4.19417	0.00467951	37.5565	0.671135	0
4.20592	0.00480804	39.3975	0.679011	0
4.1986	0.00471876	38.2259	0.679696	0
4.19113	0.00478845	38.6276	0.680723	0
4.20109	0.00489908	38.3598	0.675929	0
4.20356	0.00471079	37.7741	0.676272	0
4.19338	0.00471308	38.0418	0.678668	0
4.19523	0.00472229	38.0586	0.677299	0
4.20032	0.0047217	38.6611	0.678326	0
4.19818	0.00483181	37.7238	0.688256	0
4.19177	0.00480177	37.8745	0.695789	0
4.20184	0.00481829	39.9833	0.696474	0
4.20681	0.00486506	38.3933	0.680723	0
4.1928	0.00477088	37.9414	0.687914	0
4.19209	0.00463484	38.8285	0.688256	0
4.2027	0.00465456	39.364	0.681065	0
4.20143	0.00470583	38.6778	0.68175	0
4.19482	0.00482718	37.6904	0.685174	0
4.20367	0.00488067	38.8954	0.679696	0
4.20282	0.00474116	37.8745	0.674217	0
4.19344	0.00478446	37.0544	0.670793	0
4.19699	0.00479988	39.3808	0.694762	0
4.19637	0.00469558	38.2594	0.686886	0
4.19822	0.00470354	38.3264	0.674217	0
4.20668	0.00475573	37.7238	0.671478	0
4.20003	0.00464039	38.0251	0.67182	0
4.2017	0.00462922	39.2134	0.677984	0
4.20858	0.00471021	38.6778	0.684147	0
4.19848	0.00483201	38.5941	0.696132	0
4.18979	0.00483025	37.7406	0.696817	0
4.19333	0.00474711	36.5188	0.658124	0
4.19738	0.00473267	39.0126	0.682435	0
4.19433	0.00463353	37.523	0.674217	0
4.19506	0.00478597	38.7448	0.696817	0
4.20429	0.0046059	38.5105	0.686202	0
4.20981	0.00474247	39.3473	0.680381	0
4.19961	0.00473777	38.6946	0.675587	0
4.18907	0.00462145	37.8243	0.659836	0
4.19565	0.00471798	37.6234	0.694077	0
4.19601	0.00483142	38.4268	0.684147	0
4.19068	0.00475227	37.2218	0.670108	0
4.19463	0.00478832	37.3054	0.675587	0
4.20195	0.00481366	38.1925	0.688256	0
4.20596	0.00487871	38.477	0.689968	0
4.20176	0.00492919	37.5732	0.674559	0
4.19524	0.00483221	37.2887	0.673532	0
4.19304	0.00455333	37.8075	0.683805	0
4.19421	0.00478401	38.5941	0.674559	0
4.19944	0.00482456	37.2887	0.65333	0
4.20188	0.00490614	38.2594	0.676956	0
4.20113	0.00491874	37.6402	0.690995	0
4.20128	0.00473528	39.0628	0.679353	0
4.20391	0.0048499	37.841	0.690311	0
4.19627	0.00473594	38.4268	0.683805	0
4.19379	0.00471811	38.1088	0.683462	0
4.19459	0.00472706	38.0418	0.668738	0
4.19338	0.00480876	37.4059	0.69168	0
4.19857	0.00465365	38.5439	0.692708	0
4.20568	0.00474743	38.3264	0.679696	0
4.20776	0.00472203	38.5607	0.686886	0
4.20118	0.0046782	38.3598	0.668396	0
4.19751	0.00459728	38.1088	0.675929	0
4.19878	0.00472653	38.0921	0.696474	0
4.19401	0.00460747	37.4561	0.677641	0
4.19871	0.00486656	38.1255	0.696132	0
4.20333	0.00478525	37.9414	0.685174	0
4.19966	0.00470877	37.7238	0.669766	0
4.1941	0.00472915	37.9079	0.68312	0
4.1943	0.00478329	37.7741	0.683462	0
4.19578	0.00476879	37.1883	0.670108	0
4.19951	0.00471438	38.1757	0.686202	0
4.20311	0.00474632	38.7448	0.68449	0
4.1999	0.00466005	38.5774	0.684832	0
4.20075	0.00484279	37.7741	0.692023	0
4.2046	0.00486062	40.1506	0.689626	0
4.20457	0.00478342	38.6109	0.680723	0
4.20146	0.00470674	37.523	0.692708	0
4.20002	0.00470642	38.2427	0.668054	0
4.19623	0.00480393	38.3264	0.689283	0
4.19264	0.00468787	38.0753	0.680381	0
4.1948	0.00463307	37.4561	0.679353	0
4.19804	0.00466801	38.3598	0.693392	0
4.19131	0.00465561	36.9205	0.665657	0
4.19506	0.00479321	38.6611	0.689626	0
4.21174	0.00475782	38.6611	0.680381	0
4.20602	0.00474848	38.7448	0.682435	0
4.2014	0.00478492	38.3933	0.683805	0
4.206	0.00467304	38.6946	0.688941	0
4.20626	0.00473496	37.0042	0.646481	0
4.20326	0.00467128	38.0251	0.683462	0
4.19927	0.0048115	39.4477	0.68175	0
4.19492	0.00469133	35.682	0.656069	0
4.20105	0.00471132	39.3305	0.68449	0
4.20568	0.00463876	37.8075	0.677299	0
4.19267	0.00465783	37.3389	0.685517	0
4.19919	0.00474234	38.3264	0.674217	0
4.21617	0.00481307	38.3766	0.675244	0
4.2116	0.00480406	39.4477	0.697159	0
4.19868	0.00494108	37.6904	0.70298	0
4.19142	0.00475834	37.1381	0.676956	0
4.19491	0.00462249	37.6569	0.669081	0
4.20596	0.0047812	37.9749	0.701953	0
4.20936	0.0048484	39.1967	0.678668	0
4.20129	0.00479106	36.9205	0.666684	0
4.20209	0.00477414	38.4603	0.652645	0
4.20535	0.00479256	37.3222	0.679353	0
4.20069	0.00462027	38.728	0.689283	0
4.20193	0.00468539	37.523	0.687571	0
4.20244	0.00473385	39.0795	0.680038	0
4.20579	0.00482659	38.4603	0.710856	0
4.20803	0.00478152	37.6569	0.677299	0
4.205	0.00477539	38.7113	0.685517	0
4.19992	0.00474626	38.5272	0.683805	0
4.20747	0.00478695	38.3766	0.676956	0
4.21547	0.0048405	39.3305	0.697501	0
4.21053	0.00486022	38.4937	0.692023	0
4.19852	0.0047972	37.2887	0.679011	0
4.19815	0.00488178	38.0418	0.687229	0
4.2087	0.00478165	37.5397	0.667026	0
4.21028	0.00488158	38.0418	0.682777	0
4.20639	0.00480948	38.159	0.687229	0
4.20368	0.00468441	37.6067	0.669423	0
4.2014	0.00460388	38.3598	0.687229	0
4.20676	0.00482012	38.2929	0.689626	0
4.20555	0.00483018	38.0753	0.695447	0
4.19839	0.00474848	38.2259	0.695789	0
4.19813	0.00474515	36.8536	0.685859	0
4.20131	0.00479922	37.9414	0.677299	0
4.20262	0.00463771	38.1757	0.674902	0
4.20476	0.00473235	37.9247	0.703322	0
4.20104	0.00466579	37.5063	0.672505	0
4.19935	0.00474841	38.4937	0.693735	0
4.20134	0.00475409	37.7908	0.67182	0
4.19993	0.00459513	37.2887	0.670108	0
4.20119	0.00471693	37.2385	0.681408	0
4.20578	0.00473698	37.6904	0.677641	0
4.20597	0.00470126	37.7406	0.679353	0
4.20667	0.00483887	38.3933	0.694762	0
4.20948	0.00470354	38.1255	0.692708	0
4.2071	0.00484572	38.0084	0.66189	0
4.20294	0.00470589	38.3096	0.682435	0
4.20095	0.0047652	37.1715	0.677299	0
4.2044	0.00469675	38.8787	0.685174	0
4.20812	0.00467755	38.1255	0.677641	0
4.20744	0.00480713	37.9247	0.67319	0
4.20912	0.00476689	39.5146	0.689968	0
4.20812	0.00472	37.8075	0.680381	0
4.21012	0.0047006	38.7113	0.692708	0
4.21619	0.00479452	38.1757	0.679011	0
4.21243	0.00484024	37.7406	0.679353	0
4.20213	0.00486702	37.7741	0.695104	0
4.20294	0.00472542	38.2427	0.677984	0
4.21512	0.00476298	39.5146	0.703322	0
4.21302	0.00479903	38.8619	0.685859	0
4.20358	0.00478218	38.4268	0.694762	0
4.21127	0.00482861	38.7782	0.703665	0
4.21112	0.00482032	37.523	0.68175	0
4.20079	0.00471661	36.7866	0.679011	0
4.20712	0.00474521	38.1423	0.691338	0
4.21103	0.00471438	38.7448	0.685517	0
4.20473	0.00464156	36.887	0.652987	0
4.20259	0.00472575	37.4226	0.688256	0
4.21372	0.00482456	39.364	0.685517	0
4.21551	0.00477356	38.3766	0.677641	0
4.20347	0.00479596	37.6402	0.694077	0
4.19996	0.00470302	37.272	0.684832	0
4.20613	0.0048226	37.7406	0.668054	0
4.21014	0.00463882	37.2385	0.678668	0
4.2053	0.00475814	37.0879	0.676956	0
4.20367	0.00467944	38.2762	0.680381	0
4.20874	0.00477597	38.5105	0.680381	0
4.20727	0.00476317	37.1213	0.682435	0
4.20268	0.00466815	38.1925	0.676956	0
4.2006	0.004685	37.7071	0.694077	0
4.20179	0.00481118	37.523	0.689283	0
4.2088	0.00477591	38.9623	0.672505	0
4.21026	0.00471909	37.1715	0.680723	0
4.20923	0.00474129	38.2594	0.689283	0
4.21178	0.00476951	38.0753	0.687914	0
4.20977	0.0047861	38.9289	0.691338	0
4.20956	0.00473202	38.4268	0.701268	0
4.21149	0.00490627	38.2427	0.698871	0
4.2076	0.00467389	38.0084	0.67319	0
4.20845	0.0046914	38.2594	0.692365	0
4.2151	0.00465841	36.9372	0.655042	0
4.21348	0.00469362	38.3933	0.672847	0
4.21049	0.0047731	37.6402	0.663602	0
4.20767	0.00468957	37.6402	0.686544	0
4.20626	0.00471177	37.59	0.683462	0
4.21255	0.0047697	38.3766	0.692365	0
4.21133	0.00488524	37.523	0.672163	0
4.21077	0.00480608	38.477	0.692708	0
4.2172	0.00483247	38.7615	0.686202	0
4.21102	0.0048166	38.5272	0.694762	0
4.20335	0.00477408	36.7197	0.676614	0
4.2037	0.00471804	38.4937	0.679011	0
4.20607	0.00473757	37.8243	0.683805	0
4.20621	0.00469832	37.3556	0.674902	0
4.20859	0.0047522	38.6276	0.680381	0
4.21138	0.0047475	38.8619	0.687914	0
4.2134	0.00484461	38.8117	0.682777	0
4.21459	0.00474364	38.4603	0.676614	0
4.21143	0.00468852	37.8745	0.686202	0
4.21014	0.00471066	38.0586	0.677984	0
4.20881	0.00477147	38.477	0.683462	0
4.20602	0.00483671	37.4561	0.683462	0
4.20694	0.00478982	38.8619	0.703322	0
4.21202	0.00466625	37.7573	0.67319	0
4.21685	0.00491626	38.4268	0.690311	0
4.21869	0.00468029	38.4937	0.676272	0
4.211	0.00471419	37.59	0.675244	0
4.21572	0.00474521	38.8954	0.679353	0
4.22119	0.00491437	38.3766	0.681408	0
4.20741	0.00479544	38.0753	0.707431	0
4.20507	0.00494519	37.8577	0.676956	0
4.20887	0.0046637	37.7071	0.687229	0
4.20369	0.00470661	37.6234	0.675244	0
4.2112	0.00481705	39.046	0.684832	0
4.21757	0.00471602	38.1255	0.67182	0
4.20821	0.00474508	37.9079	0.67045	0
4.20693	0.00468016	37.5397	0.649563	0
4.21405	0.00468206	37.5732	0.662232	0
4.21453	0.00464032	37.4059	0.676614	0
4.20787	0.00481921	36.4017	0.678326	0
4.20514	0.0046494	37.3724	0.672163	0
4.21111	0.00478642	37.4561	0.680381	0
4.20971	0.00490509	37.7406	0.685517	0
4.20479	0.00474266	37.8243	0.675244	0
4.21289	0.00478172	37.1046	0.694077	0
0	0	0	0	0
0	0	0	0	0
0	0	0	0	0
0	0	0	0	0
0	0	0	0	0
0	0	0	0	0
0	0	0	0	0
0	0	0	0	0
0	0	0	0	0
0	0	0	0	0
0	0	0	0	0
0	0	0	0	0
0	0	0	0	0
0	0	0	0	0
0	0	0	0	0
0	0	0	0	0
0	0	0	0	0
0	0	0	0	0
0	0	0	0	0
0	0	0	0	0
0	0	0	0	0
0	0	0	0	0
0	0	0	0	0
0	0	0	0	0
0	0	0	0	0
0	0	0	0	0
0	0	0	0	0
0	0	0	0	0
0	0	0	0	0
0	0	0	0	0
0	0	0	0	0
0	0	0	0	0
0	0	0	0	0
0	0	0	0	0
0	0	0	0	0
0	0	0	0	0
0	0	0	0	0
0	0	0	0	0
0	0	0	0	0
0	0	0	0	0
0	0	0	0	0
0	0	0	0	0
0	0	0	0	0
0	0	0	0	0
0	0	0	0	0
0	0	0	0	0
0	0	0	0	0
0	0	0	0	0
0	0	0	0	0
0	0	0	0	0
0	0	0	0	0
0	0	0	0	0
0	0	0	0	0
0	0	0	0	0
0	0	0	0	0
0	0	0	0	0
0	0	0	0	0
0	0	0	0	0
0	0	0	0	0
0	0	0	0	0
0	0	0	0	0
0	0	0	0	0
0	0	0	0	0
0	0	0	0	0
0	0	0	0	0
0	0	0	0	0
0	0	0	0	0
0	0	0	0	0
0	0	0	0	0
0	0	0	0	0
0	0	0	0	0
0	0	0	0	0
0	0	0	0	0
0	0	0	0	0
0	0	0	0	0
0	0	0	0	0
0	0	0	0	0
0	0	0	0	0
0	0	0	0	0
0	0	0	0	0
0	0	0	0	0
0	0	0	0	0
0	0	0	0	0
0	0	0	0	0
0	0	0	0	0
0	0	0	0	0
0	0	0	0	0
0	0	0	0	0
0	0	0	0	0
0	0	0	0	0
0	0	0	0	0
0	0	0	0	0
0	0	0	0	0
0	0	0	0	0
0	0	0	0	0
0	0	0	0	0
0	0	0	0	0
0	0	0	0	0
0	0	0	0	0
0	0	0	0	0
0	0	0	0	0
0	0	0	0	0
0	0	0	0	0
0	0	0	0	0
0	0	0	0	0
0	0	0	0	0
0	0	0	0	0
0	0	0	0	0
0	0	0	0	0
0	0	0	0	0
0	0	0	0	0
0	0	0	0	0
0	0	0	0	0
0	0	0	0	0
0	0	0	0	0
0	0	0	0	0
0	0	0	0	0
0	0	0	0	0
0	0	0	0	0
0	0	0	0	0
0	0	0	0	0
0	0	0	0	0
0	0	0	0	0
0	0	0	0	0
0	0	0	0	0
0	0	0	0	0
0	0	0	0	0
0	0	0	0	0
0	0	0	0	0
0	0	0	0	0
0	0	0	0	0
0	0	0	0	0
0	0	0	0	0
0	0	0	0	0
0	0	0	0	0
0	0	0	0	0
0	0	0	0	0
0	0	0	0	0
0	0	0	0	0
0	0	0	0	0
0	0	0	0	0
0	0	0	0	0
0	0	0	0	0
0	0	0	0	0
0	0	0	0	0
0	0	0	0	0
0	0	0	0	0
0	0	0	0	0
0	0	0	0	0
0	0	0	0	0
0	0	0	0	0
0	0	0	0	0
0	0	0	0	0
0	0	0	0	0
0	0	0	0	0
0	0	0	0	0
0	0	0	0	0
0	0	0	0	0
0	0	0	0	0
0	0	0	0	0
0	0	0	0	0
0	0	0	0	0
0	0	0	0	0
0	0	0	0	0
0	0	0	0	0
0	0	0	0	0
0	0	0	0	0
0	0	0	0	0
0	0	0	0	0
0	0	0	0	0
0	0	0	0	0
0	0	0	0	0
0	0	0	0	0
0	0	0	0	0
0	0	0	0	0
0	0	0	0	0
0	0	0	0	0
0	0	0	0	0
0	0	0	0	0
0	0	0	0	0
0	0	0	0	0
0	0	0	0	0
0	0	0	0	0
0	0	0	0	0
0	0	0	0	0
0	0	0	0	0
0	0	0	0	0
0	0	0	0	0
0	0	0	0	0
0	0	0	0	0
0	0	0	0	0
0	0	0	0	0
0	0	0	0	0
0	0	0	0	0
0	0	0	0	0
0	0	0	0	0
0	0	0	0	0
0	0	0	0	0
0	0	0	0	0
0	0	0	0	0
0	0	0	0	0
0	0	0	0	0
0	0	0	0	0
0	0	0	0	0
0	0	0	0	0
0	0	0	0	0
0	0	0	0	0
0	0	0	0	0
0	0	0	0	0
0	0	0	0	0
0	0	0	0	0
0	0	0	0	0
0	0	0	0	0
0	0	0	0	0
0	0	0	0	0
0	0	0	0	0
0	0	0	0	0
0	0	0	0	0
0	0	0	0	0
0	0	0	0	0
0	0	0	0	0
0	0	0	0	0
0	0	0	0	0
0	0	0	0	0
0	0	0	0	0
0	0	0	0	0
0	0	0	0	0
0	0	0	0	0
0	0	0	0	0
0	0	0	0	0
0	0	0	0	0
0	0	0	0	0
0	0	0	0	0
0	0	0	0	0
0	0	0	0	0
0	0	0	0	0
0	0	0	0	0
0	0	0	0	0
0	0	0	0	0
0	0	0	0	0
0	0	0	0	0
0	0	0	0	0
0	0	0	0	0
0	0	0	0	0
0	0	0	0	0
0	0	0	0	0
0	0	0	0	0
0	0	0	0	0
0	0	0	0	0
0	0	0	0	0
0	0	0	0	0
0	0	0	0	0
0	0	0	0	0
0	0	0	0	0
0	0	0	0	0
0	0	0	0	0
0	0	0	0	0
0	0	0	0	0
0	0	0	0	0
0	0	0	0	0
0	0	0	0	0
0	0	0	0	0
0	0	0	0	0
0	0	0	0	0
0	0	0	0	0
0	0	0	0	0
0	0	0	0	0
0	0	0	0	0
0	0	0	0	0
0	0	0	0	0
0	0	0	0	0
0	0	0	0	0
0	0	0	0	0
0	0	0	0	0
0	0	0	0	0
0	0	0	0	0
0	0	0	0	0
0	0	0	0	0
0	0	0	0	0
0	0	0	0	0
0	0	0	0	0
0	0	0	0	0
0	0	0	0	0
0	0	0	0	0
0	0	0	0	0
0	0	0	0	0
0	0	0	0	0
0	0	0	0	0
0	0	0	0	0
0	0	0	0	0
0	0	0	0	0
0	0	0	0	0
0	0	0	0	0
0	0	0	0	0
0	0	0	0	0
0	0	0	0	0
0	0	0	0	0
0	0	0	0	0
0	0	0	0	0
0	0	0	0	0
0	0	0	0	0
0	0	0	0	0
0	0	0	0	0
0	0	0	0	0
0	0	0	0	0
0	0	0	0	0
0	0	0	0	0
0	0	0	0	0
0	0	0	0	0
0	0	0	0	0
0	0	0	0	0
0	0	0	0	0
0	0	0	0	0
0	0	0	0	0
0	0	0	0	0
0	0	0	0	0
0	0	0	0	0
0	0	0	0	0
0	0	0	0	0
0	0	0	0	0
0	0	0	0	0
0	0	0	0	0
0	0	0	0	0
0	0	0	0	0
0	0	0	0	0
0	0	0	0	0
0	0	0	0	0
0	0	0	0	0
0	0	0	0	0
0	0	0	0	0
0	0	0	0	0
0	0	0	0	0
0	0	0	0	0
0	0	0	0	0
0	0	0	0	0
0	0	0	0	0
0	0	0	0	0
0	0	0	0	0
0	0	0	0	0
0	0	0	0	0
0	0	0	0	0
0	0	0	0	0
0	0	0	0	0
0	0	0	0	0
0	0	0	0	0
0	0	0	0	0
0	0	0	0	0
0	0	0	0	0
0	0	0	0	0
0	0	0	0	0
0	0	0	0	0
0	0	0	0	0
0	0	0	0	0
0	0	0	0	0
0	0	0	0	0
0	0	0	0	0
0	0	0	0	0
0	0	0	0	0
0	0	0	0	0
0	0	0	0	0
0	0	0	0	0
0	0	0	0	0
0	0	0	0	0
0	0	0	0	0
0	0	0	0	0
0	0	0	0	0
0	0	0	0	0
0	0	0	0	0
0	0	0	0	0
0	0	0	0	0
0	0	0	0	0
0	0	0	0	0
0	0	0	0	0
0	0	0	0	0
0	0	0	0	0
0	0	0	0	0
0	0	0	0	0
0	0	0	0	0
0	0	0	0	0
0	0	0	0	0
0	0	0	0	0
0	0	0	0	0
0	0	0	0	0
0	0	0	0	0
0	0	0	0	0
0	0	0	0	0
0	0	0	0	0
0	0	0	0	0
0	0	0	0	0
0	0	0	0	0
0	0	0	0	0
0	0	0	0	0
0	0	0	0	0
0	0	0	0	0
0	0	0	0	0
0	0	0	0	0
0	0	0	0	0
0	0	0	0	0
0	0	0	0	0
0	0	0	0	0
