a2610507.350157
Narit-cm 05/01/2026 07:05:02 05/01/2026 07:35:01 0045 0013.384714 0052.542598 00.0 00.0
0002393 0010 0000000 0010 05 0000000 0010 0000000 0010
1 0 1 01600 1 0000 3.75 00000.o 0 0 01 000 16 002393 0.500 BT0
1 2 1 02000 1 0000 3.75 00000.o 0 0 01 000 16 002393 0.500 S2A0
1 1 1 01600 1 0000 3.75 00000.o 0 0 00 000 00 002393 3.1746 BC0
1 3 1 02000 1 0000 3.75 00000.o 0 0 00 000 00 002393 3.1746 S2P0
1 5 0 01600 0 0000 1.00 00000.o 0 0 00 000 00 000000 0.000 OF0
0.000 .o Analog 0 	0.000 .o Analog StErr 0 	0.000 .o Photon Counting 0 	0.000 .o PC StErr 0 	0.000 .o Overflow Info 0 
32.4269	0.184877	177.066	0.880063	0
75.251	0.426346	194.768	0.879038	0
283.554	2.2713	113.698	1.34316	0
473.782	0.0519911	1.25366	0.142519	0
473.457	0	0	0	0
473.457	0	0.234016	0.0707468	0
473.457	1.55799E-5	33.9657	0.76557	0
473.457	1.10167E-5	15.9632	0.589557	0
473.457	0	2.32344	0.239241	0
473.457	6.38841E-6	8.65859	0.412861	0
473.457	0	30.2716	0.693114	0
473.457	0	93.8738	1.05744	0
473.457	0	155.754	1.01199	0
473.457	0	122.591	1.08034	0
473.457	6.38841E-6	72.0769	0.895785	0
473.457	6.38841E-6	62.6327	0.84076	0
473.457	0	80.8859	0.884165	0
473.457	0	102.8	0.925861	0
473.457	0	113.331	0.914241	0
473.457	0	107.179	0.927228	0
473.457	0	121.655	0.913557	0
473.457	0	141.797	0.919367	0
473.457	0	161.387	0.92381	0
473.457	0	174.275	0.907405	0
473.457	0	192.879	0.882798	0
473.457	0	201.003	0.896468	0
473.457	0	204.697	0.883823	0
473.457	0	203.025	0.872886	0
473.457	6.38841E-6	204.396	0.886899	0
473.457	6.38841E-6	202.942	0.887924	0
473.457	0	200.568	0.895101	0
473.457	1.10167E-5	199.632	0.890658	0
474.207	0.0826964	201.421	0.858532	1
478.848	0.205931	201.287	0.883139	1
493.711	0.211418	201.822	0.883823	1
499.963	0.0187152	200.468	0.878354	1
500	0	200.986	0.873228	1
500	0	199.131	0.897152	1
499.807	0.0330321	200.134	0.881772	1
496.215	0.212029	200.318	0.861949	1
479.279	0.510844	200.217	0.870836	1
440.361	0.663557	202.273	0.873228	1
395.558	0.648504	202.624	0.906038	0
353.976	0.626402	199.967	0.880405	0
314.079	0.611874	200.552	0.889291	0
275.391	0.599167	201.805	0.885532	0
238.623	0.594967	202.374	0.882456	0
203.909	0.58237	201.204	0.872886	0
171.842	0.554881	200.635	0.889291	0
142.695	0.518287	200.735	0.880405	0
116.352	0.467165	200.15	0.876987	0
93.3531	0.403691	198.512	0.864342	0
74.145	0.345041	198.964	0.871861	0
58.7102	0.292638	198.429	0.882798	0
46.8605	0.244224	197.342	0.882798	0
37.7648	0.202051	195.153	0.872203	0
30.5513	0.16016	195.972	0.843494	0
25.173	0.124411	193.782	0.868785	0
21.4412	0.099554	191.525	0.856481	0
18.6394	0.078024	192.094	0.841443	0
16.499	0.061887	189.703	0.850329	0
15.0128	0.0525197	188.951	0.860241	0
13.8483	0.0451245	187.647	0.840418	0
12.8969	0.0396681	186.243	0.856139	0
12.1548	0.0376246	183.87	0.842127	0
11.3953	0.0353753	183.485	0.850671	0
10.5373	0.0332579	182.415	0.848962	0
9.78118	0.03085	177.635	0.849646	0
9.23626	0.0279278	177.05	0.859557	0
8.93296	0.0261063	176.381	0.847937	0
8.75876	0.0255936	175.278	0.839392	0
8.65511	0.0254968	173.289	0.836317	0
8.59177	0.0249648	173.723	0.843494	0
8.53532	0.024021	171.851	0.84657	0
8.51783	0.0245453	171.868	0.851354	0
8.53393	0.0243643	170.614	0.85443	0
8.48933	0.0241796	170.23	0.846228	0
8.50543	0.0245346	168.04	0.857506	0
8.62665	0.0240099	168.859	0.864342	0
8.62956	0.0239571	167.071	0.841443	0
8.5974	0.023358	167.94	0.850329	0
8.65569	0.0233307	167.271	0.840418	0
8.75454	0.023549	166.034	0.864	0
8.87392	0.0229534	167.906	0.846228	0
9.0088	0.0227592	167.405	0.849646	0
9.14213	0.022483	167.539	0.855798	0
9.21917	0.0229875	165.75	0.865367	0
9.3147	0.0232202	165.132	0.829823	0
9.46648	0.0229843	165.884	0.84281	0
9.56155	0.0234833	165.516	0.846228	0
9.6186	0.0230083	166.469	0.835291	0
9.86273	0.0234365	166.201	0.854772	0
10.1808	0.0233581	166.452	0.85238	0
10.2947	0.0237637	165.416	0.834608	0
10.3024	0.0233743	165.934	0.853063	0
10.3445	0.0239132	164.864	0.856481	0
10.3857	0.0232542	165.382	0.862975	0
10.3819	0.0232219	164.63	0.843494	0
10.3098	0.0235969	164.914	0.841785	0
10.2386	0.0226137	163.778	0.834608	0
10.199	0.0230167	164.145	0.830848	0
10.1447	0.021979	162.323	0.836658	0
10.1611	0.0218117	163.427	0.838367	0
10.2189	0.0218787	161.287	0.820253	0
10.2189	0.0216151	161.555	0.818203	0
10.2013	0.0217081	162.875	0.849646	0
10.2272	0.0215905	163.025	0.875962	0
10.2713	0.0215246	162.775	0.852722	0
10.3642	0.0213948	163.41	0.862975	0
10.4961	0.0220326	163.611	0.857848	0
10.559	0.0221894	162.557	0.859899	0
10.6	0.0222371	161.705	0.862291	0
10.706	0.0220321	163.159	0.840076	0
10.8488	0.0215514	163.761	0.832215	0
11.0037	0.0215298	161.504	0.844177	0
11.1369	0.0216692	163.41	0.843836	0
11.2206	0.0230028	162.959	0.851354	0
11.1769	0.0220186	164.028	0.848279	0
11.0878	0.0223164	163.393	0.834608	0
11.1791	0.0228628	163.025	0.843152	0
11.302	0.0229199	161.354	0.842127	0
11.2623	0.0228264	163.226	0.846911	0
11.2187	0.0224127	163.393	0.843836	0
11.1943	0.0221907	161.187	0.850671	0
11.1611	0.0219314	160.936	0.817519	0
11.1572	0.0223047	162.674	0.833241	0
11.1438	0.0219817	161.855	0.845203	0
11.1172	0.0218069	160.418	0.835291	0
11.1158	0.0217531	160.669	0.838367	0
11.1184	0.0217514	160.568	0.864	0
11.0956	0.0218147	160.485	0.831532	0
11.077	0.0218591	160.267	0.84862	0
11.0815	0.0219596	160.084	0.829823	0
11.0446	0.0219018	160.518	0.824354	0
11.0018	0.0211584	158.997	0.838025	0
10.9738	0.0214252	159.967	0.835291	0
10.922	0.0209116	159.382	0.824354	0
10.8236	0.0213351	159.448	0.838025	0
10.705	0.0217887	158.462	0.85819	0
10.5177	0.022249	156.105	0.839051	0
10.241	0.0201164	155.654	0.845203	0
10.0286	0.0191753	154.684	0.849987	0
9.89558	0.0187317	153.715	0.85443	0
9.77464	0.0187599	155.052	0.853747	0
9.67129	0.0186351	151.291	0.851354	0
9.51749	0.0181248	151.158	0.857165	0
9.38892	0.0179716	149.787	0.834608	0
9.32213	0.017678	150.673	0.867418	0
9.22737	0.017899	149.118	0.853063	0
9.17889	0.0174279	150.104	0.831873	0
9.18048	0.0173682	148.934	0.835291	0
9.12856	0.0172332	149.57	0.847937	0
9.06937	0.0171674	147.831	0.835633	0
9.01016	0.0171876	146.043	0.824696	0
8.93483	0.0168015	145.809	0.841101	0
8.89198	0.0166247	147.53	0.853405	0
8.86606	0.0166544	145.558	0.850671	0
8.79728	0.0162235	145.959	0.828456	0
8.70516	0.0162745	143.034	0.851013	0
8.62238	0.0158701	144.254	0.832215	0
8.59354	0.0159621	145.491	0.849304	0
8.58071	0.016391	143.452	0.838025	0
8.54549	0.0161104	143.351	0.843836	0
8.49282	0.0161685	142.399	0.857165	0
8.40055	0.0158779	141.463	0.853405	0
8.33555	0.0160152	140.527	0.858532	0
8.28752	0.0159593	141.663	0.840418	0
8.21207	0.0156015	138.237	0.857165	0
8.15811	0.0152927	138.504	0.856823	0
8.12837	0.0150455	137.885	0.838025	0
8.0769	0.0149121	138.237	0.871861	0
8.02746	0.0147593	137.066	0.826063	0
8.01817	0.0150592	137.334	0.830506	0
8.01717	0.0149238	137.317	0.848962	0
8.00261	0.0150676	137.183	0.842127	0
7.98147	0.0148786	137	0.842468	0
7.95375	0.0148291	135.194	0.859899	0
7.93524	0.0148815	135.579	0.861949	0
7.92977	0.0147285	136.515	0.840076	0
7.90475	0.0150418	136.715	0.855456	0
7.86839	0.0145306	136.264	0.84657	0
7.85244	0.0142637	135.111	0.853405	0
7.82261	0.0144474	133.673	0.832215	0
7.7987	0.0145796	133.473	0.845203	0
7.79738	0.0142039	134.375	0.851354	0
7.78487	0.0141716	134.576	0.849304	0
7.74234	0.0144271	134.292	0.863317	0
7.705	0.0142859	133.205	0.838367	0
7.70104	0.0141731	133.172	0.839734	0
7.678	0.0139559	133.389	0.845544	0
7.6141	0.0141497	130.965	0.840418	0
7.59908	0.013822	131.935	0.843152	0
7.60415	0.0139909	131.584	0.848962	0
7.54702	0.0136589	130.297	0.845544	0
7.51561	0.0137153	129.946	0.847253	0
7.51507	0.0138616	129.377	0.835633	0
7.48253	0.0136392	129.26	0.85443	0
7.45913	0.0135653	130.029	0.841443	0
7.44444	0.0133539	127.973	0.83119	0
7.40225	0.013359	129.01	0.840076	0
7.38699	0.0133275	127.221	0.826405	0
7.37101	0.013515	127.572	0.856139	0
7.32417	0.013147	127.856	0.84657	0
7.29469	0.0130986	126.887	0.847937	0
7.28353	0.0128858	127.823	0.84657	0
7.25975	0.0128711	125.667	0.839051	0
7.22547	0.0130193	124.48	0.843494	0
7.20169	0.0126642	124.162	0.833241	0
7.17469	0.0128832	124.781	0.823329	0
7.14458	0.0128531	124.062	0.864342	0
7.10204	0.0127789	124.196	0.81957	0
7.06872	0.0123792	123.009	0.850329	0
7.05274	0.0126869	122.825	0.849987	0
7.0337	0.0125839	122.925	0.847253	0
7.03025	0.0124754	122.273	0.826747	0
7.0144	0.0127274	123.042	0.870836	0
6.98418	0.0125141	121.839	0.832215	0
6.96456	0.0121027	120.986	0.823329	0
6.95186	0.0122215	121.12	0.844177	0
6.92952	0.0124916	118.947	0.838025	0
6.90234	0.0123884	120.084	0.850329	0
6.88853	0.0123775	118.512	0.855456	0
6.88327	0.0120847	121.103	0.850329	0
6.85759	0.0119673	119.298	0.833582	0
6.82956	0.0117519	118.796	0.839392	0
6.8212	0.01212	119.064	0.843152	0
6.7931	0.011874	117.927	0.838709	0
6.78016	0.0118768	117.844	0.838709	0
6.78682	0.011752	118.128	0.829823	0
6.77186	0.0121366	118.262	0.837684	0
6.74873	0.0119631	118.98	0.844519	0
6.72688	0.0118005	116.289	0.838367	0
6.70638	0.0118875	117.727	0.834608	0
6.68796	0.011916	115.219	0.815127	0
6.67289	0.0116029	115.621	0.828456	0
6.66424	0.0116161	115.921	0.847253	0
6.64398	0.011474	113.414	0.850671	0
6.63319	0.0113115	114.902	0.828114	0
6.63613	0.011686	115.788	0.871519	0
6.63225	0.0112483	116.991	0.852722	0
6.62422	0.0113304	115.487	0.848279	0
6.59306	0.0113772	113.982	0.866734	0
6.587	0.0114024	114.116	0.854772	0
6.60512	0.0113045	114.818	0.859899	0
6.58685	0.0112893	114.283	0.836317	0
6.56146	0.0111848	113.715	0.819911	0
6.56608	0.0109628	113.414	0.827089	0
6.58644	0.0114012	115.219	0.832899	0
6.57681	0.0113407	114.902	0.850329	0
6.53152	0.0111046	114.501	0.841443	0
6.52569	0.011212	113.949	0.837	0
6.53377	0.0111638	113.013	0.83119	0
6.50842	0.0112132	112.194	0.824696	0
6.50718	0.0113397	112.461	0.843494	0
6.51497	0.0113842	112.913	0.852722	0
6.49262	0.0110353	112.963	0.845544	0
6.47507	0.0109797	114.166	0.850329	0
6.46109	0.0112817	110.857	0.845203	0
6.44335	0.0110943	111.676	0.835975	0
6.44201	0.0112691	111.525	0.843494	0
6.45828	0.0111598	112.478	0.845203	0
6.45896	0.0112592	111.158	0.834949	0
6.43067	0.0108609	111.291	0.836317	0
6.41822	0.0109973	111.408	0.825038	0
6.42177	0.0112078	111.241	0.840418	0
6.4103	0.0109501	111.308	0.834266	0
6.40848	0.0112479	110.69	0.83119	0
6.4118	0.0108647	111.174	0.837684	0
6.40031	0.0106139	111.158	0.864684	0
6.39107	0.0107366	109.118	0.821962	0
6.38332	0.0110914	110.69	0.834608	0
6.39245	0.0108261	110.071	0.830848	0
6.38455	0.0108324	111.626	0.838025	0
6.35721	0.0106724	110.021	0.847253	0
6.35462	0.0106326	110.556	0.834266	0
6.36516	0.0107933	109.971	0.838025	0
6.35273	0.010744	109.971	0.837684	0
6.34192	0.0109564	110.656	0.838025	0
6.3421	0.0107033	110.305	0.85238	0
6.34867	0.0107669	110.69	0.84281	0
6.34675	0.0106503	110.84	0.866051	0
6.32208	0.0109845	108.767	0.845886	0
6.31039	0.0109529	109.503	0.828798	0
6.31037	0.010712	110.155	0.865025	0
6.29536	0.0109057	109.453	0.830848	0
6.29752	0.0107533	109.804	0.844177	0
6.30137	0.0106226	108.45	0.831873	0
6.30048	0.010565	109.419	0.820937	0
6.2887	0.0106498	108.065	0.837684	0
6.28567	0.0105299	109.402	0.816152	0
6.29331	0.0105364	107.631	0.834949	0
6.28304	0.0108671	107.948	0.845203	0
6.26076	0.0104593	108.366	0.830848	0
6.26881	0.0105061	110.054	0.824354	0
6.26854	0.0108757	109.085	0.823329	0
6.25319	0.010814	108.115	0.839734	0
6.24419	0.0104784	107.296	0.832215	0
6.23553	0.0107078	106.695	0.838709	0
6.22302	0.010516	108.667	0.829823	0
6.22343	0.010551	108.517	0.844177	0
6.21782	0.010572	106.845	0.865025	0
6.21203	0.0105801	106.995	0.828456	0
6.22157	0.010381	107.53	0.834608	0
6.22705	0.0106662	106.394	0.842468	0
6.21068	0.0105919	106.862	0.850329	0
6.18522	0.0101495	108.316	0.865709	0
6.18461	0.0103824	107.798	0.841785	0
6.19863	0.0102619	106.076	0.840076	0
6.18173	0.0102551	108.316	0.835633	0
6.17186	0.0102524	107.631	0.834608	0
6.17024	0.0102085	107.062	0.821962	0
6.14789	0.0102818	106.828	0.841443	0
6.14949	0.0103462	105.809	0.838367	0
6.1592	0.0102904	106.293	0.851696	0
6.15335	0.0100646	106.979	0.82162	0
6.14035	0.0103623	106.009	0.821962	0
6.11839	0.0103931	105.29	0.835633	0
6.11799	0.0105227	105.842	0.856139	0
6.12151	0.0105062	104.187	0.814785	0
6.10091	0.0104507	105.24	0.822987	0
6.08875	0.0100705	104.789	0.840418	0
6.08986	0.0100546	104.806	0.828798	0
6.09129	0.00984572	104.371	0.818203	0
6.08159	0.00977525	105.608	0.814443	0
6.07579	0.010159	105.909	0.820595	0
6.08391	0.0101209	104.956	0.853063	0
6.08013	0.0100512	104.789	0.834266	0
6.06193	0.0100689	105.14	0.827772	0
6.05819	0.00996762	104.421	0.843152	0
6.05637	0.0101243	104.789	0.833241	0
6.06379	0.0101073	104.522	0.824696	0
6.07035	0.0100249	104.405	0.845203	0
6.04991	0.0101539	105.04	0.859557	0
6.05199	0.0101271	103.686	0.807266	0
6.04736	0.00975237	105.023	0.839051	0
6.03201	0.0100486	105.374	0.847937	0
6.04708	0.0100527	104.789	0.832215	0
6.04498	0.0101194	103.636	0.833582	0
6.02587	0.00989747	103.836	0.83119	0
6.02792	0.0101009	104.421	0.859215	0
6.02627	0.0100908	102.783	0.820937	0
6.02589	0.00995927	105.29	0.841785	0
6.03275	0.00988848	105.056	0.834266	0
6.0262	0.0100874	104.505	0.841785	0
6.01989	0.0101307	103.652	0.817177	0
6.02589	0.00995419	104.053	0.832557	0
6.02254	0.00991553	102.499	0.849304	0
6.00379	0.00980432	103.702	0.841101	0
6.00047	0.0100948	104.722	0.845203	0
6.00932	0.0101987	104.354	0.826063	0
6.00285	0.009986	103.753	0.835975	0
5.99392	0.00991129	103.402	0.832557	0
5.98991	0.00989936	105.274	0.85238	0
5.97321	0.00973568	104.137	0.834266	0
5.98441	0.00990953	102.432	0.818886	0
6.00985	0.0100981	103.686	0.857848	0
6.0021	0.00995106	103.702	0.837	0
5.97452	0.00974063	103.318	0.835291	0
5.98206	0.0101498	103.201	0.820937	0
6.00002	0.0100153	103.736	0.832215	0
5.9989	0.0101152	103.335	0.838025	0
5.99907	0.0100423	103.218	0.855798	0
5.98818	0.00978659	104.421	0.843152	0
5.98025	0.0102393	103.268	0.825038	0
5.97923	0.00971078	103.519	0.834949	0
5.98061	0.010061	103.168	0.849646	0
5.98429	0.0100844	104.956	0.85443	0
5.97628	0.00988183	102.85	0.811709	0
5.97167	0.00999715	104.221	0.841443	0
5.97746	0.0101382	102.883	0.824354	0
5.98219	0.0101069	104.204	0.833582	0
5.97169	0.00988528	102.499	0.851354	0
5.96215	0.0101814	103.619	0.835633	0
5.95688	0.0100601	102.265	0.82162	0
5.95186	0.00986612	102.867	0.849304	0
5.96357	0.00978196	101.964	0.854772	0
5.97336	0.010006	103.151	0.821962	0
5.97388	0.0102512	103.218	0.855114	0
5.95939	0.0100567	103.234	0.814443	0
5.94057	0.0100932	103.034	0.854772	0
5.94487	0.00970198	103.218	0.831532	0
5.93932	0.00990993	102.499	0.840076	0
5.92686	0.00972727	100.961	0.847595	0
5.93299	0.00978679	102.516	0.841443	0
5.92812	0.00995992	102.298	0.834266	0
5.9204	0.00998567	102.967	0.825722	0
5.93018	0.00988626	102.399	0.836317	0
5.9331	0.00971377	103.936	0.846228	0
5.92527	0.0099083	102.399	0.831532	0
5.92615	0.0100867	102.415	0.834608	0
5.91622	0.00965132	102.532	0.829823	0
5.91615	0.00963737	103.535	0.835291	0
5.93167	0.009936	102.064	0.832899	0
5.93	0.0100241	103.201	0.844519	0
5.92623	0.00998398	101.914	0.848962	0
5.92138	0.00982401	102.867	0.81581	0
5.93053	0.0100111	103.769	0.824354	0
5.92705	0.00992335	101.596	0.835291	0
5.90937	0.00970348	102.332	0.828798	0
5.90834	0.00986775	102.148	0.829139	0
5.91264	0.00969578	101.697	0.856139	0
5.91817	0.0101046	102.415	0.852038	0
5.92117	0.00973776	102.298	0.813076	0
5.922	0.00988822	101.964	0.837684	0
5.92729	0.0099478	101.58	0.82538	0
5.92817	0.00988626	103.268	0.843152	0
5.90929	0.00963718	101.697	0.842468	0
5.89417	0.00983072	101.095	0.811709	0
5.90258	0.00992264	102.883	0.838025	0
5.90803	0.00998417	101.997	0.833924	0
5.90359	0.00992909	102.984	0.84657	0
5.90939	0.0100386	102.85	0.830506	0
5.88668	0.00960889	100.995	0.822304	0
5.87549	0.00990732	100.978	0.860241	0
5.90091	0.00981429	101.479	0.828456	0
5.90183	0.00983672	103.535	0.848962	0
5.88473	0.00996683	101.914	0.82162	0
5.88247	0.00989102	100.677	0.838709	0
5.88199	0.00976514	101.997	0.834608	0
5.89081	0.00957212	102.432	0.83119	0
5.8951	0.00950348	101.095	0.833924	0
5.87226	0.00979441	100.761	0.838025	0
5.873	0.00976247	101.346	0.837	0
5.87475	0.00965752	100.71	0.817177	0
5.8548	0.00964565	102.95	0.838025	0
5.87052	0.00936834	101.73	0.835975	0
5.89277	0.00994578	102.75	0.80419	0
5.88369	0.00979976	102.649	0.847253	0
5.87115	0.00974637	101.897	0.818886	0
5.87767	0.00987974	102.064	0.831532	0
5.88465	0.00966658	102.566	0.825038	0
5.87832	0.00961632	101.997	0.828798	0
5.87921	0.00974604	103.886	0.845544	0
5.88235	0.0100301	102.332	0.827772	0
5.87098	0.0098128	103.318	0.846911	0
5.87544	0.00982023	100.092	0.82538	0
5.8793	0.00969552	101.763	0.828456	0
5.86566	0.00975132	101.429	0.835975	0
5.85697	0.00994043	100.543	0.835975	0
5.8584	0.0100226	101.128	0.840418	0
5.86314	0.00979591	100.476	0.837	0
5.87161	0.00963183	101.964	0.852722	0
5.8696	0.00961078	102.967	0.82538	0
5.85352	0.00981077	101.095	0.844177	0
5.8469	0.00974865	102.165	0.847937	0
5.86212	0.00989989	101.229	0.849646	0
5.86537	0.00994252	102.566	0.847937	0
5.8595	0.00983783	101.095	0.839392	0
5.86568	0.00975452	101.83	0.830848	0
5.8632	0.00979637	101.262	0.833582	0
5.84316	0.00969637	100.008	0.826405	0
5.84053	0.00960035	100.343	0.843494	0
5.85218	0.0097759	101.563	0.840076	0
5.84332	0.00980484	100.527	0.832557	0
5.83595	0.00978744	102.115	0.846228	0
5.85139	0.00976403	101.028	0.831873	0
5.86294	0.00990953	102.432	0.840418	0
5.85746	0.00960973	100.777	0.839392	0
5.86468	0.00986716	101.847	0.814101	0
5.86154	0.00969318	102.332	0.836317	0
5.83169	0.00967153	100.827	0.844519	0
5.82034	0.00967258	101.73	0.857506	0
5.83473	0.00966788	100.209	0.819911	0
5.84567	0.00974402	101.914	0.810342	0
5.83362	0.00977114	101.229	0.835291	0
5.82856	0.00973353	101.981	0.814443	0
5.8398	0.00990308	101.463	0.846911	0
5.83703	0.00974995	102.967	0.807608	0
5.83303	0.00972818	101.529	0.857848	0
5.8384	0.00979376	100.293	0.829823	0
5.83192	0.0098171	103.168	0.832899	0
5.83008	0.00965654	102.048	0.84076	0
5.84404	0.00969435	102.098	0.84281	0
5.85854	0.00989024	101.964	0.85238	0
5.8546	0.0100649	102.382	0.829823	0
5.83751	0.00961658	101.563	0.852038	0
5.83564	0.00980797	100.293	0.837342	0
5.84683	0.00981677	102.666	0.843836	0
5.84555	0.00979102	101.646	0.81957	0
5.82864	0.00988698	100.777	0.824013	0
5.82429	0.00989689	102.248	0.837	0
5.82515	0.00978059	101.897	0.825038	0
5.82543	0.00976918	101.73	0.82162	0
5.82041	0.0096334	99.8579	0.838025	0
5.82253	0.00971312	101.162	0.844861	0
5.8265	0.00979031	100.694	0.825722	0
5.8213	0.00974552	101.312	0.840076	0
5.83044	0.0100443	100.894	0.830506	0
5.83138	0.00992961	100.51	0.839051	0
5.81576	0.00961567	101.546	0.861949	0
5.82129	0.00998333	101.045	0.832899	0
5.82589	0.00974585	99.8412	0.837684	0
5.81923	0.00995002	100.343	0.858532	0
5.8155	0.00951234	101.262	0.818203	0
5.81976	0.00952069	100.961	0.834266	0
5.8197	0.00954872	100.911	0.833241	0
5.81491	0.00969806	101.279	0.845203	0
5.80641	0.0096877	101.262	0.823329	0
5.81049	0.0097199	101.061	0.844519	0
5.81263	0.00968164	101.195	0.854089	0
5.80207	0.00954168	100.276	0.842468	0
5.80103	0.00957297	99.6908	0.826063	0
5.81236	0.00955406	101.212	0.851013	0
5.81447	0.00955798	101.596	0.827772	0
5.80699	0.00978783	101.596	0.851696	0
5.80429	0.0097478	100.677	0.834608	0
5.8129	0.00973385	101.045	0.82538	0
5.8108	0.00955576	101.981	0.825722	0
5.79327	0.00948027	100.961	0.822646	0
5.79154	0.00969604	99.44	0.835291	0
5.79923	0.00985712	100.627	0.821962	0
5.8042	0.00953614	101.312	0.848962	0
5.80335	0.00979324	101.546	0.817177	0
5.79677	0.0097186	101.312	0.826747	0
5.78682	0.00987283	99.44	0.819911	0
5.77499	0.00970889	100.075	0.865709	0
5.77187	0.00966866	101.061	0.846911	0
5.78771	0.00970621	100.092	0.842127	0
5.8023	0.00970054	100.309	0.821279	0
5.79774	0.00983072	100.41	0.826405	0
5.78808	0.00953451	100.008	0.855456	0
5.78823	0.00966886	100.61	0.823329	0
5.80041	0.00984154	101.295	0.855456	0
5.79616	0.00957173	101.88	0.834266	0
5.78328	0.00987811	101.446	0.847253	0
5.7945	0.00949924	100.527	0.82743	0
5.79892	0.00944657	100.827	0.819228	0
5.79472	0.00955602	100.894	0.841101	0
5.78812	0.00982857	101.362	0.829481	0
5.7849	0.009557	101.312	0.815468	0
5.79587	0.00962734	100.41	0.853747	0
5.78985	0.00949103	99.9081	0.829481	0
5.78136	0.00952903	100.493	0.83119	0
5.79827	0.00970263	101.195	0.824696	0
5.8017	0.00973874	100.426	0.817519	0
5.79445	0.00958777	102.282	0.849304	0
5.79733	0.00970628	100.443	0.832215	0
5.7831	0.00964226	99.4066	0.849646	0
5.77859	0.00957075	100.761	0.825722	0
5.78305	0.00957023	101.58	0.826747	0
5.7711	0.00980836	99.7743	0.825722	0
5.77176	0.00971599	101.429	0.836317	0
5.77132	0.00946287	100.878	0.809317	0
5.76034	0.00968431	100.343	0.833582	0
5.77682	0.00962173	102.633	0.83119	0
5.7917	0.00960667	99.7075	0.839051	0
5.78028	0.0094057	99.7075	0.824354	0
5.79005	0.00973594	101.162	0.834608	0
5.79611	0.00958451	100.944	0.839392	0
5.77464	0.00954083	101.814	0.825038	0
5.77176	0.00951469	99.8746	0.833924	0
5.7676	0.00934579	100.226	0.821962	0
5.7604	0.00964376	99.9415	0.829139	0
5.76452	0.00963294	98.7213	0.859215	0
5.76145	0.00944311	101.446	0.824013	0
5.76448	0.00957395	99.0054	0.834266	0
5.76897	0.00953105	100.092	0.831873	0
5.77625	0.00958718	100.142	0.819911	0
5.77853	0.00933275	101.713	0.843836	0
5.78242	0.00977785	100.527	0.83119	0
5.78698	0.00966912	102.516	0.826405	0
5.77025	0.00954865	99.44	0.824354	0
5.76645	0.00968998	100.476	0.830848	0
5.76535	0.00950948	100.51	0.826405	0
5.75829	0.00955074	100.493	0.832557	0
5.76446	0.00928875	99.6239	0.825038	0
5.76441	0.00961026	101.429	0.844177	0
5.75898	0.00969663	99.0221	0.822646	0
5.78099	0.00984748	100.811	0.822646	0
5.78323	0.00964748	101.195	0.82743	0
5.75512	0.00946639	98.8048	0.824013	0
5.75944	0.00970752	100.259	0.819228	0
5.76421	0.00983196	101.379	0.816152	0
5.76787	0.00982336	99.9248	0.832899	0
5.79181	0.00968816	99.8412	0.824354	0
5.77488	0.00974637	100.176	0.851013	0
5.74361	0.00961306	99.6573	0.839051	0
5.76337	0.00947512	98.5708	0.822304	0
5.77148	0.00978085	100.092	0.837684	0
5.75274	0.00961573	100.025	0.844519	0
5.75515	0.00953685	99.206	0.84281	0
5.76239	0.0095495	100.694	0.84862	0
5.76663	0.00992942	99.8913	0.832215	0
5.75824	0.00951626	98.8717	0.824354	0
5.74491	0.00967864	99.7576	0.828456	0
5.7584	0.00967838	100.309	0.824696	0
5.76179	0.00958438	99.0389	0.838367	0
5.7525	0.00963236	100.961	0.834949	0
5.74944	0.00945791	100.56	0.820253	0
5.74461	0.00951775	101.295	0.832899	0
5.75648	0.00943151	99.9582	0.848279	0
5.76769	0.00972675	99.5738	0.844177	0
5.76098	0.00971873	99.6573	0.836317	0
5.75584	0.00985777	100.376	0.819911	0
5.7636	0.00956521	99.7409	0.820253	0
5.7741	0.00959246	100.844	0.849304	0
5.77279	0.00969174	101.028	0.835975	0
5.76267	0.009545	100.242	0.838025	0
5.75888	0.00956332	99.1559	0.858873	0
5.76151	0.00957043	100.259	0.830848	0
5.7602	0.00982727	100.56	0.824013	0
5.75448	0.00979004	99.3397	0.837684	0
5.74336	0.00944963	100.46	0.864684	0
5.75371	0.00932095	101.646	0.84657	0
5.76287	0.00942538	98.1864	0.837342	0
5.75597	0.00978737	100.276	0.845886	0
5.74966	0.00953979	99.4066	0.816152	0
5.76005	0.00957688	100.293	0.824354	0
5.76765	0.00960811	100.443	0.837342	0
5.75857	0.00933021	99.6072	0.829823	0
5.76546	0.00930205	99.8078	0.823671	0
5.76701	0.0095156	100.209	0.845203	0
5.74004	0.00982668	98.7714	0.832557	0
5.73655	0.0096098	100.995	0.846911	0
5.75642	0.00974422	99.5069	0.84657	0
5.74934	0.00954376	99.7075	0.823671	0
5.74194	0.00959187	100.861	0.84657	0
5.75782	0.00961306	101.212	0.823671	0
5.7737	0.0093497	101.195	0.82162	0
5.76329	0.00967434	99.8412	0.831873	0
5.75315	0.00931802	100.677	0.813076	0
5.75497	0.00953053	101.463	0.837342	0
5.75742	0.00958262	99.5738	0.855456	0
5.76195	0.00984852	100.66	0.818544	0
5.76243	0.00970556	99.6072	0.825722	0
5.75514	0.0094864	99.9749	0.842468	0
5.75346	0.00948822	100.025	0.841101	0
5.74847	0.00961814	98.7547	0.83119	0
5.73739	0.00957792	99.7409	0.829139	0
5.74022	0.00950465	100.493	0.830165	0
5.75302	0.00962264	100.878	0.845886	0
5.75821	0.00954292	101.412	0.856139	0
5.74521	0.0094175	99.7075	0.841443	0
5.73245	0.0094158	99.0054	0.829481	0
5.74006	0.00957362	99.9749	0.841101	0
5.7513	0.00972596	99.4066	0.847595	0
5.76148	0.00961365	100.476	0.818544	0
5.75974	0.00951013	99.6908	0.828456	0
5.73355	0.00953366	100.025	0.855114	0
5.72565	0.00977055	99.8078	0.838025	0
5.74016	0.00949357	100.71	0.824013	0
5.73606	0.00959715	99.6072	0.824696	0
5.74496	0.00949813	100.176	0.854772	0
5.75663	0.00951665	100.142	0.81581	0
5.74169	0.00936632	99.6072	0.79838	0
5.73855	0.00949005	99.9582	0.847937	0
5.74396	0.0093205	99.3732	0.832899	0
5.74859	0.00940459	99.8746	0.824013	0
5.74343	0.00957551	99.7576	0.826063	0
5.74139	0.00980321	99.3565	0.841785	0
5.74714	0.00959663	99.7911	0.839392	0
5.73769	0.0091602	100.092	0.827089	0
5.7413	0.00940518	99.9749	0.852722	0
5.75323	0.00967988	100.995	0.839051	0
5.74691	0.00977205	99.8078	0.856139	0
5.73913	0.00980967	99.557	0.846228	0
5.7443	0.00947173	99.674	0.850671	0
5.73971	0.00931326	98.6544	0.825722	0
5.74969	0.00947982	100.527	0.837684	0
5.7622	0.00959096	101.061	0.827772	0
5.73969	0.0096656	99.4233	0.826405	0
5.72344	0.00951502	99.4233	0.849987	0
5.74379	0.00939501	99.9582	0.821962	0
5.74024	0.00956625	98.4371	0.847937	0
5.72465	0.0096761	98.7881	0.835975	0
5.74276	0.00952219	99.9081	0.835633	0
5.7422	0.00941489	99.2562	0.84657	0
5.72597	0.00962694	100.059	0.837	0
5.75486	0.00977153	101.245	0.841443	0
5.76404	0.00960569	100.978	0.852722	0
5.7305	0.00937832	100.192	0.852038	0
5.72848	0.00945002	98.8717	0.831873	0
5.74078	0.00960048	99.1057	0.849304	0
5.74066	0.00942969	101.429	0.844519	0
5.74108	0.00955237	99.3732	0.849646	0
5.74107	0.00977772	99.7075	0.84657	0
5.74969	0.00966221	100.293	0.827089	0
5.74392	0.00958066	99.3063	0.837	0
5.7179	0.00942903	100.51	0.844519	0
5.7366	0.00943959	100.443	0.820937	0
5.75536	0.00955667	99.4567	0.823671	0
5.73562	0.00966671	100.059	0.816152	0
5.73935	0.00958607	100.125	0.85238	0
5.74794	0.00971462	98.9219	0.818544	0
5.73857	0.00961749	102.232	0.831532	0
5.73965	0.00938321	99.9916	0.813076	0
5.73805	0.00942076	99.7911	0.849304	0
5.72737	0.00954474	98.1529	0.834949	0
5.73204	0.00931072	99.674	0.84862	0
5.74187	0.00947382	101.078	0.829823	0
5.73499	0.00951632	98.9386	0.851354	0
5.73775	0.00979135	100.527	0.844861	0
5.74978	0.00976338	100.861	0.852038	0
5.74422	0.00942643	100.744	0.823671	0
5.75142	0.00962166	101.763	0.844861	0
5.74755	0.00986684	100.426	0.84657	0
5.72313	0.00948334	99.4902	0.828798	0
5.72718	0.00938484	100.844	0.826747	0
5.73764	0.00968933	99.1392	0.814785	0
5.73773	0.00969057	99.089	0.833241	0
5.7435	0.00963105	101.128	0.845203	0
5.7401	0.00949833	100.092	0.82162	0
5.71975	0.00963666	99.7743	0.85238	0
5.71743	0.00946795	100.56	0.871861	0
5.74572	0.00946208	100.125	0.822304	0
5.75475	0.00969324	99.9749	0.822987	0
5.72792	0.00953731	98.4037	0.815468	0
5.7315	0.00973835	100.008	0.841443	0
5.7591	0.00979187	99.8913	0.855798	0
5.7338	0.00978229	98.5541	0.830506	0
5.71487	0.00936658	99.6406	0.849987	0
5.73617	0.00944918	102.248	0.82743	0
5.7328	0.0093308	98.9553	0.818886	0
5.72115	0.00957538	100.309	0.818544	0
5.73613	0.00949383	100.276	0.833582	0
5.74739	0.00945394	99.8078	0.854089	0
5.73546	0.00991781	99.8579	0.851354	0
5.73018	0.00960459	100.159	0.82162	0
5.7366	0.00953529	97.8354	0.821962	0
5.72808	0.00951339	99.3565	0.836658	0
5.72716	0.00954572	100.125	0.820937	0
5.71777	0.00957903	99.8579	0.846911	0
5.70127	0.00948457	100.543	0.832557	0
5.71223	0.00938203	98.387	0.819911	0
5.73074	0.00949709	100.109	0.825722	0
5.73593	0.00964031	98.7046	0.829823	0
5.73242	0.00955661	99.3063	0.829481	0
5.72805	0.00957369	98.8884	0.812051	0
5.73199	0.0098109	100.41	0.81	0
5.73571	0.00949422	99.6406	0.843836	0
5.73378	0.00960765	99.6072	0.825722	0
5.72796	0.00925446	99.089	0.815468	0
5.723	0.00962727	98.6043	0.815127	0
5.72803	0.0096787	99.5236	0.813418	0
5.7377	0.00956195	100.359	0.839734	0
5.73312	0.00933412	99.7242	0.817177	0
5.72802	0.00939624	98.5207	0.834608	0
5.73055	0.00943125	100.326	0.827772	0
5.71863	0.00961743	100.51	0.84076	0
5.71076	0.00921105	98.387	0.828114	0
5.72151	0.00936913	100.493	0.848279	0
5.73804	0.00950087	99.206	0.825038	0
5.74451	0.00950628	100.326	0.837684	0
5.74096	0.0095555	99.3397	0.832899	0
5.72793	0.00929703	99.4233	0.845203	0
5.72687	0.00955615	100.443	0.832899	0
5.73286	0.00980908	98.972	0.846911	0
5.72572	0.00961638	100.326	0.82538	0
5.72925	0.00932728	99.674	0.836317	0
5.73844	0.009451	100.276	0.823671	0
5.73575	0.0095186	98.9887	0.822646	0
5.7319	0.00948653	99.9415	0.852722	0
5.72529	0.00958751	100.075	0.811367	0
5.71934	0.00939005	100.008	0.828114	0
5.73024	0.00941072	99.4735	0.834266	0
5.72911	0.00960635	99.5069	0.832899	0
5.72901	0.00958568	97.6181	0.820937	0
5.72757	0.00963829	99.1726	0.824696	0
5.72145	0.009592	99.8579	0.836317	0
5.73126	0.00930746	100.092	0.826063	0
5.72609	0.00935954	97.8855	0.836658	0
5.7196	0.00923764	100.209	0.842127	0
5.73862	0.00957701	99.6573	0.826747	0
5.74307	0.00954018	100.142	0.814101	0
5.72578	0.00949852	98.9386	0.831532	0
5.72198	0.00955081	98.8383	0.840076	0
5.73125	0.00963601	99.6573	0.850329	0
5.71725	0.00945485	101.011	0.824354	0
5.7269	0.00932447	100.376	0.822304	0
5.75367	0.00963809	100.861	0.838025	0
5.74459	0.00941365	100.008	0.833241	0
5.72787	0.00949865	99.089	0.853405	0
5.72993	0.00954774	99.674	0.851696	0
5.73562	0.00976462	99.4902	0.838709	0
5.72731	0.00958738	99.9582	0.839392	0
5.71323	0.00951358	99.1392	0.831873	0
5.71681	0.00964096	98.5875	0.845203	0
5.723	0.00958099	98.9887	0.850329	0
5.73037	0.00936352	99.4735	0.83119	0
5.74142	0.0097596	98.7213	0.845203	0
5.73461	0.00973216	100.443	0.839392	0
5.72775	0.00932617	98.1028	0.837684	0
5.71941	0.00958444	98.4037	0.820937	0
5.71396	0.00954155	100.025	0.860241	0
5.72784	0.00954918	99.1057	0.839392	0
5.72897	0.00967655	100.176	0.85819	0
5.71588	0.00951756	99.8078	0.847253	0
5.72442	0.00938027	100.025	0.826405	0
5.73342	0.0096096	99.9415	0.841785	0
5.72908	0.00939044	100.359	0.835291	0
5.7371	0.00967518	100.727	0.821279	0
5.74243	0.00945811	98.621	0.818544	0
5.74577	0.0092909	101.128	0.827089	0
5.74449	0.0093834	100.577	0.836317	0
5.74662	0.00968353	100.41	0.826405	0
5.74714	0.0099096	100.159	0.827772	0
5.71578	0.00957903	99.1392	0.82743	0
5.71223	0.00946156	100.71	0.844519	0
5.72613	0.00983268	97.9524	0.837684	0
5.73149	0.00957199	100.159	0.840076	0
5.74973	0.0097362	100.46	0.828798	0
5.74015	0.00945739	99.1893	0.828456	0
5.73203	0.00958946	101.663	0.835633	0
5.7472	0.00965087	101.596	0.827089	0
5.7301	0.00962414	99.557	0.839734	0
5.70985	0.00923653	100.359	0.837342	0
5.72796	0.00929201	101.663	0.822304	0
5.73104	0.0092808	98.6043	0.837342	0
5.71792	0.00955934	99.2729	0.822987	0
5.7389	0.00955582	101.479	0.848962	0
5.74787	0.00964761	99.5236	0.856823	0
5.72321	0.00992824	98.9553	0.840418	0
5.73334	0.00963307	101.379	0.799063	0
5.74017	0.00962688	99.0221	0.823671	0
5.7267	0.00952675	98.972	0.832557	0
5.72486	0.00948184	99.1559	0.811709	0
5.71794	0.00925446	99.5738	0.801114	0
5.71778	0.00953972	99.206	0.837684	0
5.72426	0.00953738	100.443	0.837	0
5.73822	0.00963262	99.674	0.837342	0
5.73633	0.00971997	99.1057	0.815468	0
5.71623	0.00973398	98.6544	0.837342	0
5.73632	0.00947532	100.727	0.812392	0
5.75123	0.0097643	100.393	0.841443	0
5.72994	0.00952988	98.972	0.831873	0
5.73076	0.00956645	101.362	0.848962	0
5.72835	0.00931619	98.5207	0.827772	0
5.71294	0.00922337	100.109	0.837	0
5.73171	0.00950041	99.3565	0.841101	0
5.73198	0.00984461	99.1224	0.848279	0
5.71867	0.00935902	99.4735	0.83119	0
5.72541	0.00951645	99.7075	0.838025	0
5.71609	0.00942362	99.5236	0.849304	0
5.71847	0.00962558	99.5738	0.830165	0
5.72909	0.00975641	99.4233	0.826747	0
5.71515	0.00952649	99.8078	0.826063	0
5.71977	0.00961482	100.961	0.827772	0
5.72909	0.00937871	98.8216	0.843152	0
5.72206	0.00979037	99.1893	0.832215	0
5.72374	0.0095141	100.46	0.835633	0
5.72158	0.00926822	99.44	0.83119	0
5.71956	0.00955967	98.6043	0.825038	0
5.72371	0.00924351	100.276	0.859557	0
5.72097	0.00960354	99.089	0.832899	0
5.72885	0.00951769	98.4037	0.820937	0
5.737	0.00944729	99.7743	0.831532	0
5.72435	0.00962518	99.0054	0.831532	0
5.72204	0.00962388	100.527	0.850671	0
5.73036	0.00971306	100.109	0.819911	0
5.71556	0.00944233	98.3702	0.833924	0
5.70787	0.00959096	98.9553	0.830848	0
5.71893	0.00979715	99.5905	0.825038	0
5.72789	0.00981755	99.206	0.832215	0
5.72515	0.00957721	99.8579	0.822646	0
5.71208	0.00935765	98.8717	0.829139	0
5.72362	0.00955791	99.5069	0.828798	0
5.72313	0.0092922	100.393	0.831873	0
5.69547	0.00955198	97.6348	0.82743	0
5.70416	0.00956723	100.025	0.853063	0
5.73169	0.00936456	101.011	0.852038	0
5.73152	0.00966651	101.095	0.829823	0
5.71591	0.00944031	101.112	0.841785	0
5.71563	0.00947753	100.359	0.841443	0
5.73108	0.00957603	101.028	0.84281	0
5.73343	0.00977636	100.376	0.834608	0
5.71416	0.00956938	98.8383	0.842468	0
5.71049	0.00965224	99.089	0.84076	0
5.72796	0.00954722	99.5738	0.841785	0
5.73552	0.00959592	99.4066	0.811367	0
5.71891	0.0097126	98.9553	0.85238	0
5.72788	0.00972212	99.8412	0.825038	0
5.73949	0.00963959	100.376	0.821962	0
5.7192	0.00965276	101.045	0.820937	0
5.70702	0.00960159	98.4204	0.835291	0
5.72338	0.00956612	99.8913	0.820253	0
5.73245	0.00953066	98.7046	0.856823	0
5.73286	0.00981495	99.7576	0.832899	0
5.73201	0.00944474	99.323	0.830848	0
5.73154	0.00959891	100.309	0.850329	0
5.73289	0.0094218	99.6072	0.845544	0
5.74072	0.00970778	100.861	0.826063	0
5.73822	0.00965569	100.008	0.838367	0
5.72919	0.00979396	100.109	0.810684	0
5.73736	0.00984206	99.4233	0.838367	0
5.74167	0.00968933	100.192	0.812734	0
5.73217	0.00952708	100.125	0.822304	0
5.71686	0.00977264	99.2896	0.818886	0
5.7159	0.00959429	99.089	0.848962	0
5.73873	0.00933295	99.4735	0.841101	0
5.75355	0.00954298	100.008	0.826063	0
5.73306	0.00965569	100.209	0.847595	0
5.70743	0.00944911	99.0556	0.817177	0
5.70984	0.00980693	99.3565	0.827089	0
5.71278	0.0095997	99.2896	0.825038	0
5.72164	0.00935198	99.3732	0.847937	0
5.72575	0.00959057	98.6043	0.828114	0
5.71229	0.00951678	100.426	0.819911	0
5.7272	0.00959311	101.128	0.834949	0
5.73225	0.00982583	99.44	0.839392	0
5.71532	0.00941913	99.0054	0.837684	0
5.70858	0.00937943	99.6908	0.830165	0
5.72004	0.00955987	99.4902	0.818203	0
5.72429	0.00963959	98.621	0.830506	0
5.71317	0.00937402	99.4066	0.836317	0
5.70943	0.00932369	99.6406	0.849646	0
5.7076	0.00948438	98.9887	0.842127	0
5.72128	0.00949813	100.56	0.835633	0
5.73738	0.00947897	100.242	0.830848	0
5.71797	0.00949996	99.4567	0.822987	0
5.72221	0.009466	100.543	0.81581	0
5.74356	0.00953627	100.794	0.844861	0
5.73134	0.00985008	99.9749	0.822304	0
5.71294	0.00941345	99.8913	0.824696	0
5.71966	0.0093896	98.7881	0.829481	0
5.71598	0.00964689	98.3201	0.85443	0
5.71435	0.00950967	99.5403	0.819911	0
5.72972	0.00926072	100.326	0.845886	0
5.72515	0.00952101	99.1726	0.822646	0
5.71815	0.00960152	99.6072	0.862633	0
5.72967	0.0091278	101.429	0.841785	0
5.73145	0.00916717	100.309	0.824013	0
5.72577	0.00940348	99.674	0.853405	0
5.73611	0.00969318	100.593	0.829139	0
5.74447	0.00971703	99.3732	0.822304	0
5.72771	0.00967916	98.5875	0.847253	0
5.72197	0.00951515	99.4567	0.827089	0
5.73137	0.00964996	99.089	0.830165	0
5.72751	0.00945583	99.9749	0.837	0
5.72411	0.00923575	99.9248	0.813418	0
5.72589	0.00953822	98.1028	0.81376	0
5.7274	0.00963711	99.1726	0.828456	0
5.73992	0.00975491	101.68	0.834608	0
5.73805	0.00953255	99.7075	0.826063	0
5.7225	0.00937258	99.6908	0.820595	0
5.72668	0.00952923	98.9051	0.832215	0
5.72992	0.00938347	100.326	0.835291	0
5.7268	0.00952017	99.557	0.824696	0
5.72225	0.00957662	98.5541	0.821962	0
5.71731	0.00954227	98.7881	0.834608	0
5.72242	0.00945055	99.7075	0.830506	0
5.73172	0.00945772	100.426	0.832557	0
5.72678	0.00951221	99.4233	0.826405	0
5.73148	0.00950289	101.145	0.833924	0
5.74459	0.0096817	100.56	0.82538	0
5.74683	0.00959735	100.627	0.828114	0
5.74963	0.00946652	101.563	0.85819	0
5.7298	0.00933627	99.8078	0.816836	0
5.72375	0.00948164	99.9749	0.84281	0
5.73433	0.00965172	100.761	0.833241	0
5.71964	0.00951906	98.2198	0.833241	0
5.71742	0.00924925	99.5403	0.840418	0
5.7265	0.00957343	98.8884	0.838025	0
5.72078	0.00946456	100.961	0.830506	0
5.71943	0.00941567	99.7911	0.830848	0
5.72067	0.00957362	99.0723	0.834266	0
5.72457	0.00940948	99.3732	0.828456	0
5.72191	0.00967277	98.6544	0.832557	0
5.70632	0.00941372	99.2227	0.822987	0
5.7196	0.00959807	100.326	0.84862	0
5.73456	0.00968614	99.44	0.838367	0
5.71027	0.0093499	99.2227	0.822304	0
5.70872	0.00953581	99.1057	0.82538	0
5.74023	0.00960146	100.827	0.844519	0
5.74407	0.00945967	99.9081	0.816152	0
5.71486	0.00941567	99.0389	0.832899	0
5.7099	0.00935061	99.7576	0.809658	0
5.70591	0.00929964	97.8855	0.832557	0
5.70114	0.00941411	99.5069	0.84076	0
5.716	0.00970198	99.2562	0.828114	0
5.72486	0.00959944	99.557	0.834266	0
5.72002	0.00969676	99.8078	0.838025	0
5.7193	0.00940824	98.9553	0.821279	0
5.72127	0.00943471	99.557	0.837	0
5.72132	0.00976645	98.3201	0.816494	0
5.72969	0.00957949	99.5738	0.837	0
5.72962	0.00950706	99.1559	0.824696	0
5.71538	0.00956489	98.8216	0.835975	0
5.72616	0.009507	102.131	0.851696	0
5.74258	0.00976234	98.5708	0.827772	0
5.72835	0.00992205	99.2562	0.817177	0
5.71161	0.00942121	99.4567	0.850329	0
5.716	0.00944944	98.2532	0.822646	0
5.72441	0.00944409	99.7911	0.843494	0
5.72806	0.00954266	99.5738	0.823671	0
5.73509	0.00955165	100.426	0.832215	0
5.72928	0.00950648	99.2896	0.851354	0
5.72526	0.00960811	99.9081	0.835633	0
5.7251	0.00945941	98.5374	0.829481	0
5.72107	0.00944846	100.008	0.843152	0
5.73117	0.0096686	100.209	0.827772	0
5.72996	0.0096538	99.5069	0.838025	0
5.71992	0.00943588	99.0389	0.846228	0
5.72557	0.00948601	99.9916	0.843494	0
5.72977	0.00983678	98.8383	0.816494	0
5.72611	0.00952838	99.0221	0.832899	0
5.72556	0.00950107	99.2227	0.824013	0
5.72828	0.00966743	99.6908	0.834266	0
5.72375	0.00965915	100.075	0.828456	0
5.71277	0.00956606	99.4066	0.814785	0
5.71992	0.00967525	100.476	0.826747	0
5.7124	0.00959618	98.7547	0.811025	0
5.7109	0.00926294	100.226	0.830506	0
5.73466	0.00940452	100.811	0.816494	0
5.72194	0.00949872	98.6878	0.823329	0
5.70869	0.00946293	98.3368	0.825722	0
5.7218	0.00948464	100.159	0.833924	0
5.73021	0.00955921	99.9582	0.828456	0
5.72625	0.00955772	100.443	0.822304	0
5.72279	0.00987674	100.059	0.837	0
5.71523	0.00957127	99.2394	0.837684	0
5.7145	0.00966775	98.9553	0.843836	0
5.723	0.0096819	98.6377	0.843836	0
5.72287	0.00938275	98.6878	0.826747	0
5.72218	0.00943047	99.8746	0.833241	0
5.73095	0.00957486	100.343	0.833582	0
5.7296	0.00960543	98.972	0.839051	0
5.73121	0.00973516	100.476	0.829481	0
5.73125	0.00949657	99.9248	0.839051	0
5.71881	0.00959129	98.8884	0.860241	0
5.72442	0.00957512	98.972	0.84281	0
5.74099	0.00968711	98.9553	0.818203	0
5.73692	0.00947688	100.259	0.826063	0
5.72275	0.0094572	99.1559	0.81	0
5.70789	0.00962851	98.0694	0.850671	0
5.70849	0.00955654	100.343	0.850671	0
5.72753	0.0094924	100.343	0.82538	0
5.72905	0.00950387	99.9916	0.83119	0
5.73251	0.00963307	98.2198	0.844861	0
5.74026	0.00950739	100.109	0.82538	0
5.73072	0.00948216	100.376	0.81376	0
5.72133	0.00932715	100.677	0.833582	0
5.72139	0.00942734	100.242	0.830848	0
5.72383	0.00934253	99.2394	0.831532	0
5.72748	0.00960941	99.1057	0.812392	0
5.72464	0.00937519	99.7576	0.835975	0
5.73015	0.00971964	99.2394	0.830506	0
5.74246	0.00967962	100.092	0.828798	0
5.72941	0.00969696	98.7046	0.845203	0
5.71484	0.0096699	98.6377	0.84076	0
5.71634	0.00925355	99.9081	0.847595	0
5.71711	0.00936254	98.2365	0.851013	0
5.7166	0.00939246	100.059	0.828456	0
5.72506	0.0096437	99.9582	0.822987	0
5.72065	0.00931196	98.4204	0.829481	0
5.72234	0.00948855	99.9916	0.826747	0
5.73211	0.00951339	100.226	0.853063	0
5.72825	0.00959481	99.8412	0.816494	0
5.72321	0.00932708	99.4066	0.833924	0
5.73501	0.00967121	99.9081	0.829139	0
5.73298	0.00943842	98.6544	0.820937	0
5.72664	0.00944246	99.5403	0.834266	0
5.7328	0.00934331	100.343	0.817861	0
5.71632	0.00927597	98.2867	0.825038	0
5.71114	0.00957988	99.089	0.817861	0
5.72336	0.00955791	99.1893	0.832215	0
5.72744	0.00927258	99.5403	0.819228	0
5.7392	0.00961169	101.045	0.844861	0
5.73184	0.00965426	100.309	0.830506	0
5.72397	0.00972551	100.092	0.827772	0
5.72583	0.00969872	99.9081	0.84657	0
5.72108	0.00946932	99.6908	0.833924	0
5.72112	0.00935661	99.206	0.828114	0
5.7243	0.0095497	99.3397	0.84076	0
5.72551	0.00954292	99.674	0.844177	0
5.71166	0.00950563	98.0527	0.829481	0
5.70526	0.00955191	98.6377	0.830848	0
5.73585	0.00967153	98.6711	0.819228	0
5.74138	0.009401	99.7743	0.837342	0
5.72957	0.0093218	100.744	0.833241	0
5.72956	0.00950622	99.1392	0.829139	0
5.71766	0.00962303	100.042	0.828798	0
5.71415	0.00943275	100.092	0.820253	0
5.72426	0.00946834	99.4066	0.823329	0
5.71269	0.0094319	97.7685	0.82743	0
5.70495	0.00926587	98.5875	0.828114	0
5.72361	0.00936424	98.9553	0.82743	0
5.73229	0.00977055	100.192	0.823329	0
5.72752	0.00977512	99.0389	0.831873	0
5.72903	0.0096392	99.5069	0.837	0
5.72576	0.00963027	98.8048	0.836658	0
5.72299	0.00962786	98.7547	0.838709	0
5.72794	0.00933027	99.8579	0.838709	0
5.72481	0.0092952	98.7714	0.854089	0
5.72134	0.0094997	98.7881	0.821962	0
5.73337	0.00965876	100.059	0.831873	0
5.73524	0.00989545	100.125	0.822304	0
5.72661	0.00937623	99.8078	0.830165	0
5.73161	0.00955921	99.5905	0.824013	0
5.72961	0.00947708	100.075	0.81957	0
5.72695	0.00946691	100.995	0.819228	0
5.74408	0.00964604	100.493	0.839392	0
5.74752	0.00954918	99.9081	0.832899	0
5.73484	0.00956189	98.3034	0.809658	0
5.73186	0.00979839	98.855	0.837684	0
5.72426	0.00941971	98.621	0.822646	0
5.71685	0.00949846	98.6544	0.825722	0
5.72482	0.0096879	98.7547	0.819911	0
5.72298	0.00957929	98.4873	0.81957	0
5.71953	0.00956163	99.9916	0.832215	0
5.7229	0.00952343	98.7046	0.838025	0
5.72619	0.00947434	99.089	0.839392	0
5.73678	0.00952173	99.7242	0.82162	0
5.7316	0.00965302	98.8048	0.821962	0
5.72253	0.00958262	99.1559	0.837	0
5.72101	0.00962975	98.6878	0.828456	0
5.71043	0.00955452	99.0556	0.859899	0
5.71508	0.00942943	101.112	0.840076	0
5.72802	0.0097199	99.089	0.834608	0
5.72973	0.00945387	99.3565	0.823329	0
5.73649	0.00933855	98.9051	0.845544	0
5.74174	0.0095583	100.293	0.831873	0
5.73244	0.0093984	100.878	0.838709	0
5.72863	0.00949976	100.543	0.819911	0
5.74031	0.00946267	100.46	0.84657	0
5.73087	0.00934514	98.1864	0.81581	0
5.72835	0.00960159	99.8913	0.823329	0
5.72856	0.00935133	99.1057	0.837342	0
5.73058	0.00934937	100.46	0.828456	0
5.73418	0.0094231	98.6043	0.832215	0
5.71764	0.00961593	98.6544	0.855114	0
5.72731	0.00987753	99.4233	0.834266	0
5.73456	0.0096673	98.9887	0.839392	0
5.71359	0.0095424	98.5875	0.821279	0
5.72002	0.00968138	100.543	0.829823	0
5.73852	0.00962114	99.9248	0.835633	0
5.72797	0.00947799	99.4902	0.842127	0
5.72578	0.00953431	99.7743	0.841101	0
5.72945	0.00963073	99.2227	0.816494	0
5.71309	0.00927858	98.8048	0.810684	0
5.7266	0.00952304	99.9415	0.837	0
5.7538	0.00961332	100.41	0.82162	0
5.75252	0.00952981	100.493	0.820937	0
5.73755	0.00950328	99.1224	0.831873	0
5.72917	0.00955067	99.6908	0.833241	0
5.73143	0.00957642	98.0192	0.828456	0
5.72867	0.00979989	99.674	0.844177	0
5.72411	0.00953366	99.6072	0.848962	0
5.73068	0.00970771	98.1864	0.828456	0
5.7356	0.00949083	99.7576	0.826063	0
5.72802	0.00943288	99.9749	0.827772	0
5.72268	0.00934559	99.3063	0.841443	0
5.74199	0.00947421	101.061	0.846228	0
5.74859	0.00948444	100.059	0.835633	0
5.72445	0.00970634	99.0054	0.836317	0
5.72701	0.00976064	98.4371	0.824696	0
5.73215	0.00942753	99.1224	0.831532	0
5.74067	0.00943268	101.429	0.853405	0
5.74855	0.00961599	99.2227	0.847253	0
5.73143	0.00967225	100.125	0.838025	0
5.73506	0.00935928	100.125	0.822987	0
5.735	0.00945276	99.4735	0.838025	0
5.7367	0.00945856	99.557	0.826063	0
5.74082	0.00948914	99.8746	0.839392	0
5.72168	0.00957492	98.6377	0.826405	0
5.72334	0.00953666	99.8078	0.830848	0
5.7468	0.00950628	99.4735	0.847253	0
5.73324	0.00944924	99.2562	0.847595	0
5.72021	0.00955563	99.7409	0.809317	0
5.72571	0.00948718	99.4902	0.826747	0
5.7294	0.00951371	99.0389	0.830848	0
5.7219	0.0092997	98.9386	0.836317	0
5.70984	0.00940804	98.8216	0.816836	0
5.7223	0.00934299	98.738	0.818544	0
5.73081	0.00966345	98.2867	0.838709	0
5.72285	0.00948184	100.761	0.842127	0
5.73435	0.00931443	98.9553	0.809317	0
5.7497	0.00949768	99.6406	0.840076	0
5.74962	0.00972531	101.162	0.853747	0
5.74866	0.009754	99.5403	0.839051	0
5.73874	0.00979213	99.7576	0.833924	0
5.7236	0.00965432	98.7714	0.832215	0
5.72576	0.00959324	100.627	0.843152	0
5.74138	0.00962258	100.125	0.819228	0
5.72374	0.00979963	98.6711	0.840418	0
5.7124	0.00951006	99.9916	0.83119	0
5.73345	0.00970732	99.3565	0.825722	0
5.73142	0.0094776	98.738	0.821962	0
5.72283	0.00939631	99.5236	0.825722	0
5.73524	0.00951176	98.4204	0.834266	0
5.74304	0.00939605	101.346	0.834608	0
5.73985	0.00960504	99.8746	0.848962	0
5.72429	0.00941065	99.089	0.842468	0
5.72091	0.00975497	98.1195	0.81	0
5.73403	0.00953627	99.7242	0.85238	0
5.72525	0.00924651	98.3201	0.838025	0
5.71285	0.00955902	99.5905	0.828456	0
5.72898	0.00944416	99.9916	0.839051	0
5.74253	0.00949689	99.1559	0.829139	0
5.73657	0.00933151	100.326	0.840418	0
5.73546	0.00964031	99.1392	0.822987	0
5.72104	0.0095512	99.1726	0.822987	0
5.72532	0.00938986	99.5069	0.840076	0
5.73858	0.00957382	99.1392	0.830848	0
5.72625	0.00957245	100.476	0.844177	0
5.73599	0.00944357	101.295	0.837	0
5.74774	0.00963294	98.5374	0.833582	0
5.73967	0.00982981	100.142	0.828798	0
5.73174	0.0097096	99.9749	0.84281	0
5.7273	0.0095246	98.2198	0.83119	0
5.73241	0.00948966	100.042	0.82538	0
5.73908	0.0095203	100.092	0.814785	0
5.73183	0.00962584	97.8019	0.831873	0
5.72935	0.00952336	99.7242	0.825722	0
5.73754	0.00934657	98.3034	0.831532	0
5.74192	0.00963646	100.476	0.839734	0
5.75194	0.00956476	99.3899	0.816494	0
5.74228	0.00952773	98.0527	0.830506	0
5.7243	0.0095759	100.142	0.820595	0
5.72973	0.00951469	97.2837	0.835975	0
5.73699	0.00978164	99.6573	0.829823	0
5.74102	0.00967681	100.059	0.854089	0
5.74042	0.00958744	99.1224	0.832557	0
5.72702	0.00962851	100.393	0.829823	0
5.72498	0.00952766	99.089	0.829823	0
5.73363	0.00937193	99.1893	0.843494	0
5.72328	0.0095306	99.089	0.84657	0
5.72825	0.00925257	100.911	0.825038	0
5.74364	0.00953177	98.738	0.830848	0
5.74394	0.00939761	100.46	0.827772	0
5.74666	0.0093628	99.5738	0.816836	0
5.74495	0.00952277	100.092	0.828114	0
5.72893	0.00980308	98.855	0.832899	0
5.72596	0.00955856	99.5236	0.841101	0
5.72936	0.00939442	98.5374	0.824696	0
5.73501	0.00948862	99.2562	0.830848	0
5.74703	0.0097025	99.4066	0.808291	0
5.73777	0.00946117	98.1362	0.838709	0
5.73924	0.00964311	101.162	0.832215	0
5.73501	0.00949435	98.1362	0.830165	0
5.72377	0.00945159	100.159	0.859215	0
5.7334	0.00957382	99.7911	0.831532	0
5.72814	0.009748	100.209	0.830165	0
5.72533	0.0096834	99.2394	0.84862	0
5.73859	0.00968861	98.6377	0.838025	0
5.74026	0.00960054	99.8245	0.833924	0
5.73964	0.00966195	99.5236	0.818544	0
5.73164	0.00967114	98.8048	0.826747	0
5.73611	0.00953216	99.4735	0.835975	0
5.74944	0.00935655	101.195	0.828456	0
5.74396	0.00929253	100.059	0.819911	0
5.73954	0.00967049	99.9248	0.828114	0
5.73318	0.00957245	98.5374	0.839051	0
5.72693	0.00932317	99.3899	0.839392	0
5.73165	0.00951743	99.0054	0.841785	0
5.73078	0.00952688	99.3397	0.850671	0
5.71731	0.00948275	99.0556	0.837	0
5.73603	0.00945152	99.6406	0.841443	0
5.75782	0.00937258	100.059	0.820937	0
5.73678	0.00933705	99.9081	0.829481	0
5.73015	0.00945433	100.309	0.845203	0
5.74292	0.00947962	100.209	0.824013	0
5.7416	0.00962968	99.674	0.829481	0
5.73793	0.00927271	100.276	0.814785	0
5.73033	0.0093675	99.44	0.813076	0
5.72685	0.00951554	99.6239	0.837342	0
5.73674	0.00941776	100.075	0.832215	0
5.72421	0.0096068	97.7852	0.82538	0
5.71404	0.00961462	99.3899	0.825722	0
5.73511	0.00957499	98.738	0.841101	0
5.73207	0.00962271	100.426	0.838367	0
5.73046	0.00965367	98.972	0.838025	0
5.74455	0.00962355	100.125	0.815468	0
5.7282	0.0093598	99.7911	0.825722	0
5.71812	0.00943686	97.7518	0.849987	0
5.73678	0.0098008	99.6573	0.857506	0
5.72624	0.00962681	99.0221	0.820595	0
5.71936	0.00951919	96.5316	0.84281	0
5.74003	0.00947375	100.894	0.843836	0
5.74269	0.00948588	98.1362	0.845544	0
5.72628	0.00955478	98.9386	0.837	0
5.73182	0.00963672	99.6072	0.834608	0
5.73754	0.00958457	98.4204	0.833582	0
5.7334	0.00944344	100.293	0.831873	0
5.73839	0.00934618	100.443	0.839051	0
5.74082	0.00955745	99.2562	0.830848	0
5.74622	0.00954657	99.44	0.831532	0
5.73872	0.00954579	99.2729	0.829139	0
5.72202	0.0094744	100.41	0.832899	0
5.73524	0.00956717	99.5236	0.846911	0
5.7538	0.00958073	100.059	0.85238	0
5.74272	0.00943783	99.7743	0.847595	0
5.73892	0.00951658	99.4567	0.82538	0
5.73882	0.00961867	100.092	0.813076	0
5.74515	0.0099875	99.7242	0.820937	0
5.75239	0.00981977	97.8688	0.821279	0
5.7431	0.00960498	99.7075	0.823671	0
5.74515	0.00950746	99.8412	0.830848	0
5.73571	0.00970973	99.2394	0.839392	0
5.72947	0.00961378	98.7881	0.844519	0
5.75397	0.00987349	99.0389	0.832899	0
5.74675	0.00972355	100.042	0.837342	0
5.73492	0.00956945	98.7714	0.812051	0
5.75133	0.00947147	98.7547	0.813418	0
5.75707	0.0095583	100.627	0.833924	0
5.73882	0.0095027	100.443	0.814443	0
5.7279	0.00957708	98.9051	0.826405	0
5.72528	0.00933771	101.045	0.825722	0
5.72575	0.00955719	98.5875	0.838709	0
5.72828	0.00951013	98.6711	0.826063	0
5.72097	0.00930283	98.6878	0.826063	0
5.74016	0.00961404	100.761	0.829481	0
5.75724	0.0094465	100.593	0.844861	0
5.74553	0.00960589	101.362	0.829823	0
5.74647	0.00952936	99.0723	0.861266	0
5.73417	0.0097995	97.6515	0.839051	0
5.71266	0.00966795	98.4873	0.81	0
5.71548	0.00942004	98.1864	0.811367	0
5.73006	0.00962088	99.2896	0.827772	0
5.73367	0.00952323	99.7743	0.851013	0
5.72776	0.00979004	97.6348	0.845886	0
5.72871	0.00939585	100.159	0.823671	0
5.74671	0.00937754	99.4735	0.833241	0
5.75597	0.00960465	100.259	0.832899	0
5.74913	0.00950244	99.2227	0.803848	0
5.7356	0.00953614	98.4204	0.806924	0
5.73242	0.00955752	98.9386	0.830165	0
5.74727	0.00952538	100.142	0.833924	0
5.75273	0.00962088	100.694	0.851354	0
5.7459	0.00959077	100.008	0.861949	0
5.73295	0.0092808	98.6711	0.825722	0
5.73578	0.0093233	99.4902	0.845544	0
5.75039	0.00943666	99.5236	0.830848	0
5.73485	0.00952845	98.8216	0.853063	0
5.73619	0.00935563	100.142	0.83119	0
5.74832	0.00955354	98.1362	0.817861	0
5.73113	0.00962753	99.0723	0.829823	0
5.73785	0.00945016	98.5875	0.824696	0
5.75157	0.00937767	101.295	0.811367	0
5.74121	0.00921574	99.3565	0.823671	0
5.73123	0.00931645	99.6908	0.827772	0
5.73178	0.00944618	100.176	0.844861	0
5.73154	0.00940231	100.393	0.852722	0
5.73642	0.00940198	100.376	0.830848	0
5.75672	0.00950785	99.9749	0.850671	0
5.74504	0.00943366	99.5905	0.831532	0
5.7162	0.00953803	99.9749	0.826405	0
5.72997	0.00925876	99.8579	0.825722	0
5.75651	0.00946873	99.1726	0.836317	0
5.74516	0.00954148	98.0192	0.829481	0
5.73913	0.00973203	98.8717	0.84281	0
5.73692	0.00984819	98.5708	0.845203	0
5.71791	0.00959396	99.1893	0.843494	0
5.73276	0.00950641	99.9916	0.827772	0
5.74944	0.00933138	98.855	0.823329	0
5.74052	0.00935915	99.4066	0.819228	0
5.73417	0.009263	99.8913	0.833241	0
5.73762	0.00975791	99.5905	0.823329	0
5.73214	0.00948086	98.855	0.819228	0
5.72696	0.00937656	99.1893	0.834608	0
5.74355	0.00957492	100.159	0.833924	0
5.73767	0.0094819	97.15	0.82538	0
5.73859	0.0096993	99.0556	0.842127	0
5.74834	0.00930192	99.4902	0.803506	0
5.73026	0.00924012	99.4066	0.830848	0
5.72326	0.00946697	98.6043	0.847253	0
5.73292	0.00955752	99.557	0.823671	0
5.73315	0.00951397	98.9386	0.84076	0
5.72452	0.00952682	98.2867	0.84076	0
5.72317	0.00964657	100.042	0.848962	0
5.72513	0.0095027	98.7213	0.84862	0
5.72259	0.00953001	97.8855	0.843836	0
5.73871	0.00972512	99.4233	0.828114	0
5.73495	0.0093909	100.209	0.829481	0
5.71878	0.00946919	98.5207	0.827772	0
5.73223	0.00964076	99.1057	0.822304	0
5.73151	0.00963138	98.9219	0.828114	0
5.72303	0.00946391	99.9081	0.830848	0
5.73921	0.00952349	99.1224	0.837684	0
5.75032	0.00946352	99.7409	0.853405	0
5.74691	0.00948184	99.4902	0.817177	0
5.73531	0.0093615	97.7685	0.826747	0
5.72626	0.00945309	98.5875	0.849646	0
5.73579	0.00944461	99.5403	0.849987	0
5.74722	0.00950935	100.226	0.856139	0
5.7454	0.00951215	100.176	0.832215	0
5.74295	0.00959122	100.042	0.826063	0
5.74732	0.00932897	100.794	0.845886	0
5.75901	0.00940094	100.46	0.833582	0
5.75119	0.00946443	99.3063	0.834608	0
5.73962	0.0095718	99.5738	0.826747	0
5.7578	0.00962636	100.109	0.833241	0
5.75084	0.00957323	98.9219	0.843494	0
5.72475	0.00957525	99.4735	0.850329	0
5.74238	0.00933412	99.4902	0.841101	0
5.76187	0.00952277	100.059	0.825038	0
5.73238	0.00940224	98.1028	0.817861	0
5.71497	0.00959057	99.3063	0.868443	0
5.72718	0.00949657	99.0556	0.826747	0
5.73747	0.00947382	100.042	0.840418	0
5.74175	0.00914084	99.5738	0.832557	0
5.75498	0.00950002	100.075	0.841101	0
5.75253	0.00952225	99.8746	0.839051	0
5.73489	0.00956534	99.557	0.861266	0
5.74636	0.00952571	99.0054	0.835633	0
5.7411	0.00957303	98.7881	0.831532	0
5.73209	0.00956202	99.8412	0.840076	0
5.75044	0.00934761	100.042	0.846911	0
5.74674	0.00958555	99.9916	0.845544	0
5.74228	0.00969265	99.6239	0.834949	0
5.76052	0.00970041	99.0556	0.820937	0
5.75737	0.00942571	99.9916	0.845886	0
5.74531	0.00962558	100.042	0.835633	0
5.74506	0.00943523	100.543	0.835975	0
5.7377	0.00927708	98.738	0.832557	0
5.74061	0.00940896	98.9553	0.817861	0
5.75432	0.00970211	100.242	0.832215	0
5.75152	0.00973529	98.7213	0.836317	0
5.74164	0.00956319	100.493	0.838025	0
5.75798	0.00951254	99.8746	0.836658	0
5.75489	0.00961065	98.855	0.830848	0
5.72952	0.00991299	99.4902	0.841443	0
5.73547	0.00964428	99.1893	0.840418	0
5.74424	0.00975941	99.0389	0.822646	0
5.73332	0.00974565	99.2227	0.829481	0
5.73237	0.0092617	99.2394	0.811367	0
5.73896	0.00945081	99.6239	0.84076	0
5.73188	0.00947356	99.206	0.840418	0
5.74172	0.00937728	99.7743	0.826405	0
5.75511	0.00960459	98.6878	0.844519	0
5.74105	0.00952825	99.6908	0.838025	0
5.7341	0.00945322	100.059	0.833241	0
5.74467	0.00956462	100.694	0.838709	0
5.73852	0.0092952	99.2729	0.843152	0
5.72438	0.00946547	99.8746	0.815127	0
5.74703	0.00926144	99.5069	0.84281	0
5.75187	0.00968796	99.2227	0.825722	0
5.73531	0.00955354	99.8412	0.834608	0
5.74055	0.00946971	98.9386	0.844519	0
5.72818	0.00964943	98.9887	0.824013	0
5.73335	0.009786	98.5374	0.841785	0
5.75909	0.00978998	99.4902	0.818886	0
5.74583	0.00956176	99.6072	0.831532	0
5.75222	0.00949337	100.66	0.855114	0
5.76596	0.00942343	99.206	0.800772	0
5.75135	0.00949618	101.061	0.840076	0
5.7391	0.00957838	97.9524	0.84281	0
5.73667	0.00933953	98.9219	0.816836	0
5.7467	0.00949135	99.323	0.826063	0
5.7597	0.00972134	99.9582	0.826063	0
5.75241	0.00915942	100.209	0.851013	0
5.73856	0.00946059	97.7351	0.833241	0
5.73924	0.00946345	98.504	0.845886	0
5.73413	0.00947154	98.1529	0.842127	0
5.72803	0.00936834	99.557	0.826063	0
5.73849	0.00952551	99.3899	0.839051	0
5.75119	0.00947603	99.4902	0.83119	0
5.74611	0.00948412	97.7351	0.830506	0
5.74509	0.00922135	100.744	0.847253	0
5.76354	0.00954526	99.6072	0.832215	0
5.75609	0.00931639	100.493	0.837342	0
5.74791	0.00933829	99.2729	0.81581	0
5.75806	0.00970856	98.5374	0.83119	0
5.7511	0.00963405	98.6878	0.813418	0
5.73485	0.00965667	98.3034	0.841101	0
5.74451	0.0094467	98.8383	0.851354	0
5.75093	0.00951039	99.4567	0.828114	0
5.73992	0.00941743	99.2394	0.835291	0
5.75058	0.00973744	101.262	0.850671	0
5.75954	0.0098141	98.2031	0.822304	0
5.74425	0.00954487	97.8354	0.812051	0
5.73876	0.00962734	98.8048	0.84281	0
5.73972	0.00962773	99.0723	0.828114	0
5.73286	0.00951847	99.8078	0.845544	0
5.7313	0.00985569	99.5738	0.844861	0
5.73753	0.0094748	99.9081	0.832899	0
5.73684	0.00942258	98.7213	0.822304	0
5.73945	0.00941437	99.206	0.826063	0
5.73252	0.00945628	98.2031	0.845203	0
5.73804	0.00962564	100.008	0.829823	0
5.76078	0.00935433	100.142	0.812392	0
5.76544	0.00957466	100.075	0.828456	0
5.75501	0.00970061	100.71	0.833582	0
5.75336	0.00946997	98.8884	0.846911	0
5.7518	0.00972231	98.855	0.85443	0
5.74614	0.00971814	98.6711	0.834266	0
5.73806	0.00952525	97.3506	0.839051	0
5.73355	0.00947193	99.1893	0.847253	0
5.74904	0.0094349	100.961	0.824354	0
5.7656	0.00952017	99.0723	0.810684	0
5.75038	0.00958288	99.4233	0.826747	0
5.74226	0.00948164	100.41	0.840076	0
5.75093	0.00932395	98.8048	0.827772	0
5.74642	0.00940048	99.6908	0.824696	0
5.75285	0.0095145	99.6573	0.843836	0
5.75409	0.00966371	99.4233	0.825038	0
5.73487	0.00929775	98.4705	0.829823	0
5.74063	0.00981097	100.192	0.845544	0
5.75697	0.00953568	99.8913	0.844519	0
5.75737	0.00953588	99.9081	0.82743	0
5.75177	0.00979304	98.8383	0.848962	0
5.7613	0.00965172	99.674	0.851354	0
5.76714	0.00959546	100.209	0.840076	0
5.74891	0.00938562	100.376	0.818544	0
5.75607	0.00947708	101.195	0.848962	0
5.7775	0.0099229	97.6682	0.84076	0
5.7596	0.00935127	99.3565	0.827772	0
5.74989	0.00962525	99.1893	0.847937	0
5.75628	0.00958183	100.276	0.837	0
5.75152	0.00955439	99.1392	0.836317	0
5.74322	0.00978841	99.3565	0.84281	0
5.74996	0.00957851	99.1559	0.818203	0
5.75409	0.0094439	98.621	0.805557	0
5.75643	0.0096274	100.376	0.81957	0
5.76778	0.00952336	100.644	0.840076	0
5.74901	0.0094113	98.6878	0.83119	0
5.74268	0.00939963	100.176	0.820253	0
5.76047	0.00951769	99.9248	0.816836	0
5.75578	0.00955172	98.7547	0.835291	0
5.76273	0.00964468	101.279	0.824696	0
5.7717	0.00969252	98.7714	0.830165	0
5.76115	0.00999161	100.125	0.831873	0
5.7577	0.00953301	98.5374	0.838367	0
5.7453	0.00963679	99.8746	0.830848	0
5.75149	0.0093645	99.4567	0.842127	0
5.76187	0.00922865	99.7911	0.838367	0
5.74982	0.00947382	98.9553	0.822646	0
5.73705	0.00949931	98.9386	0.829481	0
5.73783	0.00927597	100.092	0.837342	0
5.7508	0.00975745	99.9749	0.855798	0
5.75009	0.00975491	98.8383	0.821279	0
5.73987	0.00945472	98.855	0.827089	0
5.75005	0.00959826	99.206	0.832557	0
5.76849	0.00953086	99.7242	0.841101	0
5.76598	0.00931645	100.176	0.843152	0
5.74928	0.00959572	98.621	0.815127	0
5.75035	0.00962088	98.9887	0.850671	0
5.74478	0.00937082	99.1224	0.830848	0
5.73735	0.00957708	98.9219	0.83119	0
5.7466	0.00941815	99.1392	0.838025	0
5.75894	0.00944175	99.6908	0.810684	0
5.7525	0.00929051	99.4233	0.833582	0
5.74499	0.00935954	98.3702	0.833241	0
5.76821	0.00978437	100.644	0.824354	0
5.76095	0.00918979	98.7881	0.831532	0
5.74315	0.0095115	99.44	0.842127	0
5.76171	0.00975921	100.827	0.852722	0
5.7544	0.00966436	98.2532	0.823329	0
5.73702	0.00938145	98.504	0.837342	0
5.74928	0.00944598	99.3565	0.820595	0
5.75418	0.00952408	99.6908	0.81376	0
5.75174	0.00966547	98.0527	0.84657	0
5.75838	0.00945009	99.7242	0.809658	0
5.75528	0.00960133	98.8048	0.827772	0
5.742	0.00952043	98.855	0.828798	0
5.75008	0.00940733	98.4873	0.839051	0
5.76066	0.00952877	99.7743	0.823671	0
5.74113	0.00946867	98.9051	0.835633	0
5.72952	0.0096611	99.9749	0.864684	0
5.74614	0.00949618	98.2867	0.850671	0
5.75254	0.00944214	99.1224	0.82743	0
5.75837	0.00961932	98.1028	0.827089	0
5.75778	0.00975204	98.504	0.849646	0
5.74916	0.00941345	100.343	0.83119	0
5.74699	0.00934612	99.2896	0.81376	0
5.74831	0.00932539	98.4705	0.827089	0
5.7614	0.00937532	99.0556	0.855456	0
5.76716	0.00979819	99.0389	0.844519	0
5.74266	0.00942128	98.2365	0.823329	0
5.73566	0.00946997	99.3899	0.839392	0
5.74186	0.00945667	98.27	0.830165	0
5.74647	0.00930309	100.878	0.835633	0
5.74869	0.0095993	98.4705	0.835291	0
5.74788	0.00970139	99.8913	0.830165	0
5.75087	0.00952017	98.972	0.836658	0
5.7526	0.0095173	99.8579	0.844861	0
5.75361	0.00964331	98.4371	0.834949	0
5.75204	0.00948327	97.7016	0.826747	0
5.75493	0.00936046	100.025	0.844519	0
5.76136	0.00954292	99.6239	0.832215	0
5.74505	0.00947408	98.0025	0.822987	0
5.74559	0.0092791	100.075	0.828798	0
5.76354	0.00969128	99.1224	0.849646	0
5.75649	0.0093939	99.5905	0.847937	0
5.74417	0.00944383	97.8521	0.820937	0
5.74997	0.00963516	99.5403	0.829139	0
5.76535	0.00960902	99.7242	0.844177	0
5.76158	0.00971273	100.41	0.827772	0
5.7466	0.00951834	99.1559	0.839734	0
5.75179	0.00941991	99.2729	0.836317	0
5.76279	0.00949865	99.0054	0.812392	0
5.76131	0.0093396	99.2562	0.825038	0
5.76618	0.00950935	99.3063	0.820595	0
5.76153	0.00944768	98.6711	0.827089	0
5.76981	0.00961704	100.008	0.809317	0
5.76761	0.00937721	99.9749	0.829139	0
5.75758	0.00956169	100.109	0.82538	0
5.75868	0.00946619	99.5905	0.843836	0
5.76296	0.00951176	99.9916	0.835633	0
5.76475	0.0092658	98.4538	0.820595	0
5.74696	0.00934488	98.3034	0.863658	0
5.73757	0.00948497	98.972	0.825038	0
5.74363	0.00941235	98.1864	0.832557	0
5.74464	0.00957942	98.7213	0.84281	0
5.74736	0.00969787	98.1864	0.825722	0
5.7449	0.00971097	99.2562	0.837684	0
5.75061	0.00966449	97.8855	0.819228	0
5.76509	0.0093718	99.3397	0.822646	0
5.77811	0.00952473	99.1893	0.828456	0
5.76714	0.00931091	97.4676	0.807266	0
5.74359	0.00948412	99.2394	0.861266	0
0	0	0	0	0
0	0	0	0	0
0	0	0	0	0
0	0	0	0	0
0	0	0	0	0
0	0	0	0	0
0	0	0	0	0
0	0	0	0	0
0	0	0	0	0
0	0	0	0	0
0	0	0	0	0
0	0	0	0	0
0	0	0	0	0
0	0	0	0	0
0	0	0	0	0
0	0	0	0	0
0	0	0	0	0
0	0	0	0	0
0	0	0	0	0
0	0	0	0	0
0	0	0	0	0
0	0	0	0	0
0	0	0	0	0
0	0	0	0	0
0	0	0	0	0
0	0	0	0	0
0	0	0	0	0
0	0	0	0	0
0	0	0	0	0
0	0	0	0	0
0	0	0	0	0
0	0	0	0	0
0	0	0	0	0
0	0	0	0	0
0	0	0	0	0
0	0	0	0	0
0	0	0	0	0
0	0	0	0	0
0	0	0	0	0
0	0	0	0	0
0	0	0	0	0
0	0	0	0	0
0	0	0	0	0
0	0	0	0	0
0	0	0	0	0
0	0	0	0	0
0	0	0	0	0
0	0	0	0	0
0	0	0	0	0
0	0	0	0	0
0	0	0	0	0
0	0	0	0	0
0	0	0	0	0
0	0	0	0	0
0	0	0	0	0
0	0	0	0	0
0	0	0	0	0
0	0	0	0	0
0	0	0	0	0
0	0	0	0	0
0	0	0	0	0
0	0	0	0	0
0	0	0	0	0
0	0	0	0	0
0	0	0	0	0
0	0	0	0	0
0	0	0	0	0
0	0	0	0	0
0	0	0	0	0
0	0	0	0	0
0	0	0	0	0
0	0	0	0	0
0	0	0	0	0
0	0	0	0	0
0	0	0	0	0
0	0	0	0	0
0	0	0	0	0
0	0	0	0	0
0	0	0	0	0
0	0	0	0	0
0	0	0	0	0
0	0	0	0	0
0	0	0	0	0
0	0	0	0	0
0	0	0	0	0
0	0	0	0	0
0	0	0	0	0
0	0	0	0	0
0	0	0	0	0
0	0	0	0	0
0	0	0	0	0
0	0	0	0	0
0	0	0	0	0
0	0	0	0	0
0	0	0	0	0
0	0	0	0	0
0	0	0	0	0
0	0	0	0	0
0	0	0	0	0
0	0	0	0	0
0	0	0	0	0
0	0	0	0	0
0	0	0	0	0
0	0	0	0	0
0	0	0	0	0
0	0	0	0	0
0	0	0	0	0
0	0	0	0	0
0	0	0	0	0
0	0	0	0	0
0	0	0	0	0
0	0	0	0	0
0	0	0	0	0
0	0	0	0	0
0	0	0	0	0
0	0	0	0	0
0	0	0	0	0
0	0	0	0	0
0	0	0	0	0
0	0	0	0	0
0	0	0	0	0
0	0	0	0	0
0	0	0	0	0
0	0	0	0	0
0	0	0	0	0
0	0	0	0	0
0	0	0	0	0
0	0	0	0	0
0	0	0	0	0
0	0	0	0	0
0	0	0	0	0
0	0	0	0	0
0	0	0	0	0
0	0	0	0	0
0	0	0	0	0
0	0	0	0	0
0	0	0	0	0
0	0	0	0	0
0	0	0	0	0
0	0	0	0	0
0	0	0	0	0
0	0	0	0	0
0	0	0	0	0
0	0	0	0	0
0	0	0	0	0
0	0	0	0	0
0	0	0	0	0
0	0	0	0	0
0	0	0	0	0
0	0	0	0	0
0	0	0	0	0
0	0	0	0	0
0	0	0	0	0
0	0	0	0	0
0	0	0	0	0
0	0	0	0	0
0	0	0	0	0
0	0	0	0	0
0	0	0	0	0
0	0	0	0	0
0	0	0	0	0
0	0	0	0	0
0	0	0	0	0
0	0	0	0	0
0	0	0	0	0
0	0	0	0	0
0	0	0	0	0
0	0	0	0	0
0	0	0	0	0
0	0	0	0	0
0	0	0	0	0
0	0	0	0	0
0	0	0	0	0
0	0	0	0	0
0	0	0	0	0
0	0	0	0	0
0	0	0	0	0
0	0	0	0	0
0	0	0	0	0
0	0	0	0	0
0	0	0	0	0
0	0	0	0	0
0	0	0	0	0
0	0	0	0	0
0	0	0	0	0
0	0	0	0	0
0	0	0	0	0
0	0	0	0	0
0	0	0	0	0
0	0	0	0	0
0	0	0	0	0
0	0	0	0	0
0	0	0	0	0
0	0	0	0	0
0	0	0	0	0
0	0	0	0	0
0	0	0	0	0
0	0	0	0	0
0	0	0	0	0
0	0	0	0	0
0	0	0	0	0
0	0	0	0	0
0	0	0	0	0
0	0	0	0	0
0	0	0	0	0
0	0	0	0	0
0	0	0	0	0
0	0	0	0	0
0	0	0	0	0
0	0	0	0	0
0	0	0	0	0
0	0	0	0	0
0	0	0	0	0
0	0	0	0	0
0	0	0	0	0
0	0	0	0	0
0	0	0	0	0
0	0	0	0	0
0	0	0	0	0
0	0	0	0	0
0	0	0	0	0
0	0	0	0	0
0	0	0	0	0
0	0	0	0	0
0	0	0	0	0
0	0	0	0	0
0	0	0	0	0
0	0	0	0	0
0	0	0	0	0
0	0	0	0	0
0	0	0	0	0
0	0	0	0	0
0	0	0	0	0
0	0	0	0	0
0	0	0	0	0
0	0	0	0	0
0	0	0	0	0
0	0	0	0	0
0	0	0	0	0
0	0	0	0	0
0	0	0	0	0
0	0	0	0	0
0	0	0	0	0
0	0	0	0	0
0	0	0	0	0
0	0	0	0	0
0	0	0	0	0
0	0	0	0	0
0	0	0	0	0
0	0	0	0	0
0	0	0	0	0
0	0	0	0	0
0	0	0	0	0
0	0	0	0	0
0	0	0	0	0
0	0	0	0	0
0	0	0	0	0
0	0	0	0	0
0	0	0	0	0
0	0	0	0	0
0	0	0	0	0
0	0	0	0	0
0	0	0	0	0
0	0	0	0	0
0	0	0	0	0
0	0	0	0	0
0	0	0	0	0
0	0	0	0	0
0	0	0	0	0
0	0	0	0	0
0	0	0	0	0
0	0	0	0	0
0	0	0	0	0
0	0	0	0	0
0	0	0	0	0
0	0	0	0	0
0	0	0	0	0
0	0	0	0	0
0	0	0	0	0
0	0	0	0	0
0	0	0	0	0
0	0	0	0	0
0	0	0	0	0
0	0	0	0	0
0	0	0	0	0
0	0	0	0	0
0	0	0	0	0
0	0	0	0	0
0	0	0	0	0
0	0	0	0	0
0	0	0	0	0
0	0	0	0	0
0	0	0	0	0
0	0	0	0	0
0	0	0	0	0
0	0	0	0	0
0	0	0	0	0
0	0	0	0	0
0	0	0	0	0
0	0	0	0	0
0	0	0	0	0
0	0	0	0	0
0	0	0	0	0
0	0	0	0	0
0	0	0	0	0
0	0	0	0	0
0	0	0	0	0
0	0	0	0	0
0	0	0	0	0
0	0	0	0	0
0	0	0	0	0
0	0	0	0	0
0	0	0	0	0
0	0	0	0	0
0	0	0	0	0
0	0	0	0	0
0	0	0	0	0
0	0	0	0	0
0	0	0	0	0
0	0	0	0	0
0	0	0	0	0
0	0	0	0	0
0	0	0	0	0
0	0	0	0	0
0	0	0	0	0
0	0	0	0	0
0	0	0	0	0
0	0	0	0	0
0	0	0	0	0
0	0	0	0	0
0	0	0	0	0
0	0	0	0	0
0	0	0	0	0
0	0	0	0	0
0	0	0	0	0
0	0	0	0	0
0	0	0	0	0
0	0	0	0	0
0	0	0	0	0
0	0	0	0	0
0	0	0	0	0
0	0	0	0	0
0	0	0	0	0
0	0	0	0	0
0	0	0	0	0
0	0	0	0	0
0	0	0	0	0
0	0	0	0	0
0	0	0	0	0
0	0	0	0	0
0	0	0	0	0
0	0	0	0	0
0	0	0	0	0
0	0	0	0	0
0	0	0	0	0
0	0	0	0	0
0	0	0	0	0
0	0	0	0	0
0	0	0	0	0
0	0	0	0	0
0	0	0	0	0
0	0	0	0	0
0	0	0	0	0
0	0	0	0	0
0	0	0	0	0
0	0	0	0	0
0	0	0	0	0
0	0	0	0	0
0	0	0	0	0
0	0	0	0	0
0	0	0	0	0
0	0	0	0	0
0	0	0	0	0
0	0	0	0	0
0	0	0	0	0
0	0	0	0	0
0	0	0	0	0
0	0	0	0	0
0	0	0	0	0
0	0	0	0	0
0	0	0	0	0
0	0	0	0	0
0	0	0	0	0
0	0	0	0	0
0	0	0	0	0
0	0	0	0	0
0	0	0	0	0
0	0	0	0	0
0	0	0	0	0
0	0	0	0	0
0	0	0	0	0
0	0	0	0	0
0	0	0	0	0
0	0	0	0	0
0	0	0	0	0
0	0	0	0	0
0	0	0	0	0
0	0	0	0	0
0	0	0	0	0
0	0	0	0	0
