a2610508.050148
Narit-cm 05/01/2026 07:35:02 05/01/2026 08:05:01 0045 0013.384714 0052.542598 00.0 00.0
0002381 0010 0000000 0010 05 0000000 0010 0000000 0010
1 0 1 01600 1 0000 3.75 00000.o 0 0 01 000 16 002381 0.500 BT0
1 2 1 02000 1 0000 3.75 00000.o 0 0 01 000 16 002381 0.500 S2A0
1 1 1 01600 1 0000 3.75 00000.o 0 0 00 000 00 002381 3.1746 BC0
1 3 1 02000 1 0000 3.75 00000.o 0 0 00 000 00 002381 3.1746 S2P0
1 5 0 01600 0 0000 1.00 00000.o 0 0 00 000 00 000000 0.000 OF0
0.000 .o Analog 0 	0.000 .o Analog StErr 0 	0.000 .o Photon Counting 0 	0.000 .o PC StErr 0 	0.000 .o Overflow Info 0 
31.2211	0.162155	180.546	0.897057	0
68.8364	0.388062	194.355	0.878117	0
270.612	2.28007	113.331	1.3523	0
473.258	0.0691227	1.12558	0.137744	0
473.457	0	0	0	0
473.457	0	0.050399	0.0289262	0
473.457	0	28.8954	0.68562	0
473.457	1.43185E-5	13.6749	0.528592	0
473.457	0	1.46157	0.182511	0
473.457	0	6.45107	0.355723	0
473.457	0	33.9689	0.744505	0
473.457	0	101.084	1.05787	0
473.457	0	147.652	1.00071	0
473.457	0	95.9597	1.02791	0
473.457	0	58.9668	0.832661	0
473.457	0	68.8954	0.866064	0
473.457	6.43677E-6	87.7278	0.87364	0
473.457	0	94.6829	0.881905	0
473.457	0	96.4637	0.915996	0
473.457	0	100.748	0.877772	0
473.457	0	117.127	0.928738	0
473.457	0	141.806	0.939413	0
473.457	6.43677E-6	165.897	0.926327	0
473.457	0	183.587	0.9005	0
473.457	0	193.919	0.900156	0
473.457	0	200.202	0.87364	0
473.457	0	201.294	0.890169	0
473.457	0	202.251	0.887415	0
473.457	6.43677E-6	204.099	0.880527	0
473.457	0	202.201	0.87364	0
473.457	0	200.252	0.882593	0
473.62	0.0395938	199.58	0.883971	1
476.83	0.171097	198.253	0.902222	1
489.602	0.244175	198.152	0.881905	1
499.863	0.0312	197.194	0.886726	1
500	0	197.346	0.890169	1
500	0	197.194	0.885004	1
499.976	0.0110768	199.446	0.895335	1
498.71	0.108487	197.178	0.857455	1
490.847	0.350571	197.06	0.84127	1
464.405	0.601726	198.169	0.897745	1
424.205	0.652272	198.538	0.876739	0
383.941	0.638703	198.354	0.88707	0
344.651	0.630465	197.917	0.896368	0
306.114	0.615697	201.159	0.87915	0
268.831	0.604256	198.505	0.883282	0
230.714	0.581451	199.244	0.87915	0
191.64	0.534537	199.983	0.873985	0
155.633	0.47794	200.689	0.88707	0
124.655	0.426147	200.571	0.88156	0
98.3503	0.368877	200.874	0.867786	0
76.6255	0.309974	198.118	0.869508	0
59.3143	0.257339	197.228	0.864687	0
46.0182	0.209166	196.018	0.897745	0
36.1873	0.164836	194.339	0.873296	0
29.0485	0.128839	192.81	0.862621	0
23.8854	0.102081	191.617	0.882249	0
20.1955	0.0812881	191.651	0.859177	0
17.543	0.0665398	189.735	0.864687	0
15.58	0.0556724	189.063	0.864342	0
14.2062	0.0472986	188.358	0.847813	0
13.2863	0.0407765	187.787	0.86813	0
12.6213	0.0364499	186.443	0.849191	0
12.1321	0.0341182	184.712	0.860899	0
11.7936	0.0338729	180.26	0.843681	0
11.5403	0.0323766	182.108	0.876395	0
11.4059	0.0301839	180.344	0.857111	0
11.3887	0.0288757	179.79	0.838171	0
11.4252	0.0286231	179.017	0.847124	0
11.4894	0.0284188	177.875	0.866409	0
11.5418	0.0289002	177.052	0.88466	0
11.6327	0.0292096	176.027	0.837827	0
11.7614	0.028153	175.943	0.836105	0
11.8419	0.0286804	175.204	0.861588	0
11.8332	0.0290922	174.885	0.851257	0
11.7097	0.0280251	174.599	0.849535	0
11.4915	0.0282944	172.701	0.841615	0
11.2795	0.0294967	173.574	0.862276	0
11.1201	0.0290434	172.381	0.837138	0
10.9598	0.0275604	171.726	0.8547	0
10.8206	0.0271185	171.743	0.86021	0
10.8183	0.0265137	170.601	0.847813	0
10.9768	0.0263723	171.911	0.860899	0
11.133	0.025902	169.996	0.865031	0
11.2321	0.0263636	169.223	0.850224	0
11.3499	0.0261271	170.013	0.842303	0
11.4676	0.0267583	170.953	0.877428	0
11.6077	0.0269308	171.105	0.849535	0
11.7777	0.0266578	169.677	0.863309	0
11.8388	0.0269403	169.038	0.83094	0
11.7816	0.0260034	167.812	0.865031	0
11.7701	0.0258342	167.593	0.858488	0
11.9033	0.0255391	168.669	0.847813	0
12.0497	0.0262264	170.097	0.837482	0
12.131	0.0269598	169.324	0.871574	0
12.1031	0.0275399	166.367	0.842992	0
11.9337	0.0270154	167.459	0.855045	0
11.7482	0.0271162	166.905	0.850568	0
11.6024	0.0259116	166.854	0.847469	0
11.5295	0.0249359	165.443	0.848158	0
11.5241	0.0238152	165.981	0.884315	0
11.5608	0.0241113	166.552	0.843681	0
11.6045	0.0241091	165.225	0.85229	0
11.6365	0.0237813	165.964	0.842303	0
11.6625	0.0239211	166.518	0.855389	0
11.6739	0.02304	165.729	0.858144	0
11.7719	0.0237348	167.224	0.84437	0
11.892	0.0235091	165.611	0.850224	0
11.9376	0.0237648	164.754	0.840237	0
12.0468	0.0235103	165.947	0.831284	0
12.2088	0.0242485	166.501	0.85229	0
12.3116	0.0244124	164.637	0.839549	0
12.3582	0.0236105	165.258	0.864342	0
12.3939	0.02465	165.846	0.81992	0
12.4128	0.0251256	166.804	0.847469	0
12.4376	0.0240624	165.964	0.834728	0
12.4763	0.0240532	166.585	0.842303	0
12.5	0.0243648	165.157	0.826119	0
12.5703	0.0241797	165.729	0.837482	0
12.6394	0.0241392	165.913	0.844714	0
12.6474	0.0245034	165.611	0.849535	0
12.6442	0.0245437	165.073	0.842303	0
12.65	0.0237929	166.485	0.853323	0
12.7068	0.0244679	167.224	0.847813	0
12.7389	0.0242675	165.057	0.840926	0
12.7208	0.024111	166.048	0.844025	0
12.725	0.0243834	164.603	0.836449	0
12.7262	0.0243174	164.956	0.849191	0
12.7314	0.0244211	165.947	0.846091	0
12.7117	0.0241424	165.325	0.856078	0
12.7047	0.0244907	165.997	0.852979	0
12.718	0.0237774	164.166	0.852634	0
12.7062	0.0241763	164.99	0.826807	0
12.6836	0.0244321	165.594	0.849535	0
12.6413	0.0245521	164.301	0.84678	0
12.5593	0.0247217	165.073	0.850568	0
12.4029	0.0244555	164.318	0.864687	0
12.212	0.0239579	161.982	0.842303	0
12.0492	0.0239045	161.764	0.84678	0
11.8915	0.023895	162.05	0.850224	0
11.638	0.0234799	159.009	0.845747	0
11.4068	0.0223671	159.563	0.850568	0
11.3056	0.0223839	158.69	0.850568	0
11.1656	0.0208502	159.446	0.836449	0
10.9728	0.0207663	157.614	0.861932	0
10.824	0.020288	157.698	0.837138	0
10.7212	0.0202935	157.094	0.848846	0
10.659	0.0201996	156.506	0.843681	0
10.6046	0.0201177	156.371	0.846436	0
10.5204	0.0194217	154.07	0.840926	0
10.432	0.0195968	154.271	0.839204	0
10.3922	0.0195423	156.018	0.821297	0
10.3474	0.0194113	156.102	0.844025	0
10.2565	0.0193239	152.356	0.863998	0
10.1822	0.0196007	154.339	0.84678	0
10.1111	0.0189117	153.045	0.83886	0
10.0076	0.0191101	152.003	0.851257	0
9.91633	0.0182342	151.701	0.83886	0
9.83887	0.0183713	149.769	0.83335	0
9.74567	0.0180065	150.172	0.836449	0
9.64734	0.017676	151.365	0.84127	0
9.58167	0.017787	147.887	0.839549	0
9.54045	0.0177348	149.584	0.831973	0
9.51229	0.0170817	148.543	0.852979	0
9.46176	0.0176446	148.929	0.848502	0
9.44252	0.018062	148.207	0.83335	0
9.42791	0.0176169	146.543	0.825774	0
9.40977	0.0171025	148.005	0.838171	0
9.40029	0.0173811	147.182	0.848158	0
9.33818	0.0169176	148.005	0.837827	0
9.31651	0.0171035	146.745	0.840237	0
9.3237	0.0168969	146.476	0.842648	0
9.27607	0.0169514	145.653	0.83335	0
9.24245	0.0166958	146.224	0.856078	0
9.2117	0.0166663	144.595	0.835072	0
9.17018	0.0169797	144.259	0.836449	0
9.16457	0.0164626	146.073	0.855045	0
9.12333	0.0164026	143.587	0.840582	0
9.06202	0.0165338	144.192	0.817165	0
9.0185	0.0162253	144.141	0.85229	0
9.00861	0.0164467	143.419	0.840237	0
8.99313	0.0165465	142.562	0.870541	0
8.91362	0.0163131	143.15	0.841615	0
8.89767	0.0158404	144.46	0.839893	0
8.92204	0.0157608	142.965	0.819231	0
8.86898	0.0156818	143.536	0.842648	0
8.80891	0.015681	141.554	0.838515	0
8.79411	0.0158671	141.487	0.829218	0
8.79564	0.0158346	143.536	0.858488	0
8.78377	0.0158948	141.705	0.848502	0
8.74017	0.0153625	140.26	0.857111	0
8.69802	0.0152594	141.705	0.822675	0
8.6822	0.0155235	141.789	0.862621	0
8.66633	0.0152942	141.504	0.841959	0
8.62411	0.0159737	140.21	0.84678	0
8.59913	0.0152478	140.882	0.834728	0
8.6005	0.0150485	138.295	0.837138	0
8.58309	0.0154244	138.127	0.834728	0
8.55833	0.015219	141.016	0.841959	0
8.55271	0.0150209	139	0.847813	0
8.51988	0.0144314	140.227	0.844025	0
8.48107	0.0148115	140.479	0.850912	0
8.45351	0.0148986	137.808	0.84678	0
8.42208	0.0149205	137.892	0.832661	0
8.40017	0.0149496	137.992	0.830251	0
8.37972	0.0149123	138.177	0.816476	0
8.34761	0.0141204	137.236	0.842992	0
8.32309	0.0144955	138.916	0.8578	0
8.29437	0.0145483	136.716	0.863309	0
8.27281	0.0146674	136.884	0.835072	0
8.23892	0.0147034	136.514	0.823364	0
8.21099	0.0146735	136.027	0.829562	0
8.20276	0.0144967	135.859	0.839549	0
8.19114	0.0145509	134.683	0.851945	0
8.16322	0.0143644	134.868	0.855389	0
8.12257	0.0143711	135.187	0.867442	0
8.11784	0.0141607	134.683	0.841615	0
8.12321	0.01458	135.657	0.83094	0
8.09686	0.0142147	134.918	0.834383	0
8.08024	0.0140725	135.036	0.836794	0
8.07711	0.0137412	134.364	0.83335	0
8.03362	0.0136993	133.944	0.840237	0
8.00837	0.0140126	134.565	0.830251	0
8.02335	0.0136039	134.885	0.867442	0
7.99182	0.0139285	131.877	0.83094	0
7.97875	0.0139442	133.625	0.8547	0
7.99413	0.0139115	132.449	0.835761	0
7.95222	0.0137553	131.088	0.859866	0
7.92665	0.0138764	133.423	0.836449	0
7.93194	0.0136106	132.146	0.837138	0
7.90254	0.0139046	133.188	0.841615	0
7.8945	0.0133692	133.574	0.850912	0
7.8826	0.0136282	130.668	0.849879	0
7.8683	0.0139166	131.508	0.849191	0
7.88745	0.013978	132.348	0.841615	0
7.86677	0.0135669	130.097	0.837138	0
7.84384	0.0134906	131.575	0.846436	0
7.85345	0.0133255	132.768	0.832661	0
7.83934	0.0134477	131.004	0.843681	0
7.82314	0.0132983	129.878	0.847469	0
7.83717	0.0133798	131.071	0.818887	0
7.82788	0.0131984	128.45	0.851601	0
7.79714	0.0134745	131.609	0.851601	0
7.78966	0.0137723	131.172	0.828529	0
7.78409	0.0131175	131.172	0.851945	0
7.75504	0.0129359	130.718	0.818543	0
7.74544	0.0133539	129.878	0.83094	0
7.75793	0.0133245	131.239	0.867786	0
7.74178	0.0128775	131.323	0.831284	0
7.71389	0.0131158	130.029	0.849879	0
7.70455	0.0130712	129.945	0.850568	0
7.72348	0.0130935	131.558	0.847124	0
7.731	0.013379	129.626	0.844025	0
7.69529	0.0133391	130.433	0.850912	0
7.68224	0.0132806	128.333	0.818198	0
7.67878	0.0132169	131.205	0.829218	0
7.67846	0.0133748	130.718	0.83886	0
7.67753	0.013308	130.601	0.840582	0
7.66534	0.0132103	130.449	0.836449	0
7.65457	0.0134389	129.626	0.86021	0
7.6613	0.0131111	131.525	0.853323	0
7.67268	0.0132318	128.971	0.808556	0
7.65445	0.0134304	129.693	0.858144	0
7.63475	0.0129695	130.265	0.854356	0
7.63376	0.0130347	129.005	0.83094	0
7.6264	0.0130504	128.249	0.837482	0
7.61895	0.0130607	129.677	0.844714	0
7.63113	0.012991	129.794	0.841959	0
7.64491	0.0130452	130.013	0.847124	0
7.61372	0.0128873	127.627	0.849191	0
7.5716	0.0133857	129.576	0.854012	0
7.59519	0.0129086	129.878	0.843337	0
7.6177	0.0128895	128.585	0.839204	0
7.59088	0.0129824	129.156	0.839549	0
7.58457	0.0130059	127.997	0.842992	0
7.59087	0.0132348	128.837	0.816132	0
7.56053	0.0127552	129.744	0.83886	0
7.53346	0.0128522	129.693	0.834383	0
7.55269	0.0126995	129.643	0.861932	0
7.56902	0.0128261	128.601	0.848846	0
7.54589	0.0129826	128.215	0.842303	0
7.54306	0.0127802	127.644	0.850568	0
7.55315	0.0129241	128.988	0.830595	0
7.5275	0.0127332	127.997	0.846091	0
7.52002	0.0128998	128.097	0.83886	0
7.55283	0.0129817	128.937	0.818887	0
7.54334	0.0127896	126.434	0.822331	0
7.50675	0.0130471	127.812	0.863654	0
7.50185	0.0129091	126.938	0.847813	0
7.50185	0.0129966	127.19	0.828529	0
7.49512	0.0127483	126.737	0.82543	0
7.48824	0.0127411	127.728	0.836105	0
7.49041	0.012753	128.803	0.847469	0
7.48936	0.012457	128.366	0.839893	0
7.46458	0.012687	126.619	0.84678	0
7.46414	0.0126582	127.98	0.830595	0
7.48384	0.0128494	127.627	0.819576	0
7.46278	0.0130138	127.241	0.834728	0
7.4445	0.0131258	127.022	0.84678	0
7.47028	0.0129264	127.056	0.852634	0
7.46476	0.0129934	127.039	0.829906	0
7.45704	0.0129359	128.383	0.836449	0
7.46727	0.0128481	126.333	0.860554	0
7.45046	0.0126046	125.829	0.832661	0
7.43304	0.012476	127.795	0.861243	0
7.40371	0.012852	124.704	0.844025	0
7.39939	0.0127569	126.149	0.84437	0
7.42482	0.0129265	127.375	0.856078	0
7.41241	0.012956	126.518	0.835072	0
7.39942	0.0128092	126.048	0.836105	0
7.39907	0.01245	127.157	0.831628	0
7.37884	0.0127223	125.174	0.842303	0
7.36292	0.0127544	126.804	0.84437	0
7.36837	0.0126147	126.115	0.841615	0
7.37097	0.0133115	128.501	0.837482	0
7.35832	0.012424	126.199	0.820609	0
7.35115	0.0125183	126.115	0.840926	0
7.34159	0.0124605	125.762	0.831628	0
7.32422	0.0124649	127.778	0.848502	0
7.34408	0.0125264	126.955	0.839549	0
7.35557	0.0126112	126.77	0.832661	0
7.33912	0.0127666	126.333	0.834383	0
7.32667	0.0126628	125.393	0.834728	0
7.31793	0.0124758	126.501	0.816132	0
7.32719	0.0127738	126.3	0.836449	0
7.34241	0.0123658	127.56	0.837138	0
7.34622	0.0128164	125.712	0.850568	0
7.32673	0.012686	125.661	0.83886	0
7.29757	0.0123396	125.023	0.839893	0
7.29244	0.0124948	124.872	0.832317	0
7.32036	0.0127755	126.518	0.846091	0
7.32223	0.0127766	126.552	0.849191	0
7.29806	0.0124152	125.846	0.838171	0
7.29774	0.0125023	125.275	0.849535	0
7.31722	0.0128095	125.661	0.850224	0
7.30692	0.0122504	123.931	0.846091	0
7.28969	0.0124274	125.477	0.837482	0
7.29934	0.0123959	125.157	0.811311	0
7.29973	0.0124246	124.586	0.86813	0
7.2743	0.012281	125.443	0.835761	0
7.27003	0.0123603	126.081	0.855733	0
7.28842	0.0122756	124.922	0.829906	0
7.30049	0.0126295	126.434	0.827152	0
7.29162	0.0123621	125.544	0.839549	0
7.28874	0.0126242	125.846	0.847124	0
7.29007	0.0125758	125.997	0.834039	0
7.28223	0.0123671	125.947	0.824052	0
7.28364	0.0125794	125.309	0.851257	0
7.27845	0.0123353	124.99	0.837827	0
7.286	0.0124691	125.645	0.855045	0
7.28588	0.0125297	125.023	0.862965	0
7.26941	0.0125274	124.838	0.850568	0
7.27754	0.0124314	123.864	0.828185	0
7.28468	0.012587	125.947	0.847469	0
7.283	0.0124988	126.585	0.849191	0
7.29153	0.0127049	124.368	0.833006	0
7.28234	0.0123233	125.46	0.847124	0
7.25391	0.0122663	124.99	0.851945	0
7.26037	0.0128414	125.628	0.826119	0
7.27286	0.0122693	125.762	0.850912	0
7.26467	0.0124802	125.695	0.823708	0
7.25691	0.0124469	124.67	0.849535	0
7.24758	0.0125176	125.09	0.844714	0
7.25527	0.0123611	125.863	0.834383	0
7.26407	0.0125463	126.333	0.825085	0
7.26021	0.012454	125.376	0.813377	0
7.25696	0.0125412	126.938	0.859177	0
7.2493	0.012699	124.032	0.836794	0
7.2306	0.0121835	124.066	0.83886	0
7.21336	0.0123453	125.477	0.835761	0
7.21158	0.012067	125.409	0.846091	0
7.22549	0.0123032	123.713	0.847124	0
7.24618	0.0123007	125.09	0.83886	0
7.24812	0.0123421	125.225	0.838171	0
7.23354	0.0122881	125.981	0.854356	0
7.24296	0.012637	124.872	0.825774	0
7.23173	0.0121122	124.082	0.816476	0
7.21092	0.011982	123.696	0.823364	0
7.20738	0.0122486	125.124	0.849191	0
7.22615	0.0124651	126.199	0.8547	0
7.2446	0.0127382	125.174	0.848158	0
7.23874	0.0126653	125.51	0.861243	0
7.22274	0.012678	125.04	0.819231	0
7.24002	0.0124831	126.3	0.83886	0
7.25465	0.0125068	123.494	0.861932	0
7.23402	0.0121925	126.384	0.827496	0
7.22172	0.0122561	125.947	0.85229	0
7.21843	0.0121585	124.469	0.81992	0
7.22114	0.0124241	123.965	0.841959	0
7.21721	0.0125359	125.443	0.834383	0
7.19804	0.0126334	124.754	0.835416	0
7.20105	0.0125094	123.662	0.816132	0
7.20824	0.0124426	125.225	0.808556	0
7.21829	0.0126214	123.998	0.834728	0
7.21228	0.0125972	124.486	0.86572	0
7.2	0.0127197	124.334	0.824397	0
7.20307	0.0127024	125.107	0.834728	0
7.2109	0.0125994	124.553	0.83094	0
7.20774	0.0122645	125.611	0.861588	0
7.18795	0.0123817	125.107	0.840582	0
7.19771	0.0126072	125.477	0.839893	0
7.20981	0.0124276	124.25	0.832317	0
7.18625	0.0122832	124.721	0.836449	0
7.18437	0.0123189	124.855	0.834383	0
7.20054	0.0123987	125.46	0.858144	0
7.21384	0.0125486	124.805	0.84678	0
7.21145	0.0124621	124.066	0.829562	0
7.19135	0.0123386	125.544	0.853323	0
7.17546	0.0126117	125.208	0.842648	0
7.17463	0.0122456	125.225	0.847469	0
7.17946	0.0125786	124.889	0.826807	0
7.18639	0.0123252	124.906	0.838171	0
7.18321	0.0124048	125.191	0.843681	0
7.16894	0.012609	124.872	0.826807	0
7.16942	0.0122563	124.183	0.821986	0
7.18655	0.0121256	124.469	0.835416	0
7.18179	0.012676	125.964	0.84437	0
7.15846	0.0123593	122.419	0.820609	0
7.17306	0.0123676	123.679	0.829218	0
7.18381	0.012206	124.687	0.829218	0
7.16344	0.0123164	125.191	0.841959	0
7.17689	0.0124717	125.409	0.843681	0
7.18858	0.0124288	124.586	0.840237	0
7.1571	0.012362	124.049	0.851945	0
7.15345	0.0123608	125.342	0.85229	0
7.177	0.0120627	124.469	0.830595	0
7.16887	0.0122119	124.687	0.858144	0
7.16929	0.0121252	124.385	0.86021	0
7.17031	0.0123055	123.293	0.841615	0
7.15953	0.0127009	124.519	0.864342	0
7.14924	0.0124875	124.637	0.829218	0
7.14681	0.0125122	124.603	0.856422	0
7.14553	0.0125609	124.049	0.856422	0
7.14228	0.0125436	123.931	0.837482	0
7.15965	0.0124386	123.898	0.834383	0
7.15955	0.0123339	125.023	0.839204	0
7.15166	0.0124807	124.838	0.830251	0
7.15632	0.0120379	125.225	0.833006	0
7.1607	0.0123868	124.469	0.826463	0
7.15565	0.0122931	124.855	0.831628	0
7.15139	0.0124151	125.594	0.862621	0
7.14105	0.0118999	124.872	0.842648	0
7.13162	0.0123823	124.553	0.837138	0
7.14864	0.0119388	124.2	0.839549	0
7.1606	0.0125111	124.906	0.821642	0
7.15369	0.0121723	125.93	0.835761	0
7.15638	0.0125948	124.116	0.835761	0
7.15554	0.0125744	123.41	0.851945	0
7.14459	0.0123383	125.997	0.848846	0
7.14149	0.012081	124.872	0.835416	0
7.14447	0.0122314	124.922	0.849879	0
7.1408	0.0125528	124.082	0.836105	0
7.12685	0.012349	124.284	0.830595	0
7.15105	0.0121867	125.006	0.823019	0
7.16152	0.0124267	125.813	0.828529	0
7.13431	0.0121686	124.166	0.837482	0
7.12901	0.0124152	124.906	0.857455	0
7.13421	0.011966	125.191	0.858488	0
7.13607	0.012339	124.368	0.835761	0
7.14395	0.0124333	124.032	0.861588	0
7.15199	0.0124846	124.217	0.82784	0
7.1364	0.0123796	124.402	0.858144	0
7.13068	0.0123758	123.041	0.847469	0
7.15215	0.0122621	125.241	0.87364	0
7.16356	0.0122592	125.208	0.838171	0
7.13482	0.0125175	124.906	0.844714	0
7.1244	0.0124689	124.402	0.842303	0
7.1436	0.0122519	124.25	0.824052	0
7.143	0.0123199	123.058	0.799258	0
7.1179	0.0122827	123.343	0.847813	0
7.10797	0.0125898	123.864	0.830595	0
7.12893	0.0125791	123.444	0.855045	0
7.11717	0.0122971	124.351	0.844025	0
7.11148	0.0120517	123.864	0.833694	0
7.13341	0.0125433	124.469	0.841615	0
7.13981	0.0121908	125.023	0.841615	0
7.13801	0.0123648	122.806	0.81441	0
7.11525	0.0123893	124.721	0.854356	0
7.1165	0.0126068	124.418	0.836794	0
7.12817	0.0117455	124.351	0.827496	0
7.1222	0.0122915	125.006	0.835072	0
7.11456	0.0120667	124.704	0.837827	0
7.11228	0.0125475	124.368	0.848502	0
7.12209	0.0122699	125.09	0.828529	0
7.11781	0.0126024	123.578	0.849191	0
7.12075	0.0125249	122.772	0.855389	0
7.13341	0.0123574	124.486	0.848502	0
7.13358	0.012329	124.334	0.846436	0
7.13069	0.0127509	125.191	0.835761	0
7.12202	0.012326	124.234	0.837138	0
7.12384	0.0127141	123.965	0.849535	0
7.13445	0.0123819	123.898	0.840582	0
7.13614	0.0120518	123.881	0.842648	0
7.11992	0.012425	123.461	0.84437	0
7.1089	0.0122264	124.788	0.841959	0
7.10237	0.0124798	121.848	0.836449	0
7.09609	0.0121754	124.469	0.829906	0
7.10243	0.0122833	124.066	0.856767	0
7.10329	0.0120406	124.099	0.835072	0
7.11286	0.0124642	124.872	0.835072	0
7.12361	0.0125805	123.864	0.819576	0
7.12593	0.0126885	124.435	0.834039	0
7.11572	0.0122642	123.024	0.86813	0
7.10572	0.0123036	125.157	0.842992	0
7.10232	0.0124251	124.654	0.834728	0
7.1069	0.0123113	125.006	0.840237	0
7.11008	0.0123435	124.57	0.848846	0
7.11512	0.0124278	124.771	0.830595	0
7.13686	0.0122374	125.594	0.846091	0
7.1345	0.012017	124.805	0.850912	0
7.10217	0.0122814	124.166	0.83094	0
7.10424	0.012396	123.158	0.838171	0
7.114	0.0125989	124.334	0.853667	0
7.09947	0.012067	123.679	0.835416	0
7.09554	0.012387	123.511	0.840582	0
7.08435	0.012437	123.948	0.830251	0
7.09222	0.0122328	124.351	0.848502	0
7.10772	0.0123455	124.334	0.830251	0
7.10191	0.0123729	125.292	0.871574	0
7.1017	0.012245	124.704	0.847124	0
7.09581	0.0120523	124.234	0.830251	0
7.09376	0.0120874	123.578	0.822675	0
7.09401	0.0124412	123.898	0.827496	0
7.09652	0.0124389	125.376	0.842648	0
7.10232	0.0121292	124.385	0.855045	0
7.08207	0.0124096	125.376	0.839549	0
7.06466	0.0121208	123.007	0.844025	0
7.09086	0.0122473	123.662	0.852634	0
7.10242	0.0122493	122.705	0.830595	0
7.07985	0.0119282	123.511	0.849191	0
7.07287	0.0122224	124.838	0.836449	0
7.0735	0.0121746	123.192	0.828873	0
7.07284	0.0122458	122.822	0.84678	0
7.07118	0.0124632	124.586	0.847813	0
7.08146	0.0125829	123.478	0.842303	0
7.08202	0.0124789	123.108	0.796848	0
7.06057	0.0122571	123.293	0.83335	0
7.08082	0.0122737	126.434	0.848846	0
7.09895	0.0122156	124.234	0.826807	0
7.07579	0.0122207	122.839	0.832661	0
7.05997	0.0121392	121.596	0.828873	0
7.05636	0.0125498	122.873	0.844714	0
7.07	0.0125804	125.073	0.844714	0
7.0896	0.0123694	124.2	0.826807	0
7.08327	0.0124131	124.418	0.848158	0
7.07944	0.0121245	123.965	0.84678	0
7.09785	0.0120401	122.251	0.843337	0
7.08815	0.0122861	124.368	0.845747	0
7.06362	0.0125065	123.343	0.824052	0
7.07021	0.0119816	122.654	0.850568	0
7.08048	0.0123409	123.562	0.838171	0
7.06891	0.0122022	123.847	0.848846	0
7.06941	0.0120459	123.226	0.851257	0
7.07941	0.0123958	124.486	0.847469	0
7.08223	0.0119108	124.872	0.861243	0
7.07417	0.0123918	122.285	0.858488	0
7.06057	0.0120744	124.301	0.848502	0
7.07579	0.0122969	123.142	0.832317	0
7.08748	0.0121763	123.326	0.828529	0
7.06632	0.012103	124.872	0.825085	0
7.05022	0.0123441	122.654	0.833694	0
7.06094	0.012322	122.923	0.841959	0
7.07472	0.0126104	123.259	0.839204	0
7.0685	0.0122263	123.578	0.84678	0
7.07111	0.0124889	125.325	0.841959	0
7.06263	0.012055	123.545	0.841615	0
7.06037	0.0124318	124.032	0.854012	0
7.08027	0.0120764	123.931	0.840582	0
7.06815	0.0122404	123.444	0.836794	0
7.04472	0.0117975	124.519	0.845747	0
7.05654	0.0119636	123.931	0.831973	0
7.06569	0.0120414	124.57	0.837138	0
7.08201	0.012232	123.931	0.854012	0
7.08002	0.0121971	122.52	0.820953	0
7.06095	0.0123911	123.209	0.814066	0
7.06773	0.0123794	124.318	0.835416	0
7.06533	0.0120452	123.192	0.835416	0
7.05206	0.012317	123.444	0.826463	0
7.06132	0.0122546	124.519	0.837827	0
7.06737	0.0121587	123.444	0.853323	0
7.05326	0.0121701	122.789	0.83335	0
7.05574	0.0121032	124.166	0.830595	0
7.06071	0.0120706	123.864	0.841959	0
7.0596	0.0123269	122.839	0.847124	0
7.05193	0.0119212	124.486	0.845058	0
7.05545	0.0121803	123.965	0.830595	0
7.06236	0.0122449	124.183	0.84437	0
7.04176	0.0120481	123.864	0.840582	0
7.04427	0.0122942	124.15	0.838515	0
7.07905	0.012187	123.226	0.828873	0
7.06915	0.0119734	122.638	0.832661	0
7.06072	0.0122475	124.452	0.847469	0
7.06107	0.0120649	123.293	0.845403	0
7.03854	0.0121807	123.562	0.859177	0
7.04239	0.0123698	123.209	0.828185	0
7.05003	0.0119865	122.285	0.829906	0
7.04373	0.0122061	123.713	0.836794	0
7.05477	0.0123463	125.275	0.863654	0
7.05064	0.0122074	122.621	0.853323	0
7.03378	0.0123344	124.116	0.835072	0
7.05397	0.0123753	123.511	0.850568	0
7.07692	0.0122082	123.209	0.85229	0
7.06098	0.0123358	123.209	0.835416	0
7.04386	0.012078	124.385	0.828185	0
7.05887	0.0123551	124.301	0.860899	0
7.05492	0.0124866	123.41	0.829906	0
7.04144	0.0121297	123.293	0.848158	0
7.06207	0.0122031	124.452	0.839893	0
7.06511	0.0118008	124.318	0.835761	0
7.05822	0.0120644	124.435	0.847469	0
7.06842	0.0127025	124.2	0.840926	0
7.05958	0.0123372	123.696	0.842648	0
7.04686	0.0121471	123.36	0.845058	0
7.05555	0.012175	123.259	0.803735	0
7.06125	0.0123782	122.604	0.849191	0
7.04712	0.0124053	122.671	0.840926	0
7.03877	0.0123521	123.494	0.846436	0
7.03873	0.0119559	124.418	0.845058	0
7.01757	0.012049	123.209	0.847124	0
7.02699	0.0121947	124.133	0.855733	0
7.06191	0.0119966	125.258	0.834039	0
7.05306	0.0120668	122.722	0.824397	0
7.03501	0.0123259	123.713	0.820609	0
7.05144	0.0120311	124.082	0.839893	0
7.05868	0.012389	122.52	0.847469	0
7.04799	0.0125248	123.578	0.829218	0
7.0485	0.0119251	123.326	0.850568	0
7.04169	0.012398	123.763	0.836105	0
7.03754	0.0128676	123.36	0.836794	0
7.04675	0.0122884	123.444	0.84127	0
7.06959	0.0121127	124.284	0.8578	0
7.05919	0.0123018	123.444	0.829906	0
7.04043	0.0124908	123.898	0.844714	0
7.04079	0.0124877	123.058	0.83335	0
7.0344	0.0121061	121.109	0.837138	0
7.04244	0.0123258	124.67	0.833006	0
7.04827	0.0120541	123.074	0.829218	0
7.03197	0.0118963	123.746	0.841959	0
7.02635	0.0122937	123.578	0.836449	0
7.03962	0.0122432	123.646	0.832661	0
7.04951	0.0121139	122.873	0.851257	0
7.03778	0.0120336	124.553	0.832661	0
7.03871	0.0121196	123.864	0.853667	0
7.04254	0.0121104	123.276	0.833694	0
7.03599	0.0121398	124.553	0.851945	0
7.04487	0.0125987	123.595	0.842992	0
7.0473	0.0124108	123.763	0.825774	0
7.0514	0.0123375	122.923	0.822331	0
7.05549	0.0121015	124.435	0.848502	0
7.04711	0.0122577	123.595	0.852979	0
7.03597	0.0124964	123.024	0.839893	0
7.03368	0.0117379	122.604	0.843337	0
7.04373	0.0119677	123.125	0.842303	0
7.0657	0.0121415	122.234	0.839549	0
7.04673	0.0118232	123.629	0.86021	0
7.03573	0.012176	121.327	0.839549	0
7.05985	0.012428	124.368	0.84127	0
7.0468	0.0120945	123.074	0.857455	0
7.02492	0.012398	123.679	0.845058	0
7.03092	0.0123953	122.386	0.824397	0
7.03504	0.0120914	123.259	0.826807	0
7.04248	0.0124138	122.654	0.857455	0
7.03584	0.0124898	123.377	0.840237	0
7.02666	0.011944	124.351	0.826807	0
7.03244	0.0121196	123.864	0.837138	0
7.03371	0.0123206	122.974	0.841959	0
7.03418	0.012205	124.721	0.834039	0
7.03395	0.0122667	123.175	0.844714	0
7.02868	0.0122469	124.704	0.834039	0
7.04157	0.0123619	123.562	0.851257	0
7.0735	0.0123143	124.334	0.84437	0
7.05719	0.0124901	123.293	0.844025	0
7.02477	0.0123645	124.049	0.806146	0
7.03639	0.0123453	123.293	0.848158	0
7.0464	0.0124253	125.258	0.820264	0
7.04695	0.0120753	124.805	0.852979	0
7.05472	0.0120825	123.629	0.831973	0
7.05994	0.0117455	122.957	0.850568	0
7.04151	0.0119259	124.318	0.840926	0
7.02765	0.0122903	123.091	0.84127	0
7.0541	0.0123441	123.629	0.865031	0
7.06326	0.0123822	124.435	0.840237	0
7.03541	0.0123329	122.335	0.829218	0
7.04002	0.0122196	124.267	0.832661	0
7.06258	0.0120113	124.637	0.833694	0
7.04993	0.012302	123.478	0.815099	0
7.03138	0.0122995	124.284	0.839204	0
7.03309	0.0120777	123.982	0.835072	0
7.03713	0.0119773	122.503	0.859177	0
7.03582	0.0123926	122.99	0.849191	0
7.04849	0.0122737	124.334	0.839893	0
7.04169	0.0122293	122.99	0.824741	0
7.04301	0.0121895	123.478	0.851257	0
7.05993	0.0123587	124.402	0.851601	0
7.05232	0.0122014	123.83	0.849191	0
7.04205	0.0127096	123.595	0.829562	0
7.0429	0.0124568	124.183	0.836449	0
7.05077	0.0126334	125.09	0.824397	0
7.03678	0.0123101	122.755	0.830251	0
7.01352	0.0119712	123.226	0.83886	0
7.02371	0.0119216	124.67	0.846091	0
7.04549	0.0123605	123.562	0.847124	0
7.04141	0.0122506	123.83	0.823364	0
7.04058	0.0122283	124.637	0.839549	0
7.04581	0.0124149	123.78	0.828873	0
7.03755	0.0122103	123.377	0.826463	0
7.03376	0.0121228	123.612	0.835761	0
7.03606	0.0124793	123.73	0.83094	0
7.04908	0.0123227	125.594	0.837482	0
7.04413	0.0121183	123.629	0.856767	0
7.01408	0.0122261	123.091	0.844025	0
7.01066	0.0121335	123.108	0.828185	0
7.04147	0.0123482	122.671	0.840926	0
7.04498	0.0120718	123.058	0.831284	0
7.01522	0.0122711	123.982	0.833006	0
7.02008	0.0121824	124.183	0.863998	0
7.04655	0.0122972	123.746	0.847469	0
7.04043	0.0120815	123.931	0.864687	0
7.02235	0.0120236	122.638	0.849535	0
7.0418	0.0122267	123.948	0.844714	0
7.05454	0.0120108	123.528	0.832317	0
7.04533	0.012306	122.671	0.821986	0
7.03612	0.0123111	124.469	0.847813	0
7.05325	0.0121809	123.158	0.844025	0
7.06238	0.0124607	123.797	0.842648	0
7.04356	0.0124705	123.326	0.842303	0
7.02624	0.0124762	122.302	0.831628	0
7.02242	0.0122881	123.73	0.844714	0
7.01863	0.0121026	123.024	0.827496	0
7.02157	0.0121987	124.234	0.847469	0
7.02884	0.0119293	122.066	0.835072	0
7.0265	0.0124869	124.082	0.847469	0
7.03573	0.0123895	123.192	0.830251	0
7.03538	0.0120944	123.948	0.838515	0
7.03114	0.0118393	122.268	0.823364	0
7.04276	0.0125565	122.94	0.839549	0
7.03906	0.0122559	123.293	0.841959	0
7.00746	0.0125632	123.175	0.838171	0
7.00954	0.0123385	123.998	0.832317	0
7.0326	0.0123706	123.646	0.843681	0
7.0443	0.012248	124.435	0.819576	0
7.03787	0.012107	124.402	0.850912	0
7.04177	0.0123573	124.015	0.843681	0
7.04352	0.0122531	123.091	0.841615	0
7.02176	0.0120425	124.217	0.82543	0
7.01073	0.0122753	123.394	0.843337	0
7.01242	0.0121332	123.494	0.855389	0
7.02176	0.0123758	122.957	0.83335	0
7.01415	0.0122531	122.806	0.840926	0
7.03835	0.0121113	123.41	0.842303	0
7.07478	0.0120911	125.258	0.850912	0
7.04476	0.0123796	123.948	0.831628	0
7.02219	0.0122208	123.142	0.846436	0
7.03852	0.0120556	123.629	0.82543	0
7.05277	0.0124664	124.922	0.836449	0
7.05156	0.0120702	122.654	0.81992	0
7.03257	0.0123138	122.402	0.84127	0
7.01411	0.01225	123.024	0.863309	0
7.01667	0.0122058	124.015	0.845747	0
7.02306	0.0121498	122.638	0.850224	0
7.02275	0.012288	123.242	0.83886	0
7.04654	0.01189	124.133	0.861932	0
7.02433	0.0121602	123.058	0.842648	0
7.00491	0.0118039	123.931	0.847124	0
7.04357	0.0122358	122.335	0.824741	0
7.04242	0.0123284	125.141	0.855733	0
7.02396	0.0124651	125.225	0.846436	0
7.0203	0.0121351	120.638	0.82784	0
7.01552	0.0119506	123.074	0.847813	0
7.02828	0.0122618	121.663	0.839549	0
7.03516	0.0121151	124.217	0.838515	0
7.02641	0.0118269	123.326	0.858488	0
7.02947	0.0123924	122.016	0.834039	0
7.04179	0.0124337	124.015	0.841959	0
7.02603	0.0123024	122.839	0.839893	0
6.99478	0.0120517	122.873	0.853667	0
7.00478	0.0123092	122.52	0.856078	0
7.03294	0.0122647	124.066	0.828873	0
7.03751	0.0121708	123.797	0.833006	0
7.03224	0.0123011	122.134	0.844714	0
7.04247	0.0122443	123.259	0.834039	0
7.04004	0.0125274	123.158	0.839204	0
7.03121	0.0124624	124.301	0.826463	0
7.01763	0.0123032	123.125	0.826463	0
7.02119	0.0122033	124.082	0.852979	0
7.065	0.0121883	124.049	0.850568	0
7.04879	0.0122067	122.772	0.833694	0
7.01329	0.0121055	123.041	0.823019	0
7.04153	0.0121468	124.385	0.864687	0
7.03597	0.0123051	123.31	0.849535	0
7.0123	0.0124357	123.595	0.836794	0
7.02867	0.011755	123.578	0.844714	0
7.03915	0.012188	124.049	0.834728	0
7.03992	0.0121798	122.755	0.844714	0
7.04939	0.0122253	124.267	0.835761	0
7.03872	0.0121957	122.789	0.830595	0
7.02923	0.0121435	123.427	0.82543	0
7.03761	0.0123224	123.242	0.827496	0
7.03336	0.012475	122.218	0.847469	0
7.01797	0.0125015	122.738	0.842992	0
7.01739	0.012256	121.999	0.83886	0
7.01685	0.0121091	123.125	0.835416	0
7.0032	0.0123377	121.764	0.839893	0
7.00471	0.0123012	124.67	0.862621	0
7.01964	0.012218	124.032	0.829218	0
7.03538	0.0122253	124.704	0.831973	0
7.03271	0.0121162	122.906	0.808212	0
7.0283	0.0123857	123.982	0.873985	0
7.03151	0.0122853	122.302	0.83886	0
7.03238	0.012449	123.914	0.842303	0
7.02665	0.0122805	122.89	0.834383	0
7.0158	0.0121939	121.697	0.829218	0
7.03286	0.0122468	123.864	0.825774	0
7.0397	0.0119999	123.041	0.842303	0
7.01659	0.0118515	124.217	0.818887	0
7.00602	0.0119076	123.242	0.832317	0
7.0238	0.0120846	122.789	0.878461	0
7.04596	0.0117442	124.973	0.834383	0
7.02982	0.0122509	123.31	0.836105	0
7.00436	0.0120496	123.679	0.842648	0
7.01344	0.0122609	123.427	0.839893	0
7.0139	0.0119582	122.806	0.821986	0
7.00911	0.0123058	122.873	0.824052	0
7.03044	0.0125001	123.931	0.840237	0
7.03649	0.012074	124.838	0.830251	0
7.01409	0.0123708	122.738	0.835072	0
7.01202	0.0123697	124.099	0.836449	0
7.01802	0.0119001	122.537	0.843337	0
7.02555	0.0120966	123.746	0.836794	0
7.03604	0.0123512	124.788	0.855389	0
7.0168	0.0120729	124.2	0.841959	0
7.0032	0.012051	122.806	0.838515	0
7.01494	0.0123499	123.545	0.847813	0
6.99932	0.0122458	121.075	0.835416	0
6.99103	0.0122678	123.562	0.848846	0
7.01422	0.0121636	123.058	0.844714	0
7.02963	0.0123821	123.629	0.837827	0
7.04252	0.0119262	123.478	0.833694	0
7.05977	0.0125331	123.276	0.854356	0
7.03376	0.011992	124.351	0.834728	0
7.01316	0.0120855	124.738	0.847813	0
7.02169	0.0122293	122.318	0.834383	0
7.01279	0.0122047	123.36	0.830251	0
7.02999	0.0123113	124.183	0.836794	0
7.04784	0.012226	123.595	0.842648	0
7.02355	0.0122793	125.477	0.863654	0
7.02452	0.0121328	123.058	0.829906	0
7.02827	0.0122758	122.386	0.851257	0
7.03463	0.01234	124.301	0.846436	0
7.04428	0.0120156	123.965	0.842992	0
7.04158	0.0122931	123.746	0.859866	0
7.03471	0.0123002	122.201	0.846436	0
7.03571	0.0122064	122.352	0.833694	0
7.03939	0.012295	122.453	0.848846	0
7.0319	0.0124395	123.108	0.828873	0
7.02253	0.0123062	123.662	0.844714	0
7.0187	0.0121034	123.024	0.845058	0
7.01412	0.0123307	123.377	0.84127	0
7.02391	0.0122149	123.158	0.834728	0
7.03711	0.0122944	123.595	0.854012	0
7.02327	0.0119212	122.453	0.864687	0
7.01084	0.0118353	123.696	0.838171	0
7.02073	0.0122506	122.772	0.824741	0
7.01405	0.0120735	123.662	0.832661	0
7.01004	0.0121529	122.537	0.834728	0
7.02693	0.0122979	123.242	0.834728	0
7.03742	0.012229	125.073	0.831973	0
7.01546	0.0120231	123.797	0.834039	0
6.99364	0.0120667	122.016	0.828185	0
7.01122	0.0122085	123.528	0.834383	0
7.01399	0.0122489	123.612	0.847469	0
7.01345	0.0124211	123.612	0.850568	0
7.03072	0.0127091	124.25	0.83886	0
7.01395	0.0120175	123.108	0.823019	0
7.01084	0.0121809	124.301	0.828185	0
7.04253	0.0121555	122.554	0.855045	0
7.03572	0.0124531	122.386	0.840582	0
7.03031	0.0120751	123.679	0.832661	0
7.03096	0.0123313	122.352	0.847813	0
6.99959	0.0124741	121.73	0.860899	0
7.00313	0.0123449	123.931	0.84127	0
7.02936	0.0122697	124.385	0.84127	0
7.02361	0.0120307	123.914	0.839204	0
7.01421	0.0121059	123.511	0.833006	0
7.02417	0.0119047	122.57	0.834039	0
7.03422	0.0121105	122.05	0.85229	0
7.0328	0.012014	124.67	0.862621	0
7.04596	0.0124346	123.612	0.837827	0
7.03303	0.0123953	121.982	0.845058	0
7.01609	0.0123074	124.099	0.850224	0
7.01587	0.0121714	122.89	0.837827	0
7.0291	0.0123219	124.032	0.852634	0
7.03404	0.0123322	121.848	0.840582	0
6.99307	0.011872	122.201	0.864342	0
7.00577	0.0122261	124.301	0.83094	0
7.04594	0.0121851	123.511	0.837482	0
7.0318	0.012055	123.679	0.814755	0
7.04002	0.0119704	123.562	0.855733	0
7.04726	0.0122848	124.183	0.847469	0
7.0228	0.0124039	123.461	0.84678	0
7.04161	0.0125771	124.637	0.846436	0
7.04682	0.0124043	123.242	0.820264	0
7.01207	0.0124986	123.528	0.845058	0
7.00535	0.0120199	122.806	0.839893	0
7.02751	0.0122772	123.595	0.836105	0
7.03667	0.0123689	123.209	0.83886	0
7.01074	0.0123446	123.679	0.842992	0
6.99825	0.012296	123.142	0.839893	0
7.01853	0.0121549	123.125	0.835761	0
7.01745	0.0121553	124.334	0.838515	0
7.01967	0.0122025	123.679	0.855733	0
7.02882	0.0122438	123.545	0.826463	0
7.00857	0.0120653	122.822	0.837482	0
7.01504	0.012383	123.898	0.850912	0
7.02697	0.0120399	122.638	0.830595	0
7.00713	0.012094	123.326	0.847124	0
7.01072	0.012309	121.445	0.834039	0
7.0181	0.0122876	123.007	0.856422	0
7.02351	0.0121567	124.301	0.842303	0
7.035	0.0123325	124.402	0.853667	0
7.01772	0.0123505	123.192	0.847813	0
7.01994	0.0122391	124.385	0.810278	0
7.0361	0.0121105	122.822	0.837138	0
7.0041	0.012299	122.52	0.831284	0
6.99691	0.0123543	121.445	0.848846	0
7.02084	0.0123423	123.478	0.831973	0
7.03031	0.0125254	122.957	0.84437	0
7.01968	0.012472	123.293	0.842992	0
7.01019	0.0121587	123.125	0.842992	0
7.01164	0.0121895	123.646	0.84437	0
7.01857	0.0121644	124.502	0.837138	0
7.01459	0.0123172	123.982	0.850568	0
6.99159	0.0121047	121.982	0.828185	0
7.00275	0.0121541	123.931	0.837482	0
7.03179	0.0118261	123.73	0.849191	0
7.02594	0.0120684	123.007	0.850568	0
7.01449	0.0123352	122.906	0.830595	0
7.02117	0.0127076	122.806	0.82784	0
7.02595	0.0121903	123.377	0.825774	0
7.02302	0.01241	123.226	0.850224	0
7.02955	0.0122111	124.15	0.8547	0
7.03983	0.0123658	124.318	0.839893	0
7.0381	0.0119418	123.746	0.849535	0
7.02792	0.0120751	123.511	0.834039	0
7.01901	0.0119821	122.453	0.854012	0
7.00333	0.0118131	123.797	0.844025	0
7.01226	0.0125763	123.982	0.853667	0
7.01638	0.012293	123.175	0.831284	0
7.01648	0.01197	124.754	0.837138	0
7.02126	0.0120886	124.099	0.851257	0
7.00693	0.0120079	123.427	0.827152	0
6.99605	0.0122014	124.284	0.856422	0
7.01505	0.0121851	123.36	0.840582	0
7.01427	0.0121838	124.166	0.842303	0
7.0081	0.012119	122.738	0.845747	0
7.02169	0.0118674	121.142	0.836105	0
7.02263	0.0120148	123.814	0.820609	0
7.01575	0.0122985	123.024	0.829906	0
7.0041	0.0123351	122.486	0.823019	0
7.00786	0.0123109	123.511	0.84127	0
7.01433	0.0121303	124.502	0.816821	0
7.01918	0.0123335	124.267	0.840237	0
7.02145	0.0123928	123.746	0.82543	0
7.01838	0.0120033	123.864	0.851257	0
7.01761	0.0120628	121.915	0.845747	0
7.02325	0.0118464	122.839	0.851945	0
7.02994	0.0120486	124.704	0.851945	0
7.02889	0.0119252	123.377	0.822331	0
7.02055	0.0120471	123.78	0.841615	0
7.01712	0.0123001	124.385	0.842992	0
7.03314	0.0122956	123.562	0.835072	0
7.03743	0.0122409	125.208	0.839204	0
7.02093	0.0122945	122.94	0.840237	0
7.02805	0.0120666	122.99	0.841959	0
7.03692	0.0122866	123.326	0.854356	0
7.02772	0.0124783	124.234	0.823708	0
7.02323	0.0121037	123.948	0.835761	0
7.02453	0.0123355	122.066	0.848158	0
7.01971	0.0121835	125.107	0.83886	0
7.01452	0.0121702	121.73	0.848158	0
7.01756	0.0120131	122.923	0.831628	0
7.01514	0.012171	123.646	0.838515	0
7.02716	0.0122179	123.982	0.849191	0
7.0305	0.0121719	123.058	0.843681	0
7.02499	0.0124344	124.183	0.835761	0
7.03189	0.0121254	123.73	0.854356	0
7.01163	0.0121022	123.545	0.837482	0
7.01479	0.0120747	123.814	0.839204	0
7.02547	0.0122799	122.705	0.850912	0
7.00297	0.0122283	123.041	0.854012	0
7.01353	0.0121907	123.948	0.843681	0
7.02515	0.0122778	122.587	0.837827	0
7.01133	0.0123092	123.528	0.860899	0
7.01944	0.0122624	123.276	0.837138	0
7.01673	0.0121121	123.797	0.82543	0
7.0006	0.0120718	124.973	0.848502	0
7.00328	0.0119813	123.965	0.850912	0
7.01762	0.012236	123.461	0.839204	0
7.02211	0.012137	124.956	0.852979	0
7.00838	0.0120328	122.033	0.829218	0
7.0082	0.0121993	123.982	0.850568	0
7.03492	0.0124219	124.385	0.850912	0
7.028	0.0122167	124.855	0.845747	0
7.00767	0.012025	123.377	0.825774	0
7.03478	0.0119267	123.293	0.852979	0
7.035	0.0119459	122.839	0.837827	0
7.01352	0.0122137	123.847	0.843681	0
7.0441	0.012529	123.83	0.833694	0
7.02995	0.0123228	124.133	0.859177	0
6.99861	0.0122435	123.931	0.847469	0
7.02973	0.0123966	122.638	0.837138	0
7.02961	0.0122529	122.789	0.823019	0
6.99311	0.0118416	124.116	0.822675	0
6.99886	0.0119533	122.1	0.844714	0
6.99812	0.0122947	122.302	0.836794	0
6.98479	0.0120479	123.914	0.865031	0
6.99643	0.0120449	121.966	0.836105	0
7.00065	0.0121419	122.537	0.854356	0
7.00698	0.0120484	125.678	0.829562	0
7.03354	0.012287	122.873	0.840582	0
7.02872	0.012317	123.461	0.810622	0
7.01338	0.0121907	123.73	0.861932	0
7.01969	0.0118892	123.041	0.851257	0
7.02089	0.0120736	124.267	0.836794	0
7.01112	0.012077	122.57	0.853667	0
7.00532	0.0123867	123.108	0.828873	0
7.01593	0.012394	123.662	0.829906	0
7.01891	0.0123113	123.192	0.813033	0
7.00609	0.0121165	122.453	0.849535	0
7.01152	0.0120125	124.15	0.835072	0
7.03973	0.0123424	124.435	0.836105	0
7.03682	0.0121295	122.503	0.843681	0
7.01482	0.0123495	122.554	0.845403	0
7.01686	0.0121891	123.276	0.843337	0
7.02232	0.0122538	123.914	0.842303	0
7.01316	0.0124811	121.445	0.830595	0
7.01228	0.012348	123.494	0.845747	0
7.03508	0.0123333	123.528	0.83335	0
7.03247	0.0121265	122.654	0.833006	0
7.01763	0.0121088	122.705	0.848502	0
7.02636	0.0123541	124.116	0.868475	0
7.03647	0.0122887	123.814	0.828529	0
7.02808	0.0121526	124.838	0.844714	0
7.01582	0.0121086	123.847	0.836794	0
7.00104	0.012088	121.747	0.835072	0
7.00818	0.0121972	121.798	0.851601	0
7.00277	0.0124071	121.445	0.878117	0
7.00865	0.0124242	123.31	0.847813	0
7.01596	0.0120789	123.494	0.853323	0
7.01068	0.0120193	124.099	0.821297	0
7.01227	0.0122469	121.73	0.85229	0
7.01885	0.0121939	123.276	0.829562	0
7.02563	0.012204	121.193	0.858144	0
7.01734	0.0123187	121.747	0.83094	0
7.01588	0.0124542	123.528	0.827152	0
7.01188	0.0122192	123.931	0.857455	0
7.01926	0.0119934	125.208	0.827152	0
7.03093	0.0121354	123.007	0.845403	0
7.03145	0.0122944	123.814	0.84127	0
7.02864	0.0122406	123.629	0.831973	0
7.02723	0.0123018	123.461	0.857111	0
7.02505	0.012282	123.192	0.847124	0
7.01237	0.0118967	124.301	0.856767	0
7.01638	0.0120683	122.318	0.850224	0
7.02292	0.0120131	123.058	0.833694	0
7.02672	0.0119457	124.402	0.851601	0
7.03757	0.0126129	123.31	0.836449	0
7.03169	0.0121744	123.226	0.845403	0
7.02027	0.0123592	122.15	0.837482	0
7.0155	0.0121534	122.47	0.849191	0
7.02973	0.0122246	123.713	0.842648	0
7.03884	0.0125899	123.898	0.843337	0
7.02581	0.0122878	124.536	0.850224	0
7.01824	0.0123762	123.293	0.833694	0
7.01543	0.0119758	123.259	0.831284	0
7.01006	0.011784	123.209	0.828185	0
7.02584	0.0123928	122.318	0.834039	0
7.04099	0.0118577	122.167	0.847124	0
7.02889	0.0119357	123.948	0.83094	0
7.01999	0.0121616	122.268	0.840237	0
7.02089	0.0122919	124.402	0.860554	0
7.03617	0.0123158	124.687	0.831628	0
7.04415	0.0117924	122.923	0.821297	0
7.02189	0.0122221	122.806	0.81992	0
7.00338	0.0120146	122.1	0.818543	0
7.00492	0.01185	123.158	0.830595	0
7.01877	0.0125542	122.806	0.876051	0
7.02152	0.0121936	122.554	0.823364	0
7.01836	0.0123273	124.586	0.877084	0
7.04035	0.0121546	123.276	0.830595	0
7.02742	0.0121347	122.402	0.824741	0
7.00842	0.0121874	122.89	0.857455	0
7.0151	0.0121778	122.722	0.82784	0
7.02563	0.0121494	123.293	0.849191	0
7.03418	0.0123562	123.41	0.839893	0
7.02283	0.0122649	124.418	0.839204	0
7.00987	0.0119208	124.418	0.816476	0
7.03207	0.012054	122.806	0.838171	0
7.04427	0.0122128	123.797	0.85229	0
7.04658	0.0124167	124.939	0.871574	0
7.03608	0.012009	123.209	0.847469	0
7.0242	0.0120444	123.478	0.858488	0
7.02185	0.0122258	124.183	0.843337	0
7.02269	0.0122913	124.738	0.834728	0
7.01052	0.0123168	122.201	0.855733	0
7.00139	0.0121231	123.898	0.843337	0
7.02522	0.0122789	122.688	0.850224	0
7.02806	0.0121161	121.865	0.828185	0
7.02522	0.0122264	123.612	0.846091	0
7.02588	0.0119979	122.89	0.8578	0
7.00747	0.0119869	123.578	0.834728	0
7.01003	0.0119797	123.343	0.840582	0
7.01356	0.0122398	123.847	0.849191	0
7.01358	0.0123949	123.377	0.836105	0
7.03303	0.0124661	123.242	0.837482	0
7.02937	0.0125097	122.772	0.830251	0
7.03509	0.0123601	125.51	0.835416	0
7.05692	0.0124474	124.15	0.832317	0
7.03964	0.0121793	121.714	0.829562	0
7.01164	0.0124668	123.679	0.840582	0
7.01489	0.0120927	122.806	0.837138	0
7.02351	0.0122111	123.713	0.829906	0
7.01847	0.0120945	123.041	0.835416	0
7.01637	0.0125317	121.932	0.827496	0
7.03259	0.0124181	123.713	0.821986	0
7.05221	0.0124238	124.603	0.850912	0
7.04165	0.0120913	124.654	0.824397	0
7.00993	0.0122403	121.932	0.846436	0
7.00726	0.0118619	123.209	0.825774	0
7.02582	0.0118932	123.209	0.859866	0
7.01935	0.0124274	122.369	0.854356	0
7.00784	0.0122401	122.285	0.847469	0
7.0137	0.0121738	124.67	0.83886	0
7.02294	0.012352	122.47	0.826807	0
7.03866	0.01197	124.553	0.849879	0
7.03366	0.0123573	123.192	0.815099	0
7.02508	0.0122128	123.814	0.832317	0
7.0339	0.0123886	122.671	0.83886	0
7.02274	0.0119712	123.058	0.840926	0
7.01725	0.0118956	124.855	0.857455	0
7.01575	0.0121335	122.638	0.836794	0
6.99865	0.0121592	121.579	0.840582	0
6.99877	0.0122524	123.158	0.838515	0
7.01433	0.0121139	122.57	0.85229	0
7.01849	0.0122143	123.478	0.839549	0
7.02159	0.0121892	123.259	0.849191	0
7.0099	0.0123457	123.024	0.850912	0
7.01519	0.0121891	123.226	0.826807	0
7.03761	0.0124929	123.343	0.859866	0
7.00694	0.0120908	121.445	0.831284	0
6.9887	0.0122791	122.05	0.836794	0
7.0164	0.0123103	124.418	0.843681	0
7.00835	0.0123299	122.386	0.840582	0
6.99992	0.0119901	123.998	0.834728	0
7.02614	0.01214	123.562	0.846091	0
7.03161	0.0121764	123.31	0.837827	0
7.01726	0.012254	124.2	0.838515	0
7.01624	0.0119389	122.856	0.837138	0
7.02343	0.0119756	123.528	0.842992	0
7.03359	0.0120513	123.931	0.856422	0
7.012	0.0121302	122.1	0.844714	0
7.00449	0.0120864	123.444	0.855733	0
7.03199	0.0124263	123.478	0.861243	0
7.028	0.0122529	122.738	0.833006	0
7.01214	0.011978	121.663	0.845058	0
7.01514	0.0121007	123.998	0.845403	0
7.03612	0.0121998	123.612	0.844025	0
7.03235	0.0117352	123.226	0.845747	0
7.01891	0.0127088	123.679	0.836449	0
7.03874	0.0121832	124.099	0.849879	0
7.05531	0.0123664	123.142	0.859177	0
7.04157	0.0119308	124.301	0.85229	0
7.01884	0.0122342	123.461	0.847469	0
7.00757	0.011972	122.822	0.847124	0
7.00756	0.0119874	124.334	0.84437	0
7.01453	0.0121109	124.637	0.855389	0
7.03375	0.012316	123.242	0.846436	0
7.03224	0.0121214	121.865	0.829906	0
7.01547	0.0122711	122.974	0.835761	0
7.01772	0.0119513	123.293	0.834728	0
7.01091	0.0122077	122.285	0.828529	0
7.0058	0.0120718	124.956	0.839549	0
7.03278	0.0126066	123.662	0.849879	0
7.03285	0.0124248	122.604	0.82784	0
7.00126	0.0123939	123.478	0.857111	0
7.01166	0.0123415	122.789	0.830251	0
7.03105	0.0122324	122.923	0.811311	0
7.02989	0.0122628	125.46	0.850224	0
7.01703	0.0125447	123.242	0.833006	0
7.01598	0.0122652	123.091	0.850912	0
7.02612	0.01217	121.798	0.840926	0
7.02497	0.0122059	122.738	0.842303	0
7.02964	0.0123789	123.78	0.855389	0
7.03169	0.0119392	122.806	0.843681	0
7.03211	0.0122517	122.234	0.826463	0
7.0197	0.0120636	123.427	0.833694	0
7.00612	0.011997	123.31	0.853323	0
7.02505	0.0121597	122.621	0.851945	0
7.03149	0.0117982	123.931	0.831628	0
7.02247	0.0120353	123.982	0.838171	0
7.02829	0.0121957	123.914	0.816476	0
7.03446	0.0121484	122.839	0.8578	0
7.01453	0.0120272	123.293	0.834383	0
7.01306	0.0121118	122.386	0.811655	0
7.02121	0.0123415	122.285	0.845747	0
7.0139	0.0119879	123.864	0.8547	0
7.02329	0.0120882	122.285	0.83094	0
7.04038	0.0123037	124.318	0.841615	0
7.03136	0.0120307	123.73	0.832317	0
7.0165	0.0120138	123.478	0.829218	0
7.02918	0.011773	123.545	0.833006	0
7.0457	0.012239	122.537	0.850224	0
7.03411	0.0124174	123.478	0.860554	0
7.02271	0.0122424	121.915	0.827496	0
7.02054	0.0117818	123.293	0.859177	0
7.01896	0.0116422	122.755	0.850224	0
7.02685	0.0119732	122.15	0.822331	0
7.03116	0.0120524	122.923	0.825774	0
7.03749	0.0120022	124.469	0.845747	0
7.02937	0.0121416	123.192	0.831628	0
7.0183	0.0123003	122.789	0.84678	0
7.01951	0.0120611	122.318	0.841959	0
7.03406	0.0120705	123.612	0.827152	0
7.03873	0.0124685	123.192	0.821642	0
7.02548	0.0123834	122.99	0.846091	0
7.01683	0.0121885	122.369	0.83335	0
7.01693	0.0122391	122.722	0.819576	0
7.01396	0.0121356	122.335	0.829906	0
7.02877	0.0123067	123.158	0.841959	0
7.05661	0.012144	124.368	0.83886	0
7.04291	0.0122106	122.453	0.843337	0
7.01943	0.0120304	123.091	0.824741	0
7.02493	0.0119726	123.612	0.827496	0
7.03689	0.0123309	122.57	0.854012	0
7.0325	0.0117151	122.654	0.834728	0
7.01645	0.0122712	123.242	0.83886	0
7.00293	0.0125119	123.612	0.843337	0
7.01037	0.0121532	121.21	0.828529	0
7.03179	0.0122628	122.587	0.844025	0
7.0268	0.0123709	122.016	0.859521	0
7.02481	0.012357	123.377	0.845403	0
7.04141	0.0121761	124.754	0.824741	0
7.04758	0.0122935	122.822	0.836449	0
7.04095	0.0121892	121.243	0.835761	0
7.03415	0.0120343	122.419	0.838171	0
7.03832	0.0122163	123.007	0.826119	0
7.03472	0.0120261	123.058	0.82543	0
7.02334	0.0122309	122.285	0.820264	0
7.01367	0.012151	121.579	0.829218	0
7.02279	0.0122355	124.25	0.837482	0
7.02656	0.0123168	121.831	0.848846	0
7.01715	0.0121213	123.461	0.836105	0
7.03656	0.0124337	124.486	0.847469	0
7.04572	0.0126318	124.2	0.836105	0
7.01687	0.0122144	121.243	0.85229	0
7.01124	0.0121948	122.654	0.835416	0
7.0271	0.0123224	122.772	0.851945	0
7.02539	0.0125905	122.386	0.851257	0
7.03289	0.0120888	124.032	0.84437	0
7.04453	0.0123055	124.435	0.859521	0
7.01769	0.0125031	122.285	0.84678	0
7.01687	0.0122196	123.125	0.838515	0
7.01881	0.0122272	123.158	0.837138	0
7.00971	0.0122967	122.285	0.853323	0
7.04304	0.0123658	123.662	0.822331	0
7.04211	0.012193	123.142	0.850912	0
7.02298	0.0123702	123.091	0.842303	0
7.03368	0.0123021	122.503	0.841615	0
7.03538	0.0125151	123.545	0.848158	0
7.03172	0.0122764	121.915	0.821642	0
7.03342	0.0123847	122.873	0.861243	0
7.04319	0.012262	123.125	0.827152	0
7.04805	0.0120035	122.906	0.841959	0
7.02737	0.0119386	122.99	0.84127	0
7.01429	0.012142	122.554	0.831284	0
7.016	0.0119426	122.537	0.826807	0
7.01296	0.0120982	121.898	0.84127	0
7.02065	0.0120964	123.528	0.8578	0
7.03804	0.0119803	123.528	0.847813	0
7.05587	0.0124086	124.536	0.840237	0
7.04641	0.0120617	123.73	0.856422	0
7.02109	0.0122668	122.352	0.847813	0
7.01777	0.0123235	122.251	0.848846	0
7.03961	0.0119509	121.882	0.829218	0
7.05628	0.0121855	124.284	0.837827	0
7.03521	0.0121857	121.26	0.82543	0
7.0273	0.0123664	124.586	0.863654	0
7.03434	0.0122212	123.444	0.840926	0
7.02172	0.0121028	122.722	0.851945	0
7.01778	0.01203	123.394	0.84127	0
7.02619	0.0119987	121.848	0.822675	0
7.03466	0.0120437	123.982	0.821642	0
7.02197	0.0121023	122.974	0.847124	0
7.00255	0.0121902	122.537	0.823364	0
7.02811	0.0119786	123.83	0.829218	0
7.05982	0.0121099	124.939	0.859866	0
7.03404	0.011712	123.293	0.826807	0
7.01737	0.0124338	124.318	0.840582	0
7.02887	0.0123752	123.847	0.834383	0
7.02481	0.0121084	124.234	0.839204	0
7.0236	0.0123939	123.898	0.851257	0
7.02895	0.0123041	123.41	0.824052	0
7.03277	0.0124414	124.603	0.852634	0
7.02154	0.0121143	121.714	0.847813	0
6.99758	0.0120686	121.26	0.815788	0
7.00481	0.0124326	123.746	0.854012	0
7.0404	0.0118154	123.713	0.844025	0
7.05307	0.0120121	123.545	0.843681	0
7.02736	0.0123009	122.94	0.842303	0
7.02659	0.012494	123.175	0.851945	0
7.03507	0.0121365	122.537	0.843681	0
7.02673	0.0121031	122.251	0.848846	0
7.02312	0.0118079	123.259	0.835416	0
7.03096	0.0122554	123.293	0.828185	0
7.0262	0.0119853	122.722	0.845747	0
7.01625	0.0120569	124.116	0.839549	0
7.03503	0.0120705	124.855	0.842992	0
7.03637	0.0122211	123.881	0.82543	0
7.02952	0.0119264	122.755	0.823364	0
7.03335	0.0121919	122.839	0.841959	0
7.02248	0.0123246	122.05	0.832317	0
7.0168	0.0120072	123.394	0.835416	0
7.03046	0.0123377	123.797	0.81751	0
7.02213	0.0125494	122.52	0.846436	0
7.02181	0.0120375	122.083	0.844025	0
7.05036	0.0119947	124.956	0.846091	0
7.05445	0.0120208	123.394	0.828529	0
7.02329	0.0120015	123.847	0.847813	0
7.01915	0.0118179	123.461	0.842303	0
7.02592	0.0121966	123.343	0.83335	0
7.01245	0.0123656	123.31	0.83335	0
7.01844	0.012387	123.595	0.84127	0
7.01482	0.0121652	122.083	0.829906	0
7.01514	0.0120184	123.881	0.845403	0
7.0468	0.0122688	123.108	0.835761	0
7.03664	0.0119779	124.788	0.823019	0
7.00973	0.0122948	122.671	0.836105	0
7.0217	0.0119229	123.326	0.83094	0
7.02795	0.0120409	122.52	0.824741	0
7.02409	0.0120206	123.881	0.849535	0
7.0288	0.0120923	122.671	0.840926	0
7.02863	0.0121499	122.839	0.852979	0
7.04414	0.0121708	122.705	0.836794	0
7.05582	0.0122742	123.175	0.834039	0
7.03523	0.0121832	123.276	0.839549	0
7.01748	0.0118965	123.444	0.850224	0
7.02664	0.0124556	122.184	0.848502	0
7.04039	0.0122548	122.974	0.825085	0
7.04653	0.0121668	122.503	0.847469	0
7.03846	0.0121897	122.789	0.837827	0
7.03862	0.0120969	122.99	0.850568	0
7.04407	0.0116965	124.704	0.837482	0
7.03409	0.0121209	122.906	0.822331	0
7.03922	0.0123566	122.654	0.835761	0
7.05056	0.0123082	124.57	0.851257	0
7.03194	0.011998	121.697	0.858144	0
7.03129	0.0120496	123.73	0.844025	0
7.02821	0.0120385	122.52	0.825085	0
7.01515	0.0118816	123.41	0.846091	0
7.04167	0.0124185	124.402	0.846436	0
7.0537	0.0121927	121.814	0.865376	0
7.0296	0.0123359	121.814	0.82543	0
7.02466	0.0119499	122.755	0.835761	0
7.03543	0.0122191	123.578	0.81441	0
7.03505	0.0120043	122.957	0.856078	0
7.03005	0.0118219	124.082	0.844714	0
7.03527	0.0121359	123.377	0.835072	0
7.02734	0.0122608	122.419	0.849191	0
7.01919	0.0121405	123.881	0.852979	0
7.03136	0.0125682	123.343	0.845747	0
7.04034	0.0122554	122.923	0.83886	0
7.04206	0.0122224	125.426	0.86813	0
7.044	0.0122255	124.032	0.858144	0
7.03828	0.0122424	123.074	0.867442	0
7.02385	0.0118469	122.15	0.845058	0
7.0409	0.0122308	123.646	0.830251	0
7.05869	0.012178	123.192	0.851945	0
7.05798	0.0123807	123.83	0.856422	0
7.05227	0.0119508	122.671	0.845747	0
7.02537	0.0119376	122.386	0.813722	0
7.0095	0.0120414	123.948	0.832317	0
7.02438	0.0120225	124.973	0.840582	0
7.04221	0.0120989	123.528	0.851601	0
7.02897	0.0120091	123.074	0.848846	0
7.0156	0.011842	123.528	0.829218	0
7.03538	0.0119948	123.293	0.82543	0
7.03681	0.0119051	122.268	0.828529	0
7.02562	0.012049	123.158	0.849879	0
7.03002	0.0120841	123.41	0.820953	0
7.03751	0.0120199	123.612	0.830595	0
7.0299	0.0119206	122.789	0.839549	0
7.01716	0.0119305	124.217	0.831973	0
7.02286	0.0118716	123.074	0.840926	0
7.03943	0.0120812	123.83	0.828185	0
7.04641	0.0124432	122.218	0.84127	0
7.0255	0.0120517	122.184	0.84127	0
7.03252	0.0120508	122.957	0.842303	0
7.04634	0.0122907	122.318	0.856767	0
7.02742	0.0125284	123.562	0.825085	0
7.03119	0.012414	123.326	0.863998	0
7.03901	0.0123892	121.781	0.819231	0
7.02456	0.0120196	124.066	0.825085	0
7.01514	0.0122069	123.562	0.837827	0
7.03781	0.0122926	123.058	0.865031	0
7.04602	0.0124454	122.486	0.824741	0
7.03291	0.012436	122.738	0.840237	0
7.03273	0.0121413	123.814	0.843337	0
7.0309	0.0121059	121.915	0.823364	0
7.03047	0.01246	122.722	0.831973	0
7.0365	0.0124563	123.142	0.83886	0
7.02565	0.0121955	123.41	0.841959	0
7.01955	0.012308	122.806	0.836105	0
7.01094	0.0123921	121.781	0.824741	0
7.01875	0.0122713	123.948	0.81992	0
7.03337	0.0121298	122.47	0.844025	0
7.04051	0.0123856	123.965	0.846091	0
7.04342	0.0121856	123.696	0.820953	0
7.03134	0.0122448	124.015	0.830595	0
7.03084	0.0122329	123.864	0.851257	0
7.03729	0.0120391	123.007	0.826119	0
7.02545	0.0121086	124.385	0.842303	0
7.03789	0.0122638	124.486	0.83886	0
7.04858	0.0120918	123.713	0.83886	0
7.04117	0.0123185	122.302	0.826807	0
7.04337	0.0125405	123.914	0.847124	0
7.04676	0.0122097	124.015	0.836105	0
7.04159	0.0124453	123.646	0.822331	0
7.04853	0.0123485	123.814	0.841615	0
7.06157	0.0123767	123.646	0.867442	0
7.06098	0.0121015	123.545	0.873985	0
7.04968	0.0119646	123.377	0.854356	0
7.03378	0.0121874	122.134	0.856078	0
7.02657	0.0120195	122.906	0.845403	0
7.04892	0.0118845	123.528	0.822331	0
7.02639	0.0120686	122.99	0.826807	0
7.00772	0.0121013	124.116	0.838171	0
7.04622	0.0122736	123.763	0.839204	0
7.05618	0.0123007	124.284	0.842303	0
7.02305	0.0124328	123.377	0.849535	0
7.00618	0.0121595	122.436	0.855389	0
7.03478	0.0123823	123.494	0.856422	0
7.05493	0.0122133	122.386	0.847813	0
7.04155	0.0120259	123.41	0.851945	0
7.03153	0.0119692	122.873	0.851601	0
7.01456	0.0121241	122.083	0.841615	0
7.02386	0.0120069	123.881	0.841959	0
7.04519	0.0121868	122.419	0.83886	0
7.04094	0.012482	122.503	0.812344	0
7.04122	0.0121964	124.116	0.852979	0
7.04614	0.0123277	123.461	0.83335	0
7.05389	0.0120431	124.183	0.836105	0
7.06504	0.0120125	123.427	0.83335	0
7.0425	0.0125754	122.066	0.83335	0
7.03145	0.0121262	123.326	0.824741	0
7.04991	0.0120565	122.218	0.852979	0
7.03801	0.0123118	123.478	0.821297	0
7.0294	0.0122553	123.394	0.848502	0
7.0402	0.0121361	122.89	0.8578	0
7.03956	0.0123154	123.058	0.81992	0
7.05089	0.0121143	124.234	0.851945	0
7.05172	0.0122039	122.402	0.851945	0
7.03485	0.0122184	123.511	0.840237	0
7.03405	0.0123169	123.175	0.836794	0
7.03821	0.0124422	124.267	0.839893	0
7.04232	0.0119778	124.099	0.848846	0
7.0451	0.0122056	124.351	0.848846	0
7.03286	0.0123995	121.848	0.845403	0
7.01905	0.012001	123.074	0.840926	0
7.02682	0.0123919	122.47	0.826119	0
7.01739	0.0119991	123.276	0.821986	0
7.01425	0.0117759	124.452	0.850224	0
7.02729	0.0119626	123.158	0.843337	0
7.01694	0.0122774	122.587	0.846091	0
7.02615	0.0120611	124.435	0.813033	0
7.04215	0.0119731	124.318	0.833694	0
7.03274	0.0120466	123.494	0.838171	0
7.04314	0.0119432	123.192	0.83335	0
7.04572	0.0120717	123.31	0.82784	0
7.03585	0.0120765	124.082	0.856767	0
7.0464	0.0124067	124.62	0.826119	0
7.05517	0.0120614	123.343	0.837827	0
7.06759	0.0121049	123.377	0.84127	0
7.05044	0.0121097	122.839	0.835761	0
7.02706	0.0122397	122.806	0.841615	0
7.04343	0.0121122	124.452	0.84678	0
7.05094	0.012135	123.713	0.847124	0
7.04136	0.0119895	123.259	0.851601	0
7.03519	0.0120973	122.906	0.84127	0
7.04435	0.0120301	123.142	0.808901	0
7.04223	0.0119817	122.419	0.836794	0
7.03194	0.0119629	123.814	0.843681	0
7.04748	0.0121333	123.746	0.841959	0
7.0499	0.012509	123.326	0.84437	0
7.04033	0.0121408	123.209	0.834728	0
7.04911	0.0121348	122.94	0.830595	0
7.05083	0.012039	121.579	0.842303	0
7.03269	0.0119505	122.621	0.842992	0
7.03256	0.0121227	123.36	0.842303	0
7.0459	0.0121733	123.293	0.834728	0
7.05075	0.0120387	123.461	0.852979	0
7.03588	0.0122008	123.444	0.845058	0
7.04354	0.0120056	123.091	0.842992	0
7.06629	0.0120523	122.621	0.84437	0
7.04063	0.0121659	121.277	0.850568	0
7.01551	0.0124553	124.082	0.847469	0
7.03771	0.0120969	121.949	0.813033	0
7.05297	0.0120718	121.848	0.828185	0
7.03029	0.0122914	123.763	0.829562	0
7.02642	0.0123016	123.478	0.839204	0
7.04436	0.0122963	122.806	0.858144	0
7.0302	0.0123368	124.486	0.851257	0
7.02806	0.0118439	123.444	0.84678	0
7.0556	0.0122523	124.032	0.837482	0
7.06328	0.0124686	123.998	0.881905	0
7.04923	0.0122303	123.158	0.842303	0
7.02264	0.012147	123.192	0.855045	0
7.02039	0.0122244	122.755	0.850912	0
7.0318	0.0119625	122.335	0.828873	0
7.0359	0.0119698	123.209	0.842303	0
7.04451	0.0119749	123.881	0.830595	0
7.05094	0.012205	124.469	0.855389	0
7.05016	0.0122316	122.554	0.828529	0
7.04743	0.012054	122.688	0.832317	0
7.04239	0.0120665	123.478	0.839549	0
7.03492	0.012036	121.529	0.831973	0
7.03842	0.0120265	122.671	0.815788	0
7.04652	0.012169	124.318	0.839549	0
7.03585	0.0121599	123.73	0.843681	0
7.03588	0.0119208	123.797	0.844714	0
7.03812	0.0122023	124.721	0.829562	0
7.02448	0.0122193	123.746	0.855733	0
7.04666	0.0123854	123.696	0.834728	0
7.06839	0.0123743	123.377	0.851601	0
7.05771	0.0125082	123.494	0.84678	0
7.05341	0.0122726	124.838	0.836105	0
7.04482	0.0120034	124.066	0.813033	0
7.03929	0.0123759	123.31	0.845058	0
7.0451	0.0123479	122.604	0.847124	0
7.0554	0.012218	122.369	0.854012	0
7.0532	0.0120786	123.78	0.821986	0
7.05309	0.0124877	123.377	0.850224	0
7.06901	0.0124443	123.209	0.846436	0
7.06258	0.0122157	122.369	0.848158	0
7.02779	0.0118257	123.73	0.834728	0
7.01943	0.0123739	123.343	0.862276	0
7.03823	0.0121737	122.318	0.83094	0
7.04706	0.0122028	123.36	0.820609	0
7.06014	0.0122367	123.293	0.828185	0
7.05626	0.0119857	122.621	0.850568	0
7.03173	0.0121271	124.217	0.836794	0
7.03241	0.0122141	123.125	0.861588	0
7.04805	0.0122265	123.326	0.829906	0
7.04361	0.0122737	122.234	0.83094	0
7.03914	0.012178	123.814	0.867442	0
7.05196	0.0120573	124.368	0.829906	0
7.0418	0.0119317	121.915	0.86021	0
7.02658	0.0121158	122.554	0.813722	0
7.03963	0.0119871	121.63	0.847813	0
7.04495	0.0120281	122.806	0.846436	0
7.04027	0.0118998	123.696	0.832317	0
7.04958	0.0122492	124.015	0.847124	0
7.06397	0.0126623	124.906	0.835416	0
7.0538	0.0123315	123.612	0.828529	0
7.03885	0.0117821	122.621	0.824052	0
7.03982	0.0122518	122.974	0.841615	0
7.04733	0.0120031	122.806	0.855045	0
7.03852	0.0123496	122.906	0.84678	0
7.03061	0.0121444	123.797	0.850912	0
7.04464	0.0122362	123.024	0.849535	0
7.05318	0.012326	123.982	0.854356	0
7.04966	0.012464	124.066	0.847124	0
7.03186	0.0120375	122.722	0.829906	0
7.0331	0.0121539	122.285	0.851601	0
7.04591	0.012676	123.494	0.8547	0
7.05359	0.0122514	124.2	0.842303	0
7.0546	0.0122888	122.923	0.825774	0
7.03625	0.012208	124.049	0.839204	0
7.0364	0.0120167	123.142	0.88156	0
7.04707	0.0119252	122.335	0.838515	0
7.03881	0.0121176	122.453	0.816821	0
7.02744	0.012044	122.806	0.82543	0
7.04027	0.0120293	123.578	0.853323	0
7.05648	0.0117796	123.696	0.855045	0
7.04015	0.0118335	123.562	0.827152	0
7.02172	0.012076	123.142	0.840926	0
7.03575	0.0122711	122.587	0.821986	0
7.04589	0.0123272	123.36	0.84127	0
7.04902	0.0120776	123.478	0.813722	0
7.06024	0.0119818	122.402	0.827496	0
7.05025	0.0122898	124.15	0.842992	0
7.04387	0.0121997	123.041	0.837827	0
7.0588	0.0124892	124.25	0.834383	0
7.05499	0.0120378	124.368	0.846091	0
7.05162	0.0125947	122.873	0.839893	0
7.05252	0.0123385	123.646	0.851601	0
7.04932	0.0125187	123.394	0.849535	0
7.03684	0.0121412	123.528	0.826119	0
7.04176	0.0121557	122.671	0.858488	0
7.06915	0.0121401	124.2	0.874329	0
7.05786	0.0121555	123.847	0.831628	0
0	0	0	0	0
0	0	0	0	0
0	0	0	0	0
0	0	0	0	0
0	0	0	0	0
0	0	0	0	0
0	0	0	0	0
0	0	0	0	0
0	0	0	0	0
0	0	0	0	0
0	0	0	0	0
0	0	0	0	0
0	0	0	0	0
0	0	0	0	0
0	0	0	0	0
0	0	0	0	0
0	0	0	0	0
0	0	0	0	0
0	0	0	0	0
0	0	0	0	0
0	0	0	0	0
0	0	0	0	0
0	0	0	0	0
0	0	0	0	0
0	0	0	0	0
0	0	0	0	0
0	0	0	0	0
0	0	0	0	0
0	0	0	0	0
0	0	0	0	0
0	0	0	0	0
0	0	0	0	0
0	0	0	0	0
0	0	0	0	0
0	0	0	0	0
0	0	0	0	0
0	0	0	0	0
0	0	0	0	0
0	0	0	0	0
0	0	0	0	0
0	0	0	0	0
0	0	0	0	0
0	0	0	0	0
0	0	0	0	0
0	0	0	0	0
0	0	0	0	0
0	0	0	0	0
0	0	0	0	0
0	0	0	0	0
0	0	0	0	0
0	0	0	0	0
0	0	0	0	0
0	0	0	0	0
0	0	0	0	0
0	0	0	0	0
0	0	0	0	0
0	0	0	0	0
0	0	0	0	0
0	0	0	0	0
0	0	0	0	0
0	0	0	0	0
0	0	0	0	0
0	0	0	0	0
0	0	0	0	0
0	0	0	0	0
0	0	0	0	0
0	0	0	0	0
0	0	0	0	0
0	0	0	0	0
0	0	0	0	0
0	0	0	0	0
0	0	0	0	0
0	0	0	0	0
0	0	0	0	0
0	0	0	0	0
0	0	0	0	0
0	0	0	0	0
0	0	0	0	0
0	0	0	0	0
0	0	0	0	0
0	0	0	0	0
0	0	0	0	0
0	0	0	0	0
0	0	0	0	0
0	0	0	0	0
0	0	0	0	0
0	0	0	0	0
0	0	0	0	0
0	0	0	0	0
0	0	0	0	0
0	0	0	0	0
0	0	0	0	0
0	0	0	0	0
0	0	0	0	0
0	0	0	0	0
0	0	0	0	0
0	0	0	0	0
0	0	0	0	0
0	0	0	0	0
0	0	0	0	0
0	0	0	0	0
0	0	0	0	0
0	0	0	0	0
0	0	0	0	0
0	0	0	0	0
0	0	0	0	0
0	0	0	0	0
0	0	0	0	0
0	0	0	0	0
0	0	0	0	0
0	0	0	0	0
0	0	0	0	0
0	0	0	0	0
0	0	0	0	0
0	0	0	0	0
0	0	0	0	0
0	0	0	0	0
0	0	0	0	0
0	0	0	0	0
0	0	0	0	0
0	0	0	0	0
0	0	0	0	0
0	0	0	0	0
0	0	0	0	0
0	0	0	0	0
0	0	0	0	0
0	0	0	0	0
0	0	0	0	0
0	0	0	0	0
0	0	0	0	0
0	0	0	0	0
0	0	0	0	0
0	0	0	0	0
0	0	0	0	0
0	0	0	0	0
0	0	0	0	0
0	0	0	0	0
0	0	0	0	0
0	0	0	0	0
0	0	0	0	0
0	0	0	0	0
0	0	0	0	0
0	0	0	0	0
0	0	0	0	0
0	0	0	0	0
0	0	0	0	0
0	0	0	0	0
0	0	0	0	0
0	0	0	0	0
0	0	0	0	0
0	0	0	0	0
0	0	0	0	0
0	0	0	0	0
0	0	0	0	0
0	0	0	0	0
0	0	0	0	0
0	0	0	0	0
0	0	0	0	0
0	0	0	0	0
0	0	0	0	0
0	0	0	0	0
0	0	0	0	0
0	0	0	0	0
0	0	0	0	0
0	0	0	0	0
0	0	0	0	0
0	0	0	0	0
0	0	0	0	0
0	0	0	0	0
0	0	0	0	0
0	0	0	0	0
0	0	0	0	0
0	0	0	0	0
0	0	0	0	0
0	0	0	0	0
0	0	0	0	0
0	0	0	0	0
0	0	0	0	0
0	0	0	0	0
0	0	0	0	0
0	0	0	0	0
0	0	0	0	0
0	0	0	0	0
0	0	0	0	0
0	0	0	0	0
0	0	0	0	0
0	0	0	0	0
0	0	0	0	0
0	0	0	0	0
0	0	0	0	0
0	0	0	0	0
0	0	0	0	0
0	0	0	0	0
0	0	0	0	0
0	0	0	0	0
0	0	0	0	0
0	0	0	0	0
0	0	0	0	0
0	0	0	0	0
0	0	0	0	0
0	0	0	0	0
0	0	0	0	0
0	0	0	0	0
0	0	0	0	0
0	0	0	0	0
0	0	0	0	0
0	0	0	0	0
0	0	0	0	0
0	0	0	0	0
0	0	0	0	0
0	0	0	0	0
0	0	0	0	0
0	0	0	0	0
0	0	0	0	0
0	0	0	0	0
0	0	0	0	0
0	0	0	0	0
0	0	0	0	0
0	0	0	0	0
0	0	0	0	0
0	0	0	0	0
0	0	0	0	0
0	0	0	0	0
0	0	0	0	0
0	0	0	0	0
0	0	0	0	0
0	0	0	0	0
0	0	0	0	0
0	0	0	0	0
0	0	0	0	0
0	0	0	0	0
0	0	0	0	0
0	0	0	0	0
0	0	0	0	0
0	0	0	0	0
0	0	0	0	0
0	0	0	0	0
0	0	0	0	0
0	0	0	0	0
0	0	0	0	0
0	0	0	0	0
0	0	0	0	0
0	0	0	0	0
0	0	0	0	0
0	0	0	0	0
0	0	0	0	0
0	0	0	0	0
0	0	0	0	0
0	0	0	0	0
0	0	0	0	0
0	0	0	0	0
0	0	0	0	0
0	0	0	0	0
0	0	0	0	0
0	0	0	0	0
0	0	0	0	0
0	0	0	0	0
0	0	0	0	0
0	0	0	0	0
0	0	0	0	0
0	0	0	0	0
0	0	0	0	0
0	0	0	0	0
0	0	0	0	0
0	0	0	0	0
0	0	0	0	0
0	0	0	0	0
0	0	0	0	0
0	0	0	0	0
0	0	0	0	0
0	0	0	0	0
0	0	0	0	0
0	0	0	0	0
0	0	0	0	0
0	0	0	0	0
0	0	0	0	0
0	0	0	0	0
0	0	0	0	0
0	0	0	0	0
0	0	0	0	0
0	0	0	0	0
0	0	0	0	0
0	0	0	0	0
0	0	0	0	0
0	0	0	0	0
0	0	0	0	0
0	0	0	0	0
0	0	0	0	0
0	0	0	0	0
0	0	0	0	0
0	0	0	0	0
0	0	0	0	0
0	0	0	0	0
0	0	0	0	0
0	0	0	0	0
0	0	0	0	0
0	0	0	0	0
0	0	0	0	0
0	0	0	0	0
0	0	0	0	0
0	0	0	0	0
0	0	0	0	0
0	0	0	0	0
0	0	0	0	0
0	0	0	0	0
0	0	0	0	0
0	0	0	0	0
0	0	0	0	0
0	0	0	0	0
0	0	0	0	0
0	0	0	0	0
0	0	0	0	0
0	0	0	0	0
0	0	0	0	0
0	0	0	0	0
0	0	0	0	0
0	0	0	0	0
0	0	0	0	0
0	0	0	0	0
0	0	0	0	0
0	0	0	0	0
0	0	0	0	0
0	0	0	0	0
0	0	0	0	0
0	0	0	0	0
0	0	0	0	0
0	0	0	0	0
0	0	0	0	0
0	0	0	0	0
0	0	0	0	0
0	0	0	0	0
0	0	0	0	0
0	0	0	0	0
0	0	0	0	0
0	0	0	0	0
0	0	0	0	0
0	0	0	0	0
0	0	0	0	0
0	0	0	0	0
0	0	0	0	0
0	0	0	0	0
0	0	0	0	0
0	0	0	0	0
0	0	0	0	0
0	0	0	0	0
0	0	0	0	0
0	0	0	0	0
0	0	0	0	0
0	0	0	0	0
0	0	0	0	0
0	0	0	0	0
0	0	0	0	0
0	0	0	0	0
0	0	0	0	0
0	0	0	0	0
0	0	0	0	0
0	0	0	0	0
0	0	0	0	0
0	0	0	0	0
0	0	0	0	0
0	0	0	0	0
0	0	0	0	0
0	0	0	0	0
0	0	0	0	0
0	0	0	0	0
0	0	0	0	0
0	0	0	0	0
0	0	0	0	0
0	0	0	0	0
0	0	0	0	0
0	0	0	0	0
0	0	0	0	0
0	0	0	0	0
0	0	0	0	0
0	0	0	0	0
0	0	0	0	0
0	0	0	0	0
0	0	0	0	0
0	0	0	0	0
0	0	0	0	0
0	0	0	0	0
0	0	0	0	0
0	0	0	0	0
0	0	0	0	0
0	0	0	0	0
0	0	0	0	0
0	0	0	0	0
0	0	0	0	0
0	0	0	0	0
0	0	0	0	0
0	0	0	0	0
0	0	0	0	0
0	0	0	0	0
0	0	0	0	0
0	0	0	0	0
0	0	0	0	0
0	0	0	0	0
0	0	0	0	0
0	0	0	0	0
0	0	0	0	0
