a2610508.350181
Narit-cm 05/01/2026 08:05:01 05/01/2026 08:35:01 0045 0013.384714 0052.542598 00.0 00.0
0002397 0010 0000000 0010 05 0000000 0010 0000000 0010
1 0 1 01600 1 0000 3.75 00000.o 0 0 01 000 16 002397 0.500 BT0
1 2 1 02000 1 0000 3.75 00000.o 0 0 01 000 16 002397 0.500 S2A0
1 1 1 01600 1 0000 3.75 00000.o 0 0 00 000 00 002397 3.1746 BC0
1 3 1 02000 1 0000 3.75 00000.o 0 0 00 000 00 002397 3.1746 S2P0
1 5 0 01600 0 0000 1.00 00000.o 0 0 00 000 00 000000 0.000 OF0
0.000 .o Analog 0 	0.000 .o Analog StErr 0 	0.000 .o Photon Counting 0 	0.000 .o PC StErr 0 	0.000 .o Overflow Info 0 
32.6595	0.16722	180.259	0.870702	0
70.1847	0.394903	192.357	0.886384	0
267.628	2.2747	110.471	1.35855	0
473.126	0.0770547	0.851064	0.117957	0
473.457	0	0	0	0
473.457	0	0.500626	0.0906839	0
473.457	0	45.5569	0.819564	0
473.457	1.42404E-5	19.3408	0.625242	0
473.457	0	4.07176	0.26762	0
473.457	6.37242E-6	21.4435	0.594218	0
473.457	8.97341E-6	68.2687	0.917067	0
473.457	0	137.989	1.03502	0
473.457	0	172.549	0.927294	0
473.457	0	122.737	1.00093	0
473.457	0	84.9896	0.883657	0
473.457	6.37242E-6	76.2954	0.870361	0
473.457	0	82.4197	0.854338	0
473.457	0	91.1473	0.893884	0
473.457	0	101.36	0.911953	0
473.457	0	103.88	0.897634	0
473.457	0	122.27	0.898998	0
473.457	0	145.715	0.897634	0
473.457	6.37242E-6	169.395	0.904112	0
473.457	0	185.432	0.884679	0
473.457	0	194.593	0.891839	0
473.457	0	199.866	0.894225	0
473.457	0	198.732	0.887748	0
473.457	0	197.68	0.88502	0
473.457	0	198.131	0.88877	0
473.457	6.37242E-6	197.68	0.878884	0
473.928	0.0628518	195.544	0.882975	1
480.916	0.224967	196.162	0.876838	1
497.401	0.145016	196.195	0.88877	1
499.995	0.00459289	195.661	0.872406	1
500	0	196.112	0.849906	1
500	0	194.31	0.87002	1
499.985	0.00577972	194.693	0.869338	1
498.384	0.113691	193.809	0.893543	1
486.13	0.360991	196.779	0.888429	1
451.676	0.467712	197.113	0.876156	1
414.494	0.442233	194.326	0.887066	0
380.605	0.438742	196.362	0.871384	0
346.62	0.435662	194.627	0.868315	0
313.29	0.417015	195.711	0.875475	0
281.055	0.405789	196.429	0.891498	0
249.295	0.397797	194.777	0.876838	0
218.06	0.388685	194.96	0.876156	0
187.03	0.382458	195.127	0.871725	0
156.885	0.37319	196.395	0.866611	0
128.804	0.350015	196.345	0.869338	0
103.753	0.316019	195.06	0.851951	0
82.661	0.279709	197.914	0.867293	0
65.4081	0.241634	195.127	0.858088	0
51.686	0.200875	195.378	0.849565	0
41.5486	0.164188	193.292	0.859452	0
34.191	0.133994	192.591	0.847179	0
28.7139	0.107361	191.823	0.867293	0
24.7528	0.0860785	190.488	0.853656	0
21.8921	0.0695258	188.452	0.860474	0
19.8443	0.0598725	189.136	0.839678	0
18.3387	0.0520386	186.9	0.870702	0
17.1631	0.045445	184.397	0.845474	0
16.2805	0.0400493	184.347	0.845815	0
15.5555	0.0376004	180.459	0.846156	0
14.9805	0.0358035	181.31	0.864906	0
14.7004	0.0336253	180.392	0.862179	0
14.6687	0.0335855	178.607	0.853656	0
14.6321	0.0324455	178.54	0.828769	0
14.4998	0.032547	177.138	0.861156	0
14.4054	0.0318039	178.189	0.842406	0
14.3628	0.0314584	175.636	0.830815	0
14.3276	0.0310286	175.703	0.85161	0
14.3392	0.0304437	174.168	0.834565	0
14.3521	0.0305329	174.335	0.841383	0
14.2979	0.0310589	173.55	0.852633	0
14.2936	0.030569	173.984	0.842406	0
14.4059	0.0299635	172.899	0.838656	0
14.5716	0.0309801	173.033	0.846497	0
14.6601	0.0323397	172.699	0.843088	0
14.6674	0.0305566	174.351	0.84411	0
14.7845	0.0298958	173.383	0.850588	0
14.8158	0.0308677	171.114	0.842747	0
14.3696	0.0321225	171.097	0.841042	0
13.6116	0.0313527	168.644	0.829792	0
13.1176	0.0290258	167.593	0.849224	0
12.9472	0.027463	167.693	0.830133	0
12.8177	0.0269238	167.109	0.861838	0
12.7369	0.0256936	167.977	0.843769	0
12.7538	0.0253789	167.71	0.828769	0
12.8878	0.0246306	169.028	0.822292	0
13.1385	0.0250313	168.227	0.839678	0
13.3166	0.0258243	166.441	0.828769	0
13.3597	0.0262617	168.294	0.845474	0
13.4663	0.0251003	167.376	0.823655	0
13.607	0.0257947	167.393	0.836951	0
13.628	0.0257044	166.325	0.834224	0
13.6546	0.0255762	167.559	0.846156	0
13.7409	0.026009	167.543	0.85127	0
13.8185	0.026295	168.661	0.817519	0
13.9135	0.025669	167.192	0.853315	0
13.9879	0.0259678	167.826	0.84786	0
14.0181	0.0264942	169.011	0.841724	0
14.0374	0.0267652	169.111	0.834224	0
14.0758	0.0255514	167.292	0.843088	0
14.1062	0.0264102	168.728	0.849224	0
14.0719	0.0265566	168.11	0.849906	0
14.0558	0.0257303	167.476	0.857065	0
14.0842	0.0262218	167.693	0.842406	0
14.0815	0.0260392	167.309	0.846156	0
14.0612	0.0265116	167.626	0.859792	0
14.0789	0.0266998	166.675	0.868656	0
14.1005	0.0259206	165.891	0.840019	0
14.0923	0.025293	167.226	0.82911	0
14.0953	0.0256701	166.258	0.831496	0
14.1043	0.0260743	166.058	0.830133	0
14.1209	0.0259082	166.341	0.848201	0
14.1125	0.0256975	166.308	0.825701	0
14.0802	0.0259046	166.258	0.847179	0
14.1057	0.0258127	167.042	0.853315	0
14.1348	0.0250764	168.444	0.85161	0
14.141	0.0251392	168.26	0.84786	0
14.1907	0.0265198	165.106	0.823314	0
14.1674	0.0262056	167.526	0.840701	0
14.1269	0.0252942	166.491	0.854338	0
14.1719	0.0257219	165.757	0.853315	0
14.1684	0.025949	166.241	0.857065	0
14.0976	0.0252492	167.109	0.838315	0
14.107	0.0254315	165.54	0.839337	0
14.1396	0.0254633	166.959	0.850588	0
14.1174	0.0252844	166.041	0.828769	0
14.0859	0.0255622	166.542	0.829792	0
14.0599	0.0249761	165.373	0.827746	0
13.989	0.0250826	165.34	0.840701	0
13.9898	0.0254575	164.472	0.83286	0
14.0137	0.0250648	164.406	0.843088	0
13.9605	0.0245464	165.106	0.833883	0
13.9227	0.0251538	165.44	0.827746	0
13.8567	0.0244544	165.457	0.856042	0
13.7629	0.0246942	164.322	0.852292	0
13.7137	0.0237838	163.521	0.848542	0
13.6346	0.0241122	163.588	0.842406	0
13.5117	0.0231599	163.488	0.85127	0
13.3501	0.022789	163.054	0.824337	0
12.9989	0.0221795	161.318	0.831496	0
12.63	0.0213979	160.217	0.851951	0
12.372	0.0212067	159.366	0.835587	0
12.1608	0.0208154	158.615	0.836951	0
12.0198	0.0212944	158.448	0.836269	0
11.9606	0.0209817	157.614	0.827064	0
11.8966	0.0210757	158.798	0.852974	0
11.7987	0.0205665	158.999	0.84786	0
11.7135	0.0204935	156.813	0.814791	0
11.6753	0.0205531	155.795	0.845474	0
11.6334	0.0204754	155.661	0.843428	0
11.5653	0.0198792	156.879	0.816837	0
11.5275	0.0200082	155.578	0.82911	0
11.462	0.02015	156.162	0.848542	0
11.3943	0.0191632	156.562	0.846156	0
11.3701	0.0197886	156.362	0.85161	0
11.3247	0.0193232	155.745	0.829792	0
11.2484	0.0190021	153.992	0.824678	0
11.2107	0.019478	154.46	0.840701	0
11.2105	0.0188375	153.191	0.837292	0
11.1249	0.018916	152.39	0.83661	0
10.9872	0.0193106	153.325	0.860815	0
10.8955	0.0188044	153.041	0.852633	0
10.8452	0.0184415	152.207	0.835928	0
10.7873	0.0182644	151.489	0.85502	0
10.7059	0.0184833	151.856	0.840019	0
10.6758	0.0184491	151.222	0.822292	0
10.6659	0.0185436	151.573	0.831155	0
10.6155	0.018175	150.889	0.829792	0
10.5523	0.0183631	151.306	0.837292	0
10.5468	0.018216	150.188	0.826383	0
10.5409	0.0185515	150.421	0.844451	0
10.4563	0.0177157	148.185	0.835928	0
10.379	0.017679	150.171	0.840019	0
10.3613	0.017619	149.504	0.815132	0
10.3446	0.0172777	148.652	0.852633	0
10.3265	0.0172191	149.821	0.819905	0
10.2846	0.0176158	148.202	0.828087	0
10.2223	0.0177156	146.533	0.829451	0
10.2002	0.017643	148.102	0.825019	0
10.182	0.0175088	148.469	0.837633	0
10.1274	0.017362	148.753	0.837292	0
10.1081	0.017202	149.186	0.822973	0
10.1197	0.0171206	148.703	0.826042	0
10.0885	0.0172364	148.018	0.843088	0
10.0513	0.0167868	146.8	0.833883	0
10.0356	0.0171076	146.533	0.828087	0
9.99483	0.0176692	145.732	0.835928	0
9.93866	0.0170178	147.451	0.841383	0
9.91547	0.0168346	145.999	0.837292	0
9.89418	0.0164663	145.982	0.824337	0
9.86512	0.0163212	146.383	0.840019	0
9.85675	0.0165157	145.665	0.820587	0
9.82809	0.0162672	145.749	0.859111	0
9.78636	0.0162734	145.665	0.849906	0
9.7621	0.0164101	143.446	0.858088	0
9.73464	0.0171892	144.948	0.843769	0
9.69849	0.0166521	145.549	0.836951	0
9.68324	0.0166814	144.397	0.842747	0
9.67268	0.0166382	144.431	0.815132	0
9.64741	0.0162899	145.532	0.824678	0
9.60554	0.0162085	144.514	0.833883	0
9.57569	0.0160592	143.863	0.828428	0
9.5891	0.015607	144.397	0.823314	0
9.58181	0.0158972	143.796	0.819905	0
9.54918	0.0160543	143.763	0.82911	0
9.5436	0.0163402	142.962	0.831155	0
9.53922	0.0161551	143.045	0.835246	0
9.52477	0.0159096	144.998	0.865929	0
9.48755	0.0160803	143.613	0.832519	0
9.45393	0.0161142	142.678	0.838656	0
9.44893	0.0158746	143.563	0.840701	0
9.44108	0.0160232	142.078	0.848201	0
9.41718	0.015512	142.094	0.84786	0
9.40545	0.0153254	141.977	0.845815	0
9.39821	0.0155566	140.893	0.837292	0
9.39155	0.0153232	142.795	0.838997	0
9.37559	0.0159597	142.395	0.836269	0
9.34812	0.0154631	140.859	0.838315	0
9.33369	0.0159549	141.293	0.844792	0
9.32803	0.0155353	141.777	0.83661	0
9.3147	0.0157404	142.028	0.836951	0
9.30545	0.0158782	141.994	0.852292	0
9.30742	0.0159483	143.763	0.825019	0
9.29003	0.0155964	140.976	0.816496	0
9.2622	0.0152538	140.542	0.831155	0
9.23406	0.0150974	141.227	0.828769	0
9.22457	0.0151527	140.442	0.853997	0
9.21851	0.0150929	140.809	0.839678	0
9.20404	0.0151707	140.259	0.83661	0
9.19888	0.0151604	140.809	0.84786	0
9.1825	0.0155621	141.71	0.825019	0
9.18781	0.0155773	140.859	0.826724	0
9.19858	0.0149926	139.524	0.84411	0
9.16421	0.0149493	140.092	0.85127	0
9.12356	0.0152311	140.659	0.844792	0
9.12549	0.0151408	140.743	0.833201	0
9.13853	0.0153725	141.31	0.853315	0
9.13453	0.0152519	140.008	0.846838	0
9.13922	0.015175	141.026	0.82536	0
9.14532	0.0153005	139.725	0.859452	0
9.11969	0.0152722	138.573	0.835587	0
9.10783	0.015494	141.594	0.826042	0
9.11502	0.0150493	138.64	0.827746	0
9.09876	0.0149315	141.01	0.824678	0
9.08754	0.0150281	139.408	0.819223	0
9.0912	0.0150064	141.16	0.843088	0
9.07886	0.0152939	139.374	0.843769	0
9.05192	0.0149727	139.174	0.837633	0
9.02408	0.0151903	138.757	0.823655	0
9.03368	0.0155081	139.474	0.826724	0
9.05002	0.0149639	140.042	0.822973	0
9.03756	0.0153832	140.058	0.847519	0
9.02408	0.0154379	138.039	0.836269	0
9.01031	0.0150385	138.94	0.819905	0
8.99249	0.0149885	138.073	0.827405	0
8.98998	0.0149543	138.49	0.850929	0
8.99446	0.0150528	138.657	0.846838	0
8.98866	0.0152068	139.875	0.831155	0
8.97978	0.0148121	139.625	0.84786	0
8.96624	0.0145467	137.672	0.78445	0
8.96622	0.0146555	139.174	0.833883	0
8.97313	0.01509	139.825	0.833201	0
8.95491	0.0148699	137.922	0.831155	0
8.94304	0.0148579	140.175	0.853315	0
8.93298	0.0151463	139.007	0.829451	0
8.93041	0.0148296	137.305	0.847519	0
8.93765	0.0149595	139.658	0.836951	0
8.92818	0.015173	137.889	0.823996	0
8.90904	0.0152175	139.358	0.835246	0
8.89904	0.0148979	138.189	0.84411	0
8.9082	0.014679	138.156	0.846156	0
8.91647	0.0151727	138.44	0.845815	0
8.89864	0.0147083	138.924	0.838997	0
8.86906	0.015042	136.938	0.855361	0
8.8612	0.0152575	137.589	0.834906	0
8.8824	0.0145308	137.939	0.843769	0
8.87485	0.0144365	137.539	0.826042	0
8.86626	0.0146806	138.64	0.83286	0
8.85621	0.0149269	137.722	0.840019	0
8.83791	0.0148289	137.338	0.827064	0
8.82278	0.0144864	136.437	0.849224	0
8.81609	0.0144036	138.623	0.84786	0
8.82644	0.0147333	137.889	0.836951	0
8.80923	0.0144512	137.655	0.816155	0
8.80238	0.0143766	136.337	0.832178	0
8.81739	0.0147472	136.821	0.853315	0
8.81223	0.0149507	135.569	0.825701	0
8.78867	0.0145644	137.822	0.840019	0
8.78772	0.0146238	137.872	0.836951	0
8.80871	0.0144265	136.921	0.848201	0
8.80314	0.0152361	137.622	0.831496	0
8.77928	0.0150431	138.573	0.843088	0
8.73417	0.0145889	135.82	0.836269	0
8.70753	0.0146988	139.408	0.841724	0
8.74749	0.0143309	135.853	0.812746	0
8.76537	0.0149561	136.17	0.842406	0
8.74872	0.0146092	135.903	0.833883	0
8.72595	0.0144593	137.055	0.842065	0
8.70994	0.0147987	137.305	0.848542	0
8.69584	0.0143067	138.506	0.834906	0
8.70193	0.0147181	137.071	0.852292	0
8.72271	0.0146044	135.853	0.852292	0
8.71941	0.0147131	135.202	0.831496	0
8.70048	0.0146774	136.554	0.832519	0
8.71791	0.014434	136.838	0.822633	0
8.71572	0.0146032	136.07	0.830815	0
8.67822	0.0142925	137.121	0.838315	0
8.67718	0.0144674	135.002	0.841383	0
8.69078	0.0147098	136.688	0.820246	0
8.66883	0.0147182	136.287	0.841042	0
8.66053	0.0143605	136.688	0.827405	0
8.68413	0.0146014	137.438	0.82536	0
8.68222	0.0147959	137.288	0.837292	0
8.66179	0.0144574	136.904	0.825019	0
8.64986	0.0146481	136.688	0.841042	0
8.63745	0.0142927	135.152	0.859111	0
8.63485	0.0148659	135.286	0.827405	0
8.64631	0.0143884	136.337	0.842065	0
8.62788	0.014319	136.07	0.835587	0
8.6187	0.0146178	135.87	0.844792	0
8.63755	0.0144279	136.471	0.828769	0
8.64521	0.0143254	137.539	0.836951	0
8.64868	0.0146365	135.77	0.832178	0
8.65263	0.014488	136.354	0.850929	0
8.64314	0.0145414	136.17	0.838656	0
8.64003	0.0142497	135.336	0.826724	0
8.62832	0.0144631	136.237	0.821951	0
8.62503	0.0146395	137.055	0.829792	0
8.6373	0.0146548	135.536	0.816837	0
8.6278	0.0145248	136.237	0.828428	0
8.63832	0.0148515	136.971	0.833201	0
8.64581	0.0144828	135.703	0.834906	0
8.62165	0.0142092	136.103	0.856042	0
8.60926	0.0145897	136.537	0.820587	0
8.61902	0.0144317	134.935	0.832178	0
8.60894	0.0144239	136.304	0.831837	0
8.59835	0.0141544	135.87	0.842747	0
8.60561	0.0143877	134.184	0.82161	0
8.60522	0.0143134	135.369	0.841724	0
8.61012	0.0146267	137.121	0.839337	0
8.60355	0.0147407	136.27	0.849565	0
8.60538	0.0146098	134.952	0.85502	0
8.60644	0.0145707	135.853	0.838315	0
8.59774	0.0144296	137.071	0.834565	0
8.60624	0.01458	135.636	0.823655	0
8.60367	0.0144071	135.736	0.829792	0
8.60071	0.0143463	136.22	0.853315	0
8.59445	0.0144586	135.519	0.841042	0
8.57831	0.0142583	134.952	0.819223	0
8.56259	0.0147028	135.353	0.832178	0
8.55468	0.0142629	136.471	0.841724	0
8.55491	0.0143768	135.703	0.841383	0
8.5513	0.0142426	135.92	0.844792	0
8.55535	0.0141586	136.32	0.832178	0
8.57333	0.0138704	135.67	0.848201	0
8.59324	0.0143375	136.003	0.833201	0
8.59269	0.014453	136.287	0.830133	0
8.56813	0.0142959	137.572	0.837633	0
8.55619	0.014218	136.037	0.82536	0
8.55605	0.0145541	135.019	0.840019	0
8.55957	0.0144313	135.286	0.844792	0
8.56663	0.0146766	135.786	0.833883	0
8.56505	0.0141158	136.053	0.818542	0
8.56711	0.014551	136.938	0.836269	0
8.57249	0.0142749	136.721	0.820928	0
8.56771	0.0143118	136.804	0.847519	0
8.55057	0.0147122	136.621	0.826042	0
8.55936	0.0140187	136.37	0.832519	0
8.58428	0.0142699	136.637	0.841042	0
8.56788	0.0143785	135.553	0.853315	0
8.54412	0.0146609	134.685	0.819564	0
8.53446	0.0142532	136.354	0.831155	0
8.5388	0.014616	136.137	0.809678	0
8.54713	0.0143786	136.721	0.846156	0
8.50992	0.0141041	134.752	0.83286	0
8.50742	0.0141253	135.853	0.832519	0
8.55197	0.0140262	136.137	0.845815	0
8.5358	0.014234	135.086	0.840701	0
8.50631	0.0144	135.052	0.816155	0
8.5195	0.0141927	135.152	0.829792	0
8.53111	0.0144224	135.786	0.82911	0
8.51482	0.014259	134.385	0.866611	0
8.50767	0.0142316	135.202	0.853315	0
8.515	0.0144531	135.419	0.819905	0
8.51612	0.0141829	135.453	0.828428	0
8.5244	0.014385	135.72	0.839678	0
8.53082	0.0143835	133.567	0.823314	0
8.52126	0.0146747	136.537	0.822292	0
8.52572	0.0139613	136.22	0.852633	0
8.52085	0.0150301	136.187	0.833201	0
8.51018	0.0142383	134.351	0.848201	0
8.50192	0.0143137	135.653	0.820246	0
8.50425	0.0143107	135.62	0.840019	0
8.51377	0.0143605	136.12	0.823314	0
8.51834	0.0145671	134.568	0.826724	0
8.52515	0.0146673	136.22	0.837292	0
8.51347	0.0146254	135.736	0.831837	0
8.48255	0.0141314	134.101	0.822973	0
8.48972	0.0143615	135.786	0.825701	0
8.50513	0.014243	136.02	0.831496	0
8.50279	0.0144803	135.803	0.832178	0
8.51976	0.0142956	135.653	0.853315	0
8.50448	0.0143876	135.302	0.832178	0
8.47207	0.0140223	135.887	0.836269	0
8.48651	0.0145547	133.967	0.825701	0
8.50085	0.0140824	135.152	0.84786	0
8.48757	0.0144887	134.685	0.843428	0
8.47943	0.0140656	135.302	0.82911	0
8.48806	0.0141362	135.436	0.828087	0
8.49076	0.0144215	135.119	0.826383	0
8.48452	0.0144823	134.952	0.847519	0
8.50191	0.0139402	135.853	0.845133	0
8.5224	0.0143214	134.735	0.842406	0
8.49568	0.0147901	135.219	0.856042	0
8.49413	0.0143962	134.952	0.838997	0
8.50953	0.0144664	137.038	0.832178	0
8.5011	0.0144296	135.035	0.823314	0
8.49178	0.0142972	136.037	0.845133	0
8.48831	0.0147414	134.852	0.848542	0
8.49145	0.0143763	136.187	0.838997	0
8.5002	0.0142511	136.304	0.828087	0
8.46857	0.0143037	135.836	0.845133	0
8.44834	0.0144466	136.07	0.839337	0
8.47339	0.014588	136.37	0.823655	0
8.49016	0.0145973	134.852	0.833542	0
8.48457	0.0141861	135.836	0.850588	0
8.47897	0.0138636	136.37	0.842065	0
8.47248	0.0142259	133.917	0.852292	0
8.47428	0.0146499	134.852	0.824337	0
8.47395	0.0147347	134.985	0.844792	0
8.45219	0.0143554	135.469	0.852292	0
8.43068	0.0141331	134.168	0.831837	0
8.43372	0.0142989	134.668	0.832519	0
8.45795	0.0142657	135.569	0.836269	0
8.47311	0.0144194	135.252	0.835928	0
8.45797	0.0143476	135.269	0.833542	0
8.44644	0.0139302	134.702	0.844792	0
8.46236	0.0142752	134.585	0.837292	0
8.46353	0.0142514	136.521	0.833201	0
8.45563	0.0144839	135.369	0.849224	0
8.4517	0.0141926	134.885	0.834906	0
8.44263	0.0144394	135.286	0.841724	0
8.44474	0.0143087	136.304	0.835587	0
8.46679	0.0144365	135.102	0.832178	0
8.46952	0.0143908	135.119	0.82161	0
8.46746	0.0141032	133.884	0.831155	0
8.46982	0.0145248	134.468	0.840019	0
8.45979	0.0141748	135.086	0.820246	0
8.45512	0.0143006	135.236	0.839337	0
8.46091	0.0141877	134.852	0.82536	0
8.4682	0.0145594	135.302	0.838315	0
8.46368	0.0145042	136.754	0.817178	0
8.45874	0.0146581	136.587	0.838997	0
8.45411	0.0147433	136.421	0.828087	0
8.45301	0.0145616	135.937	0.814791	0
8.44971	0.0142315	135.853	0.822292	0
8.43786	0.0144353	135.302	0.824337	0
8.43651	0.014318	135.319	0.827405	0
8.43929	0.0142425	135.586	0.835587	0
8.44882	0.0138287	135.82	0.851951	0
8.4569	0.0143039	135.069	0.819905	0
8.44209	0.0140624	135.836	0.835246	0
8.45871	0.0141035	135.653	0.843088	0
8.45701	0.014145	135.202	0.85127	0
8.43808	0.0143292	134.652	0.820587	0
8.46925	0.0140318	135.453	0.833201	0
8.4623	0.0140644	134.902	0.834565	0
8.45107	0.0142601	135.937	0.829451	0
8.47487	0.0140978	134.602	0.845474	0
8.44087	0.0139868	135.169	0.84786	0
8.42127	0.0140944	134.952	0.839337	0
8.43608	0.0143132	134.418	0.829792	0
8.42702	0.0142184	134.602	0.849565	0
8.44309	0.0140106	134.819	0.827405	0
8.45463	0.0140823	135.453	0.826042	0
8.43338	0.0137843	134.885	0.820928	0
8.43158	0.0138791	135.953	0.843769	0
8.42897	0.0144095	135.419	0.833201	0
8.43022	0.0142595	135.102	0.846497	0
8.44049	0.0144906	134.668	0.827064	0
8.42401	0.014368	135.002	0.853997	0
8.42035	0.014754	135.403	0.849224	0
8.45582	0.0142997	135.82	0.819564	0
8.45274	0.0140577	135.703	0.850247	0
8.43955	0.0141229	135.152	0.828769	0
8.44171	0.0140892	135.252	0.835587	0
8.41372	0.0137336	134.652	0.843088	0
8.38912	0.0141122	134.435	0.835587	0
8.41599	0.0144824	135.436	0.857065	0
8.43659	0.0147114	134.385	0.842406	0
8.43174	0.0145345	136.437	0.842406	0
8.41803	0.0140714	133.55	0.830133	0
8.40856	0.0145296	135.219	0.823314	0
8.42925	0.01392	135.536	0.829792	0
8.43224	0.0137609	134.451	0.851951	0
8.39522	0.0143671	133.033	0.833542	0
8.38165	0.0140796	134.335	0.845815	0
8.41774	0.0143012	134.685	0.831155	0
8.42068	0.0146338	134.435	0.856724	0
8.40479	0.0142333	134.952	0.819564	0
8.41571	0.0142224	134.718	0.831496	0
8.41702	0.014163	135.87	0.843769	0
8.39899	0.0144227	134.969	0.84786	0
8.40839	0.0140325	133.951	0.832519	0
8.41779	0.0139851	135.069	0.82536	0
8.40483	0.0139833	134.985	0.848542	0
8.42473	0.0143517	135.035	0.833542	0
8.42894	0.0139989	134.752	0.846156	0
8.40095	0.0146723	134.902	0.820928	0
8.41042	0.0146587	135.937	0.829792	0
8.44235	0.0144436	134.952	0.842747	0
8.40781	0.0141521	133.65	0.849224	0
8.36384	0.0144473	134.451	0.835587	0
8.40787	0.0143688	136.237	0.838656	0
8.42688	0.0138801	134.401	0.823996	0
8.38969	0.0141943	135.453	0.824678	0
8.39169	0.0144454	134.552	0.829451	0
8.38626	0.0142917	134.285	0.828769	0
8.37582	0.0142091	135.569	0.838997	0
8.39074	0.0142885	134.685	0.839678	0
8.40311	0.014298	135.703	0.839337	0
8.40918	0.0142573	134.685	0.819905	0
8.39566	0.0141069	133.584	0.822292	0
8.38275	0.0139784	134.752	0.843088	0
8.40006	0.014015	132.616	0.841042	0
8.4144	0.0143186	136.604	0.847519	0
8.40405	0.0138196	134.168	0.822973	0
8.39636	0.0143781	134.301	0.850929	0
8.40439	0.0140723	135.302	0.826724	0
8.41173	0.0144134	134.134	0.834565	0
8.40494	0.014516	135.553	0.836951	0
8.41006	0.0145496	134.919	0.854338	0
8.42896	0.0143726	135.82	0.848542	0
8.42238	0.0143309	134.768	0.826724	0
8.3908	0.0145165	136.22	0.831155	0
8.38471	0.0136934	134.985	0.829792	0
8.39365	0.0143269	134.268	0.827746	0
8.38723	0.0141034	135.603	0.833542	0
8.38801	0.0144496	136.003	0.833201	0
8.38395	0.0142675	135.269	0.831496	0
8.37945	0.014162	135.887	0.824678	0
8.38874	0.0139616	133.7	0.827746	0
8.39772	0.0142649	134.251	0.834906	0
8.39388	0.0143412	135.069	0.826724	0
8.37908	0.0142769	133.6	0.839337	0
8.36793	0.0144897	136.137	0.835928	0
8.37394	0.0143786	135.469	0.844451	0
8.37804	0.0142321	133.4	0.85877	0
8.37414	0.0141872	135.503	0.874111	0
8.38692	0.0141273	134.585	0.825019	0
8.37904	0.0140649	133.784	0.846497	0
8.37818	0.0141143	134.702	0.831496	0
8.39982	0.0140307	134.685	0.846156	0
8.37987	0.0142608	133.967	0.82911	0
8.36852	0.0140261	135.186	0.813087	0
8.39187	0.0143043	133.3	0.8107	0
8.37312	0.0139208	135.703	0.839337	0
8.35463	0.0144079	134.051	0.835246	0
8.36901	0.0141965	134.018	0.816155	0
8.36343	0.0140829	134.652	0.807973	0
8.35487	0.0138398	135.102	0.823314	0
8.37519	0.014366	136.22	0.830474	0
8.39528	0.014718	133.267	0.846497	0
8.39114	0.0140781	134.869	0.850588	0
8.37526	0.0140913	134.935	0.829451	0
8.35257	0.014238	134.184	0.845133	0
8.33537	0.0138094	134.852	0.843088	0
8.35721	0.0139594	134.969	0.826383	0
8.4028	0.0139151	134.335	0.822633	0
8.39431	0.0139446	134.351	0.828428	0
8.36694	0.0142787	134.969	0.826042	0
8.37021	0.0138338	136.17	0.841724	0
8.37041	0.0137587	134.568	0.841042	0
8.36644	0.0143401	133.951	0.838997	0
8.35944	0.0147757	135.887	0.855701	0
8.35163	0.014382	134.819	0.818201	0
8.35576	0.014376	134.368	0.828428	0
8.37782	0.0138888	135.252	0.81411	0
8.39385	0.0138585	135.569	0.853997	0
8.37492	0.0144362	133.867	0.842065	0
8.36217	0.0143865	135.136	0.844451	0
8.3701	0.0141764	133.734	0.838656	0
8.36532	0.0138492	134.468	0.836951	0
8.35474	0.0139357	135.553	0.828769	0
8.33984	0.0139304	132.749	0.834565	0
8.3483	0.0140693	136.02	0.837633	0
8.3669	0.0143175	134.201	0.835928	0
8.34131	0.0143104	134.718	0.82161	0
8.33914	0.0142481	133.901	0.830474	0
8.36387	0.0142103	134.168	0.835928	0
8.35843	0.0143012	136.771	0.836269	0
8.37793	0.0141838	133.734	0.820928	0
8.38583	0.013899	135.052	0.816496	0
8.35864	0.0144521	133.684	0.816496	0
8.3502	0.0142547	134.735	0.826724	0
8.35782	0.0135733	133.617	0.831496	0
8.36281	0.0138058	134.451	0.841383	0
8.37925	0.0140243	134.785	0.833883	0
8.37407	0.0142455	134.919	0.830474	0
8.36312	0.0143701	133.751	0.837633	0
8.38794	0.0140016	134.885	0.833883	0
8.40018	0.0140883	135.069	0.847179	0
8.37248	0.0143804	132.816	0.815132	0
8.36169	0.0141498	134.535	0.826724	0
8.36545	0.0141602	134.034	0.822292	0
8.36875	0.0141747	134.101	0.835246	0
8.37473	0.0144605	134.285	0.824337	0
8.34284	0.0144055	134.935	0.841724	0
8.32947	0.0145103	133.45	0.83661	0
8.35755	0.0140574	134.468	0.849565	0
8.35434	0.0141097	134.335	0.830133	0
8.35685	0.0141368	134.668	0.833542	0
8.37359	0.0140946	134.168	0.831155	0
8.37011	0.0141623	134.802	0.842747	0
8.35237	0.0138778	134.635	0.827405	0
8.35943	0.0143715	135.086	0.829792	0
8.35777	0.0139974	133.467	0.833542	0
8.35353	0.0141655	134.001	0.821951	0
8.37747	0.0147606	133.817	0.836951	0
8.36642	0.0142202	134.151	0.818542	0
8.35238	0.0142117	134.051	0.822292	0
8.35737	0.0141554	134.885	0.841042	0
8.3345	0.014024	132.833	0.816837	0
8.33884	0.0144159	135.019	0.827405	0
8.36802	0.0144546	136.437	0.82911	0
8.37219	0.0145281	134.768	0.865929	0
8.36718	0.0144173	136.804	0.84036	0
8.36903	0.0137984	134.635	0.816837	0
8.34796	0.0138609	133.717	0.812746	0
8.32354	0.014257	134.335	0.845815	0
8.35534	0.0141076	136.037	0.823314	0
8.40057	0.0142434	133.784	0.826042	0
8.37725	0.0141902	134.201	0.830815	0
8.33418	0.0142781	134.869	0.83286	0
8.37142	0.0142989	134.068	0.817178	0
8.38323	0.0146088	134.268	0.844792	0
8.33743	0.0140318	134.635	0.82911	0
8.33952	0.014155	135.019	0.836269	0
8.35762	0.0142941	133.6	0.831837	0
8.34776	0.0143921	135.186	0.835928	0
8.3433	0.0146187	133.166	0.829792	0
8.33143	0.0142937	132.332	0.830815	0
8.33312	0.014234	134.385	0.828428	0
8.36604	0.0142575	134.618	0.837633	0
8.37469	0.0141621	134.418	0.829792	0
8.34711	0.0142337	134.301	0.84411	0
8.33876	0.0140223	135.136	0.834565	0
8.3549	0.014622	134.335	0.809678	0
8.34985	0.0140002	133.25	0.831837	0
8.33505	0.0141119	134.902	0.819223	0
8.3623	0.0146692	135.136	0.838315	0
8.36974	0.0142259	134.919	0.829792	0
8.34588	0.0144242	133.367	0.831155	0
8.34196	0.0142259	134.485	0.851951	0
8.35846	0.014031	134.168	0.847519	0
8.3712	0.0143276	135.436	0.825701	0
8.36186	0.0140486	133.567	0.830815	0
8.3601	0.0140967	133.617	0.834224	0
8.35888	0.0143556	134.418	0.808655	0
8.34289	0.0143005	135.62	0.83286	0
8.35213	0.0142575	135.97	0.840019	0
8.36397	0.0144293	135.386	0.838315	0
8.35675	0.0144792	132.482	0.826383	0
8.33229	0.0143499	134.668	0.843769	0
8.34537	0.014061	136.087	0.846497	0
8.37418	0.0137	133.634	0.824678	0
8.37579	0.0140827	136.554	0.808314	0
8.37999	0.0139881	134.351	0.825019	0
8.36009	0.0141372	135.269	0.851951	0
8.33758	0.0140966	134.718	0.828087	0
8.35653	0.0139486	135.286	0.821951	0
8.37232	0.0142604	135.653	0.863202	0
8.34931	0.0139568	132.916	0.839678	0
8.33184	0.0141259	134.168	0.829792	0
8.3555	0.013958	134.785	0.837974	0
8.36023	0.0142302	134.718	0.808655	0
8.34083	0.0144919	133.217	0.815473	0
8.33409	0.0142045	133.684	0.83286	0
8.32908	0.0138913	133.984	0.848883	0
8.33287	0.0142919	135.319	0.818882	0
8.34649	0.0139332	133.901	0.834906	0
8.35738	0.0142382	135.92	0.824678	0
8.33951	0.0139434	132.95	0.822973	0
8.32528	0.014188	134.869	0.857406	0
8.35307	0.0142277	135.119	0.817178	0
8.35799	0.0141243	134.285	0.843428	0
8.34698	0.0141127	134.819	0.805587	0
8.35353	0.0137899	135.286	0.834565	0
8.36314	0.0141344	135.436	0.823314	0
8.36289	0.0142242	134.118	0.830474	0
8.3529	0.0146094	133.867	0.812064	0
8.33432	0.0143931	134.752	0.847179	0
8.33475	0.0139184	135.92	0.832178	0
8.35291	0.0141077	133.934	0.812405	0
8.33715	0.0139487	134.535	0.830474	0
8.32105	0.0138696	133.2	0.830133	0
8.34794	0.0140528	133.851	0.844792	0
8.35903	0.0141446	132.766	0.856042	0
8.33445	0.0142801	134.084	0.838997	0
8.32813	0.0142195	135.67	0.831837	0
8.34471	0.0140626	134.251	0.841042	0
8.35757	0.0144006	135.086	0.845815	0
8.35393	0.0145716	134.685	0.841042	0
8.35287	0.0142949	136.137	0.844792	0
8.36304	0.0143089	133.467	0.842747	0
8.34764	0.014251	135.086	0.837974	0
8.33069	0.0140721	133.35	0.842747	0
8.32828	0.0139198	134.251	0.823655	0
8.34199	0.0138133	134.418	0.817519	0
8.34845	0.0142136	134.335	0.837974	0
8.33866	0.0141846	134.819	0.830474	0
8.32091	0.0141484	134.201	0.840019	0
8.34638	0.0142208	135.569	0.847519	0
8.37148	0.0140375	133.217	0.848201	0
8.33751	0.01433	135.403	0.823655	0
8.3331	0.0138019	134.518	0.827064	0
8.3448	0.0139529	134.251	0.818201	0
8.32542	0.0133814	135.269	0.844451	0
8.33822	0.0141641	133.183	0.844792	0
8.32889	0.0142118	134.318	0.841042	0
8.30445	0.0139948	133.951	0.859452	0
8.34366	0.0139488	133.65	0.837974	0
8.35759	0.0141016	133.934	0.84036	0
8.32987	0.0142277	134.268	0.853315	0
8.35386	0.0138859	135.403	0.831155	0
8.37036	0.0140438	134.084	0.815473	0
8.35105	0.0139751	135.069	0.84411	0
8.33717	0.0141099	134.301	0.833883	0
8.33131	0.0141467	135.052	0.82911	0
8.3416	0.0140312	134.318	0.820928	0
8.33562	0.0141066	134.118	0.842065	0
8.32452	0.0144053	135.136	0.842747	0
8.34391	0.0139842	136.12	0.830474	0
8.34905	0.0140557	135.052	0.831496	0
8.33046	0.0140261	136.12	0.836951	0
8.33963	0.014208	134.501	0.819223	0
8.35602	0.0142035	134.101	0.835246	0
8.35039	0.0141429	135.469	0.824337	0
8.33183	0.0142592	134.101	0.854338	0
8.32943	0.0142594	134.134	0.829451	0
8.33459	0.0143704	134.335	0.830815	0
8.34225	0.0145823	135.903	0.845815	0
8.34127	0.0143673	134.218	0.848883	0
8.33574	0.0141608	134.151	0.829792	0
8.3336	0.014335	135.419	0.843769	0
8.33417	0.0143177	132.432	0.84411	0
8.32898	0.0142692	134.935	0.827746	0
8.33486	0.0140505	134.068	0.833883	0
8.35686	0.0139356	135.319	0.833542	0
8.34482	0.0140561	134.785	0.83286	0
8.32675	0.0143601	133.6	0.841042	0
8.33513	0.0139274	134.735	0.839337	0
8.34161	0.0141987	134.718	0.823655	0
8.33744	0.0140803	134.802	0.804564	0
8.3405	0.0141349	134.735	0.821951	0
8.35132	0.0140818	133.584	0.844451	0
8.34718	0.0141809	134.969	0.844451	0
8.32733	0.0144082	134.602	0.827405	0
8.31381	0.0143366	133.6	0.843769	0
8.3224	0.0141111	135.77	0.823314	0
8.34824	0.014336	135.152	0.843769	0
8.3272	0.0141011	134.251	0.845474	0
8.31242	0.0141247	134.652	0.833542	0
8.33435	0.0139924	135.469	0.848542	0
8.34936	0.0140619	135.169	0.832519	0
8.33011	0.0141035	134.301	0.821269	0
8.3192	0.0141217	133.467	0.842065	0
8.34283	0.0141647	136.137	0.820928	0
8.36782	0.01404	133.951	0.830815	0
8.3412	0.0143526	134.935	0.822633	0
8.31661	0.0136642	135.252	0.823655	0
8.33137	0.0138896	135.219	0.833201	0
8.34057	0.0140882	133.901	0.838997	0
8.33542	0.0142125	135.603	0.835587	0
8.33503	0.0142374	133.7	0.821951	0
8.33607	0.0139255	134.184	0.831155	0
8.34161	0.0139893	135.453	0.833201	0
8.34944	0.0139226	134.618	0.849906	0
8.34516	0.01403	135.219	0.817519	0
8.33319	0.0142689	133.2	0.835928	0
8.32657	0.0140288	134.051	0.838656	0
8.32185	0.0144188	134.134	0.838315	0
8.31853	0.0141405	134.768	0.848883	0
8.31947	0.0140113	133.367	0.82911	0
8.33623	0.0140901	135.002	0.864224	0
8.34231	0.0140594	134.568	0.846838	0
8.31745	0.0140111	134.952	0.838997	0
8.30772	0.0137576	134.368	0.849906	0
8.33842	0.0143059	134.869	0.832519	0
8.34136	0.0141433	134.168	0.822292	0
8.32904	0.0140383	134.251	0.837974	0
8.34592	0.0138104	134.051	0.820587	0
8.34135	0.0139441	133.751	0.860474	0
8.33759	0.014559	134.184	0.826042	0
8.35702	0.0141828	134.552	0.844451	0
8.35421	0.0143748	134.385	0.808655	0
8.34238	0.0139938	134.285	0.814791	0
8.33985	0.0141547	135.336	0.838656	0
8.34072	0.0144242	134.184	0.818882	0
8.3488	0.0145581	134.168	0.825701	0
8.33549	0.0145673	134.068	0.845133	0
8.3108	0.0144606	136.07	0.867974	0
8.32707	0.0143153	133.517	0.837974	0
8.32673	0.0141029	133.617	0.825701	0
8.31304	0.0144798	133.951	0.841724	0
8.31578	0.0142896	134.335	0.836269	0
8.32372	0.0141958	134.585	0.846838	0
8.34157	0.014424	133.033	0.826724	0
8.35601	0.014253	135.286	0.876156	0
8.34782	0.0143713	133.367	0.830474	0
8.31921	0.0139989	132.816	0.845474	0
8.31303	0.0138791	134.785	0.821269	0
8.334	0.0139115	135.052	0.824678	0
8.33916	0.0140359	135.586	0.840701	0
8.31753	0.0143127	134.535	0.828428	0
8.31478	0.0141749	134.585	0.838656	0
8.34257	0.01444	134.518	0.841042	0
8.33339	0.0140161	135.536	0.854338	0
8.31259	0.0140574	134.485	0.819223	0
8.33466	0.0140779	134.852	0.827746	0
8.33539	0.0139268	136.337	0.83661	0
8.32768	0.0135045	135.102	0.81786	0
8.33225	0.0141652	135.486	0.833201	0
8.31655	0.0142943	133.834	0.836951	0
8.31132	0.0142731	134.051	0.829792	0
8.32538	0.0141645	132.516	0.828087	0
8.33006	0.0139653	135.453	0.837292	0
8.32861	0.0138307	133.066	0.839678	0
8.33443	0.014423	134.068	0.841383	0
8.34144	0.0141145	136.02	0.844792	0
8.33561	0.0139053	135.353	0.847519	0
8.30425	0.013706	134.385	0.83286	0
8.3244	0.014341	134.902	0.818201	0
8.35429	0.0138054	135.786	0.830133	0
8.33308	0.0139889	136.587	0.845133	0
8.32564	0.0141292	135.336	0.843769	0
8.32978	0.014039	134.919	0.840019	0
8.32659	0.0139795	133.534	0.820587	0
8.33247	0.0140976	134.735	0.844792	0
8.33487	0.0139539	134.919	0.835928	0
8.32299	0.0141281	133.016	0.835246	0
8.32912	0.014166	133.25	0.831155	0
8.34419	0.0139798	133.984	0.843088	0
8.32965	0.0144917	134.034	0.833883	0
8.32254	0.014234	134.768	0.833201	0
8.34332	0.0141111	133.917	0.827064	0
8.35422	0.014146	135.686	0.838656	0
8.35285	0.0141607	134.602	0.828769	0
8.33852	0.0138406	134.184	0.846838	0
8.34373	0.0139333	135.436	0.822292	0
8.35557	0.0138332	135.186	0.853997	0
8.33923	0.0141856	134.051	0.819564	0
8.30867	0.0142551	135.136	0.844451	0
8.30625	0.0144174	133.734	0.825701	0
8.32692	0.0143169	134.768	0.835587	0
8.35492	0.0142414	135.753	0.827746	0
8.34779	0.0143964	133.884	0.813769	0
8.30921	0.0142147	133.367	0.847519	0
8.3011	0.0141751	133.283	0.830133	0
8.32556	0.0139479	134.835	0.831155	0
8.32465	0.0134476	133.7	0.848201	0
8.3091	0.0137965	134.935	0.827405	0
8.32641	0.0141281	134.869	0.834565	0
8.33794	0.014104	135.069	0.842406	0
8.34172	0.0140596	133.967	0.83661	0
8.33102	0.0142389	134.335	0.834906	0
8.32374	0.0138421	135.703	0.84036	0
8.32416	0.014101	135.836	0.849906	0
8.32016	0.0140945	134.635	0.849224	0
8.33521	0.0139515	135.086	0.823314	0
8.33137	0.0142575	131.982	0.839678	0
8.32362	0.0139763	134.952	0.829451	0
8.34966	0.0142808	135.086	0.841383	0
8.33622	0.0146746	134.301	0.845133	0
8.31747	0.013952	134.835	0.814451	0
8.34958	0.0142469	134.468	0.833542	0
8.35698	0.0145289	132.716	0.818882	0
8.32572	0.0144148	135.269	0.839337	0
8.32035	0.0139669	132.683	0.82161	0
8.31157	0.0141469	135.052	0.830474	0
8.32227	0.0141283	134.735	0.831155	0
8.34394	0.0141911	135.002	0.836951	0
8.32674	0.0142593	133.35	0.819905	0
8.31939	0.0138224	134.351	0.822292	0
8.3523	0.0142811	134.768	0.845133	0
8.34608	0.0142062	133.884	0.837633	0
8.32408	0.0144871	134.168	0.859452	0
8.31409	0.0145757	133.684	0.837633	0
8.30078	0.0143564	134.518	0.833883	0
8.32274	0.0143065	133.584	0.835587	0
8.33342	0.0138371	133.767	0.852292	0
8.32027	0.013948	134.652	0.852974	0
8.31324	0.0142619	134.201	0.843769	0
8.32192	0.0141004	133.183	0.841383	0
8.32748	0.0142273	135.086	0.826383	0
8.30949	0.0140655	133.484	0.853656	0
8.30643	0.0140336	134.501	0.825701	0
8.31874	0.0141926	134.151	0.833883	0
8.32441	0.0138033	134.001	0.829792	0
8.33606	0.0141608	135.336	0.805587	0
8.31728	0.014015	135.236	0.829792	0
8.30607	0.013991	134.401	0.827064	0
8.32853	0.0140276	134.552	0.831155	0
8.34268	0.0140885	133.517	0.836269	0
8.35193	0.014159	133.801	0.828428	0
8.33961	0.0141426	135.102	0.840019	0
8.32136	0.014095	135.302	0.842406	0
8.31762	0.0142415	134.418	0.857065	0
8.31765	0.0139674	133.1	0.837292	0
8.32326	0.0139537	134.251	0.815814	0
8.35487	0.0140764	135.803	0.82536	0
8.34876	0.0143025	134.702	0.819223	0
8.33436	0.0142022	134.068	0.836951	0
8.35382	0.0144709	134.184	0.841042	0
8.34079	0.0145052	134.702	0.847519	0
8.31202	0.0141957	135.703	0.834906	0
8.30919	0.0141331	133.1	0.827405	0
8.32346	0.0138013	133.467	0.839678	0
8.32146	0.0140769	134.585	0.836951	0
8.31013	0.0137743	133.951	0.820928	0
8.32211	0.0140426	134.552	0.87002	0
8.32418	0.0140218	134.285	0.835246	0
8.32015	0.014127	134.552	0.811382	0
8.3271	0.0140686	134.602	0.827746	0
8.33655	0.0143362	134.568	0.836269	0
8.33962	0.0141742	135.119	0.818201	0
8.32536	0.0144722	133.183	0.832519	0
8.32926	0.0143505	135.035	0.851951	0
8.34849	0.0139225	134.184	0.853997	0
8.33851	0.013824	132.215	0.825019	0
8.30645	0.0140636	134.785	0.828428	0
8.30371	0.0138589	135.336	0.843769	0
8.30273	0.0140823	133.984	0.828769	0
8.30092	0.0139412	133.884	0.836269	0
8.31155	0.0140909	133.383	0.847519	0
8.30882	0.0141227	134.785	0.826383	0
8.32381	0.0141208	134.835	0.834565	0
8.36061	0.0136402	134.919	0.863202	0
8.35091	0.0140952	134.368	0.835928	0
8.32781	0.0140496	134.518	0.845474	0
8.34871	0.0142838	135.019	0.845474	0
8.34645	0.0142925	134.234	0.827405	0
8.32548	0.0142209	133.65	0.853656	0
8.31672	0.0142659	136.32	0.827746	0
8.3284	0.01403	135.67	0.837974	0
8.32605	0.0142396	135.753	0.834224	0
8.31894	0.0142584	133.884	0.818542	0
8.31407	0.0142948	132.916	0.842065	0
8.30224	0.0140063	133.4	0.832178	0
8.3157	0.0138776	133.667	0.838997	0
8.30705	0.0139732	133.383	0.826724	0
8.30712	0.0141217	134.802	0.842747	0
8.34787	0.0141154	134.068	0.829451	0
8.34294	0.013897	135.653	0.860133	0
8.31581	0.0139395	134.518	0.821269	0
8.32903	0.0140892	133.35	0.82911	0
8.34836	0.0143156	135.369	0.840019	0
8.31726	0.014242	133.45	0.823655	0
8.31616	0.014262	136.654	0.839678	0
8.33928	0.0140649	134.118	0.833542	0
8.32334	0.0142121	133.967	0.82911	0
8.3234	0.0142154	134.285	0.826383	0
8.32599	0.0141349	133.267	0.819223	0
8.32586	0.0141542	133.433	0.837974	0
8.32454	0.0143724	135.219	0.837974	0
8.32189	0.0139516	133.65	0.825019	0
8.34483	0.0141128	133.25	0.831155	0
8.34195	0.0140234	133	0.819564	0
8.31709	0.0143015	134.768	0.820246	0
8.31021	0.0143607	135.419	0.830133	0
8.30429	0.013778	133.267	0.836269	0
8.30738	0.0140991	135.536	0.841042	0
8.31744	0.0142221	134.184	0.840019	0
8.33824	0.0138725	136.237	0.842406	0
8.34343	0.0142065	134.585	0.830815	0
8.3232	0.0141472	133.383	0.825019	0
8.32079	0.0144571	132.983	0.825019	0
8.34233	0.0144539	133.584	0.835928	0
8.34089	0.0140364	132.733	0.843088	0
8.31063	0.0139868	134.919	0.828087	0
8.31676	0.0141092	134.919	0.841724	0
8.3278	0.0137601	134.034	0.828428	0
8.32244	0.0141808	133.333	0.854338	0
8.31829	0.0140292	134.034	0.831155	0
8.33341	0.0140965	135.436	0.836951	0
8.33415	0.0139602	134.318	0.83286	0
8.31789	0.0140308	133.951	0.81411	0
8.31311	0.0141227	135.035	0.837974	0
8.32418	0.0139459	134.351	0.838997	0
8.33555	0.0141824	134.451	0.839678	0
8.32799	0.0139351	133.517	0.844792	0
8.33616	0.0141631	134.068	0.866611	0
8.34474	0.0141051	133.734	0.831837	0
8.32207	0.0140135	134.869	0.832519	0
8.30881	0.0143007	135.736	0.828769	0
8.32161	0.0142776	134.118	0.800473	0
8.32068	0.0145102	134.585	0.82911	0
8.31808	0.0142091	134.335	0.842406	0
8.31757	0.0140325	135.169	0.837292	0
8.31881	0.0138884	135.553	0.856724	0
8.33032	0.0139503	135.069	0.844451	0
8.3291	0.0138618	133.667	0.839337	0
8.3346	0.0142134	135.653	0.835246	0
8.33687	0.0140008	134.285	0.851951	0
8.33447	0.0140284	134.552	0.840019	0
8.32662	0.0141998	134.735	0.833883	0
8.30532	0.0139353	133.05	0.842065	0
8.31877	0.0141889	135.703	0.830474	0
8.34696	0.0140418	134.018	0.838656	0
8.33158	0.0143157	133.884	0.83661	0
8.31214	0.0140554	135.019	0.831837	0
8.32567	0.0141816	132.699	0.819564	0
8.31205	0.0139866	132.699	0.842065	0
8.2967	0.0144309	134.568	0.833201	0
8.33945	0.0142326	133.934	0.840701	0
8.36979	0.0146303	136.337	0.827064	0
8.33443	0.014556	132.833	0.839337	0
8.30615	0.0143369	134.001	0.822292	0
8.3258	0.0144034	133.133	0.837292	0
8.32375	0.0138836	133	0.811041	0
8.33623	0.0143144	134.785	0.831837	0
8.3487	0.013908	134.602	0.830815	0
8.31689	0.0138842	134.752	0.827064	0
8.30664	0.0139847	134.985	0.834224	0
8.34623	0.0139249	133.834	0.840701	0
8.33501	0.013812	133.517	0.821269	0
8.31134	0.0140407	132.282	0.834565	0
8.33108	0.0139858	134.685	0.841042	0
8.32271	0.0141727	135.236	0.837292	0
8.31059	0.0141921	134.501	0.821951	0
8.31981	0.0143144	133.784	0.823655	0
8.32458	0.0139001	135.269	0.826383	0
8.32518	0.0141517	134.301	0.820246	0
8.32426	0.0139426	132.466	0.84036	0
8.31125	0.0142619	135.202	0.835587	0
8.31267	0.0138442	134.118	0.830474	0
8.31193	0.0138685	134.218	0.844792	0
8.31497	0.0140026	134.485	0.822633	0
8.32643	0.0143345	134.401	0.800473	0
8.30817	0.0142994	133.734	0.822292	0
8.30059	0.0139566	134.351	0.846497	0
8.35509	0.0140816	134.835	0.828428	0
8.35951	0.0142089	134.151	0.844792	0
8.30332	0.0142177	133.15	0.829451	0
8.3112	0.0142315	135.269	0.865929	0
8.34134	0.0144753	135.152	0.830133	0
8.32254	0.0142544	133.584	0.829451	0
8.31967	0.0144741	134.985	0.835587	0
8.33382	0.0137464	132.632	0.823996	0
8.31453	0.0139863	134.468	0.830815	0
8.32432	0.014156	133.333	0.818542	0
8.34592	0.0140568	134.084	0.838656	0
8.35034	0.0144721	135.636	0.841383	0
8.3377	0.014337	133.967	0.84036	0
8.32558	0.0138986	134.835	0.829792	0
8.33689	0.0139954	133.901	0.833542	0
8.33728	0.0138505	134.301	0.827746	0
8.33769	0.013803	135.903	0.83286	0
8.33526	0.0145957	133.55	0.848883	0
8.30197	0.0140531	133.884	0.839678	0
8.29491	0.0140193	134.585	0.835928	0
8.31112	0.0134501	134.785	0.83286	0
8.32903	0.0142017	134.118	0.831837	0
8.33413	0.0140121	135.169	0.851951	0
8.30665	0.0141747	134.385	0.833542	0
8.30544	0.0142604	134.785	0.83286	0
8.33034	0.01418	134.702	0.835587	0
8.32672	0.0139137	135.353	0.824678	0
8.32755	0.0140937	133.333	0.82161	0
8.33303	0.0141743	134.201	0.837292	0
8.3237	0.0142404	134.435	0.834565	0
8.3261	0.0142434	134.902	0.850929	0
8.3279	0.0140754	133.133	0.841042	0
8.3235	0.0143216	135.019	0.830133	0
8.32193	0.0140154	134.335	0.831155	0
8.32076	0.0140293	134.552	0.829451	0
8.32074	0.0141469	132.916	0.821269	0
8.30702	0.0141545	135.636	0.846497	0
8.29999	0.0141043	133.25	0.849224	0
8.31688	0.0143395	134.134	0.829451	0
8.30906	0.0139999	134.501	0.855361	0
8.31262	0.0139729	134.485	0.803882	0
8.34747	0.0138154	134.635	0.848542	0
8.33723	0.0139648	135.119	0.846497	0
8.34146	0.0143061	135.67	0.835928	0
8.34222	0.0140434	133.567	0.82911	0
8.3065	0.0143323	134.885	0.829451	0
8.31872	0.0143335	134.568	0.842065	0
8.34493	0.0143427	134.034	0.828769	0
8.32545	0.0143593	133.734	0.843428	0
8.32537	0.0137389	134.268	0.84036	0
8.32757	0.0138112	134.468	0.830815	0
8.31493	0.0138172	135.319	0.822292	0
8.32108	0.0140238	134.451	0.829792	0
8.33766	0.0140671	134.101	0.83286	0
8.33457	0.013905	133.4	0.83286	0
8.31584	0.0143191	134.168	0.839337	0
8.31203	0.0143134	134.835	0.829451	0
8.34096	0.0142515	133.467	0.831837	0
8.34145	0.0143242	134.852	0.830133	0
8.30534	0.0144236	134.034	0.836269	0
8.30213	0.0143201	134.318	0.839678	0
8.3239	0.0140595	133.65	0.829792	0
8.32897	0.0142427	135.302	0.829792	0
8.32574	0.0141634	133.984	0.822633	0
8.32134	0.0138889	134.919	0.82161	0
8.3176	0.0140617	132.816	0.818542	0
8.31427	0.0138542	135.002	0.83661	0
8.34059	0.0139697	135.653	0.837633	0
8.34185	0.0142229	134.485	0.857065	0
8.30518	0.0137081	133.751	0.834565	0
8.30609	0.0141766	134.018	0.847179	0
8.33578	0.0141242	134.451	0.820587	0
8.35449	0.0143698	135.586	0.82911	0
8.34961	0.0140667	133.884	0.83286	0
8.31492	0.0138529	135.436	0.834906	0
8.29909	0.0139906	134.585	0.836269	0
8.31901	0.0140547	133.55	0.823996	0
8.33262	0.0137304	136.287	0.831496	0
8.3379	0.0138484	134.168	0.826383	0
8.32973	0.0143697	134.301	0.836951	0
8.30399	0.0140542	134.034	0.817178	0
8.29315	0.0143477	134.668	0.836951	0
8.30141	0.014321	134.134	0.834224	0
8.32379	0.0142727	134.718	0.835587	0
8.33769	0.0140214	135.002	0.863883	0
8.3302	0.0140771	136.154	0.825019	0
8.32692	0.0140801	134.318	0.844451	0
8.34101	0.0147163	133.751	0.823314	0
8.34088	0.0140557	132.849	0.84036	0
8.31401	0.0141124	135.453	0.843428	0
8.3315	0.0138625	134.735	0.85161	0
8.33791	0.0142091	134.985	0.838656	0
8.30169	0.0140063	134.952	0.841383	0
8.30622	0.0139394	134.018	0.846838	0
8.33761	0.0140433	134.602	0.827064	0
8.32874	0.014229	133.767	0.822973	0
8.30725	0.0143519	133.233	0.85127	0
8.33408	0.0147611	134.051	0.839337	0
8.34129	0.0145554	134.935	0.84786	0
8.32033	0.0145181	135.403	0.832519	0
8.33012	0.0144545	132.365	0.84411	0
8.34474	0.0142032	135.653	0.82911	0
8.34079	0.0143017	134.401	0.834906	0
8.32954	0.0143745	134.218	0.827405	0
8.32414	0.0135159	134.568	0.836269	0
8.32595	0.0138431	134.969	0.843769	0
8.32734	0.0140475	134.385	0.854338	0
8.32384	0.0140658	132.866	0.840701	0
8.31197	0.0140087	134.785	0.842747	0
8.29948	0.0141388	133.867	0.837292	0
8.30049	0.0139176	132.349	0.807291	0
8.30658	0.0139563	134.101	0.813769	0
8.32337	0.0141532	134.618	0.834565	0
8.34448	0.0139729	135.319	0.833542	0
8.33158	0.0138779	134.201	0.845133	0
8.31686	0.0143242	133.534	0.848542	0
8.33719	0.014385	134.468	0.834565	0
8.33332	0.0143564	133.951	0.842747	0
8.32238	0.014443	133.433	0.834565	0
8.34231	0.0141903	134.702	0.84411	0
8.35077	0.0143231	135.119	0.836951	0
8.32133	0.0140972	133.3	0.835587	0
8.28618	0.0136582	135.269	0.835246	0
8.30404	0.0141301	135.302	0.833201	0
8.33816	0.0141485	134.685	0.841042	0
8.3188	0.014238	133.734	0.82536	0
8.31459	0.0141624	134.451	0.819223	0
8.34899	0.0143103	134.835	0.831496	0
8.34156	0.0142781	133.584	0.84036	0
8.31504	0.0142671	135.603	0.839678	0
8.32383	0.0143759	134.518	0.835246	0
8.3234	0.0141317	134.919	0.838997	0
8.34388	0.0140743	135.169	0.834906	0
8.35888	0.0142255	133.166	0.825019	0
8.32178	0.0144187	134.134	0.838997	0
8.3209	0.0140316	132.883	0.84786	0
8.34233	0.0143041	134.952	0.82536	0
8.33898	0.0142195	133.634	0.819223	0
8.3442	0.014177	136.087	0.864906	0
8.34066	0.0141734	134.068	0.852974	0
8.32089	0.0141525	135.086	0.852974	0
8.31075	0.0142413	133.917	0.845815	0
8.31327	0.0143976	134.251	0.837633	0
8.33068	0.0144065	133.133	0.843769	0
8.33096	0.0142649	133.584	0.842747	0
8.33078	0.0140246	133.967	0.836269	0
8.3441	0.0141243	132.833	0.82911	0
8.34192	0.0143567	132.582	0.826042	0
8.32936	0.0138897	133.767	0.821269	0
8.31836	0.0138071	134.785	0.816496	0
8.32761	0.0142287	135.152	0.830133	0
8.35358	0.0138934	134.468	0.830474	0
8.34197	0.0144039	134.552	0.826383	0
8.32518	0.0144056	134.335	0.844451	0
8.33022	0.0140425	134.368	0.850247	0
8.34441	0.0142044	134.535	0.841042	0
8.33782	0.0135499	134.401	0.835928	0
8.32521	0.014288	135.219	0.818542	0
8.32401	0.0143953	133.534	0.862861	0
8.31201	0.0144909	134.285	0.84411	0
8.31537	0.0139342	135.086	0.830815	0
8.3311	0.0141641	134.885	0.85502	0
8.32093	0.0140619	132.449	0.829792	0
8.31774	0.0143872	135.937	0.832178	0
8.3302	0.0139687	134.251	0.828087	0
8.30083	0.0136809	133.333	0.855361	0
8.29969	0.0138961	134.301	0.837633	0
8.33476	0.0142676	134.101	0.819905	0
8.34746	0.0138167	135.252	0.839678	0
8.32656	0.0142466	132.666	0.827064	0
8.30914	0.0139641	134.602	0.828087	0
8.31922	0.0138572	133.667	0.827405	0
8.34271	0.0142838	135.069	0.843769	0
8.33629	0.014305	133.917	0.86627	0
8.31413	0.0141242	134.885	0.831496	0
8.34278	0.01417	132.649	0.824678	0
8.33534	0.0144471	135.002	0.845474	0
8.33267	0.0142868	133.951	0.835587	0
8.34626	0.0140102	134.685	0.839678	0
8.31773	0.0140836	133.116	0.836951	0
8.32515	0.0142153	133.751	0.822633	0
8.33267	0.0139213	134.285	0.823314	0
8.29809	0.0143878	132.666	0.841724	0
8.31029	0.0141965	132.833	0.831155	0
8.34609	0.0143052	135.002	0.836269	0
8.32927	0.0142099	135.286	0.820246	0
8.30763	0.0141987	133.967	0.839678	0
8.30954	0.0141613	133.433	0.841042	0
8.31848	0.0140433	134.451	0.831496	0
8.30984	0.0141646	134.618	0.832178	0
8.3143	0.0140345	135.136	0.834906	0
8.32616	0.014017	133.817	0.82911	0
8.30881	0.0138375	133.784	0.842747	0
8.29165	0.0140842	133.484	0.835928	0
8.31683	0.0142086	134.401	0.8107	0
8.3258	0.0138907	133.534	0.82161	0
8.29844	0.0141536	133.684	0.82536	0
8.32549	0.0141821	135.169	0.844792	0
8.36961	0.0139572	134.285	0.822633	0
8.33558	0.0140262	133.917	0.831496	0
8.29984	0.014238	135.186	0.826383	0
8.3181	0.014153	133.5	0.830133	0
8.33308	0.0141438	132.866	0.827746	0
8.31867	0.0136973	133.05	0.847519	0
8.31621	0.0140213	135.286	0.828087	0
8.33784	0.0142292	133.751	0.829792	0
8.34168	0.0141855	134.134	0.848201	0
8.31189	0.0141552	133.7	0.826724	0
8.29971	0.0143352	134.335	0.8032	0
8.31063	0.0143105	134.718	0.838997	0
8.3175	0.0136822	133.317	0.83661	0
8.32889	0.0141159	135.169	0.841042	0
8.33187	0.0141432	135.002	0.83286	0
8.34893	0.0143859	135.453	0.812405	0
8.34472	0.0144641	134.735	0.826724	0
8.32553	0.0141499	133.634	0.839337	0
8.32124	0.0142078	134.084	0.831837	0
8.32045	0.0142026	134.234	0.831837	0
8.32185	0.0140103	134.285	0.82911	0
8.3297	0.0143138	133.467	0.830815	0
8.33736	0.0139867	134.285	0.851951	0
8.33397	0.0142698	134.485	0.83286	0
8.31626	0.0140389	133.567	0.849224	0
8.31999	0.0139504	132.749	0.842065	0
8.3361	0.0140372	134.902	0.851951	0
8.34121	0.014087	134.535	0.827064	0
8.34113	0.0142376	134.618	0.830815	0
8.33982	0.0144305	136.17	0.850247	0
8.34567	0.0143476	134.401	0.821269	0
8.33106	0.014239	133.4	0.845815	0
8.32063	0.0143518	135.219	0.856042	0
8.31837	0.0143192	133.951	0.82911	0
8.31811	0.0138027	134.285	0.825019	0
8.32553	0.0139663	134.935	0.823655	0
8.32374	0.0140063	134.134	0.838656	0
8.31267	0.01378	133.6	0.820587	0
8.31884	0.0140342	132.566	0.83286	0
8.32608	0.0141594	134.552	0.833542	0
8.33447	0.0142604	135.169	0.849565	0
8.32997	0.0139221	135.319	0.822633	0
8.32017	0.0140654	134.251	0.836269	0
8.32092	0.0141701	134.668	0.829792	0
8.32075	0.0143255	134.718	0.834565	0
8.32379	0.0143259	133.55	0.839337	0
8.32729	0.014124	134.535	0.835246	0
8.34051	0.0141976	133.584	0.823996	0
8.32411	0.0140435	134.034	0.827405	0
8.31558	0.0140964	133.2	0.87002	0
8.32348	0.0141359	133.984	0.832519	0
8.32658	0.0140686	134.234	0.828769	0
8.3338	0.0141444	134.184	0.831496	0
8.32819	0.0144214	135.102	0.814791	0
8.34337	0.0138444	134.184	0.841383	0
8.35971	0.0139784	134.218	0.846497	0
8.33086	0.0141087	134.518	0.843769	0
8.30732	0.0143303	134.535	0.831496	0
8.30904	0.0141926	132.716	0.827064	0
8.32469	0.0139221	134.969	0.837292	0
8.32652	0.0141764	134.101	0.82536	0
8.33398	0.0145562	135.586	0.833201	0
8.34849	0.0146943	133.667	0.827405	0
8.30787	0.0140015	133.767	0.82911	0
8.29027	0.0140782	134.285	0.82161	0
8.32507	0.0138442	134.168	0.831837	0
8.33315	0.0142417	134.635	0.833201	0
8.32573	0.0142878	135.286	0.837974	0
8.30534	0.014249	134.034	0.838656	0
8.30592	0.0138551	132.883	0.828428	0
8.34924	0.0140014	135.302	0.837292	0
8.36989	0.0143119	134.501	0.860474	0
8.32874	0.0141375	134.234	0.821269	0
8.31034	0.0142183	134.785	0.83286	0
8.34961	0.0139333	134.702	0.840701	0
8.35648	0.0141487	134.869	0.834906	0
8.32405	0.0140377	134.718	0.820246	0
8.31765	0.0141107	133.567	0.846838	0
8.32422	0.0139256	132.783	0.822633	0
8.32238	0.0142034	135.136	0.838315	0
8.33214	0.0142263	134.652	0.817178	0
8.32934	0.014105	134.251	0.843769	0
8.3277	0.0139937	134.985	0.838315	0
8.33508	0.0144661	134.068	0.834906	0
8.341	0.0140303	134.702	0.821269	0
8.32715	0.0140299	134.702	0.843769	0
8.31442	0.0142804	135.069	0.826042	0
8.33949	0.0144417	134.552	0.833542	0
8.36173	0.0141145	133.417	0.841042	0
8.34797	0.0137417	135.736	0.827746	0
8.3274	0.0141839	133.851	0.831837	0
8.327	0.0143932	134.568	0.842747	0
8.33298	0.0142124	135.586	0.830133	0
8.32941	0.0138916	135.119	0.835246	0
8.31656	0.0142626	133.834	0.826383	0
8.3212	0.0139952	134.151	0.841042	0
8.32294	0.014087	134.401	0.848883	0
8.34374	0.0142024	134.735	0.832519	0
8.35537	0.0139066	134.702	0.830474	0
8.3094	0.0140834	133.05	0.833201	0
8.30046	0.0141482	133.25	0.837292	0
8.31597	0.0139267	132.833	0.818882	0
8.31161	0.0140928	134.301	0.842747	0
8.33658	0.0139827	136.12	0.860133	0
8.34389	0.0139213	133.1	0.826383	0
8.32735	0.0140625	134.485	0.855701	0
8.357	0.0142984	133.817	0.824337	0
8.36477	0.0144147	135.836	0.843428	0
8.33527	0.0139256	134.852	0.837292	0
8.33208	0.0140584	135.302	0.843088	0
8.32556	0.0140538	133.984	0.829792	0
8.31861	0.0139903	136.137	0.823314	0
8.31405	0.0144348	134.034	0.841724	0
8.32213	0.0143746	135.436	0.813428	0
8.3263	0.0139382	133.767	0.825701	0
8.33403	0.0141114	134.552	0.83286	0
8.34542	0.0139405	133.967	0.820246	0
8.3197	0.0142439	135.286	0.823655	0
8.3164	0.0143342	134.668	0.85161	0
8.35843	0.0140866	135.519	0.817519	0
8.36167	0.0140224	134.902	0.845815	0
8.33374	0.0140501	134.368	0.825701	0
8.33698	0.0138248	134.835	0.823655	0
8.33362	0.0141007	135.72	0.825701	0
8.31942	0.0144103	135.052	0.833201	0
8.34039	0.0142653	132.966	0.829451	0
8.33033	0.013627	134.234	0.826383	0
8.32554	0.0142096	133.5	0.866952	0
8.34445	0.0139356	135.136	0.846497	0
8.33799	0.0135911	134.134	0.832178	0
8.32559	0.0139956	135.519	0.830815	0
8.34199	0.0143092	133.767	0.835587	0
8.34925	0.0138241	136.27	0.852974	0
8.32956	0.0140862	135.353	0.815132	0
8.3162	0.0141893	134.301	0.822633	0
8.3298	0.0142309	134.251	0.84036	0
8.34296	0.0145475	134.101	0.85127	0
8.32514	0.0141294	133.317	0.835928	0
8.32629	0.0138191	134.001	0.820928	0
8.34686	0.0140596	133.35	0.827405	0
8.32746	0.0141952	134.885	0.82161	0
8.326	0.0141846	135.119	0.835928	0
8.34915	0.0142491	134.585	0.81411	0
8.3327	0.0138901	134.635	0.840019	0
8.33689	0.0143696	134.335	0.82536	0
8.35224	0.0141591	134.218	0.844451	0
8.32514	0.0142367	134.335	0.833883	0
8.33422	0.0141133	134.068	0.846156	0
8.35166	0.0140055	135.469	0.806609	0
8.33535	0.0144196	134.301	0.841042	0
8.32805	0.0142484	133.634	0.82911	0
8.33676	0.0139514	134.201	0.841724	0
8.3426	0.0140287	133.7	0.838315	0
8.32044	0.014352	134.118	0.825701	0
8.30488	0.0136157	133.016	0.822292	0
8.3165	0.0141576	134.218	0.831496	0
8.31564	0.0139442	135.703	0.820246	0
8.30707	0.0141881	133.217	0.832519	0
8.30908	0.0137486	133.801	0.836269	0
8.30466	0.0138704	133.5	0.84036	0
8.30174	0.0139245	132.332	0.832178	0
8.33604	0.0142064	135.086	0.833542	0
8.35869	0.0140092	133.1	0.850247	0
8.33801	0.0140725	135.152	0.827405	0
8.32828	0.014351	136.154	0.846838	0
8.33794	0.0137964	134.518	0.842065	0
8.35153	0.0139951	134.585	0.822973	0
8.3358	0.0142204	133.45	0.855361	0
8.33609	0.0141615	134.718	0.846497	0
8.34194	0.014011	135.186	0.846838	0
8.32468	0.0136796	134.718	0.81411	0
8.34404	0.0138968	135.686	0.84036	0
8.36194	0.0137864	135.019	0.850247	0
8.35794	0.0143448	134.785	0.839337	0
8.33769	0.0137339	134.318	0.828087	0
8.30725	0.013946	133.967	0.828769	0
8.31406	0.0142361	133.934	0.830815	0
8.33407	0.0141254	133.967	0.853315	0
8.31665	0.0141116	134.819	0.811382	0
8.30245	0.0141431	132.482	0.840701	0
8.32743	0.0143422	134.168	0.824337	0
8.33875	0.0140893	134.902	0.838315	0
8.3332	0.014092	134.151	0.835587	0
8.31216	0.0141649	132.566	0.836951	0
8.32113	0.0140481	134.001	0.827064	0
8.33665	0.0141608	134.168	0.824678	0
8.32827	0.0142398	133.467	0.82536	0
8.3444	0.014156	135.269	0.848542	0
8.34249	0.0143075	134.034	0.823996	0
8.32203	0.014013	133.4	0.830133	0
8.34784	0.0141368	135.269	0.807973	0
8.35446	0.0141725	135.119	0.828087	0
8.31431	0.0142295	134.118	0.84036	0
8.30653	0.0142398	134.468	0.830815	0
8.35786	0.0137933	136.154	0.847179	0
8.36598	0.0141934	134.251	0.856383	0
8.3282	0.0143121	133.116	0.842065	0
8.32159	0.0145333	134.184	0.855701	0
8.31316	0.0140539	132.032	0.809678	0
8.31459	0.0140481	133.817	0.82536	0
8.34252	0.0137736	134.134	0.835587	0
8.34048	0.0136533	133.15	0.811041	0
8.34045	0.0141249	136.904	0.841383	0
8.36125	0.0142062	134.068	0.835587	0
8.36218	0.0140425	134.535	0.850247	0
8.33653	0.0139898	135.086	0.845133	0
8.3294	0.014378	133.934	0.844451	0
8.34609	0.0140515	135.469	0.844792	0
8.33828	0.0142584	134.902	0.826042	0
8.32439	0.0141507	134.018	0.82161	0
8.32114	0.0139771	134.451	0.831496	0
8.33127	0.0140026	134.134	0.849224	0
8.3432	0.0139874	135.302	0.837292	0
8.33426	0.0142712	135.553	0.85161	0
8.32771	0.013987	133.1	0.840019	0
8.31705	0.014089	134.468	0.82911	0
8.31575	0.0139418	133.467	0.831155	0
8.3251	0.0140359	134.151	0.822973	0
8.31744	0.0134451	135.369	0.834224	0
8.32137	0.014156	133.667	0.81786	0
8.32551	0.0145609	133.734	0.842747	0
8.3149	0.0140341	133.3	0.848542	0
8.333	0.0139512	133.634	0.820587	0
8.35671	0.014122	134.819	0.822292	0
8.34026	0.014325	134.335	0.841724	0
8.31741	0.0144736	133.884	0.816837	0
8.33794	0.0139643	133.851	0.841383	0
8.35237	0.0144361	135.286	0.81036	0
8.33911	0.0137385	133.801	0.819223	0
8.36087	0.014446	136.087	0.813428	0
8.3489	0.014121	134.568	0.844792	0
8.30113	0.0140073	133.4	0.820928	0
8.32248	0.0140835	132.933	0.852974	0
8.34563	0.0139894	134.985	0.822633	0
8.32925	0.0138286	135.77	0.822633	0
8.32179	0.0141023	133.984	0.818201	0
8.33123	0.0138758	134.919	0.845133	0
8.34619	0.0140907	134.718	0.836951	0
8.34117	0.0141438	133.65	0.844451	0
8.32451	0.0142822	134.285	0.830474	0
8.33675	0.0138301	134.184	0.828769	0
8.33843	0.0141812	133.917	0.833883	0
8.33556	0.0143668	133.183	0.848542	0
8.33592	0.0141541	133.717	0.821951	0
8.31877	0.0137486	134.468	0.828769	0
8.31425	0.0138996	134.234	0.830815	0
8.32734	0.0141557	133.717	0.849565	0
8.33277	0.0140162	133.317	0.857065	0
8.33072	0.0143021	133.016	0.816837	0
8.34561	0.0140751	133.617	0.830133	0
8.34647	0.0139585	134.568	0.833201	0
8.3462	0.0138797	136.137	0.832519	0
8.34898	0.0138503	134.234	0.844792	0
8.3412	0.0140549	134.068	0.818882	0
8.32036	0.0143179	133.984	0.823996	0
8.32328	0.0140753	133.016	0.816496	0
8.34184	0.0141196	131.948	0.844792	0
8.34087	0.0139222	134.935	0.835928	0
8.33158	0.0139881	134.218	0.840701	0
8.33229	0.0142459	135.102	0.844792	0
8.33273	0.0141896	134.668	0.833883	0
8.34086	0.0142752	135.503	0.834224	0
8.35647	0.0141593	135.72	0.833542	0
8.34965	0.0140342	134.385	0.848201	0
8.33083	0.0139896	134.251	0.833542	0
8.32049	0.0140036	133.817	0.827746	0
8.32392	0.0139442	133.884	0.848542	0
8.34614	0.0141514	135.453	0.818882	0
8.362	0.01443	134.351	0.823314	0
8.35638	0.014005	136.037	0.841383	0
8.35011	0.0138455	134.869	0.833542	0
8.34346	0.0141881	133.433	0.812746	0
8.33126	0.01398	134.401	0.826383	0
8.32682	0.0141772	134.068	0.84411	0
8.33811	0.0137838	134.835	0.831837	0
8.36149	0.0146044	135.953	0.82161	0
8.36901	0.0141788	133.7	0.834565	0
8.34165	0.0140836	135.119	0.835928	0
8.33306	0.0139676	133.884	0.828428	0
8.33433	0.0140833	133.233	0.861156	0
8.32254	0.0143322	134.902	0.842747	0
8.34326	0.0142684	134.785	0.842406	0
8.35939	0.0141524	134.735	0.841042	0
8.34007	0.0138718	134.535	0.824337	0
8.34233	0.0140931	133.417	0.846838	0
8.35539	0.0142381	134.001	0.829451	0
8.33324	0.0138916	135.019	0.856724	0
8.32778	0.0140264	133.65	0.828428	0
8.33696	0.0142835	134.418	0.846838	0
8.33852	0.0141405	133.951	0.819905	0
8.34445	0.0142275	134.752	0.856042	0
8.3372	0.0139444	134.802	0.83661	0
8.32221	0.0138312	134.702	0.823314	0
8.33497	0.0140563	134.752	0.841724	0
8.32774	0.0142748	133.484	0.837292	0
8.31102	0.0137179	133.667	0.833883	0
8.3334	0.0139826	134.401	0.835587	0
8.33991	0.0139713	134.234	0.828769	0
8.33183	0.0144274	135.202	0.838997	0
8.35616	0.0142659	133.15	0.824678	0
8.36078	0.0144242	134.618	0.843769	0
8.3357	0.0144538	135.436	0.82911	0
8.32818	0.0141102	133.751	0.83286	0
8.32226	0.0138181	132.499	0.829792	0
8.33521	0.0141673	134.268	0.814791	0
8.35214	0.0138364	135.002	0.814451	0
8.34185	0.0139312	135.269	0.834224	0
8.33878	0.0143189	134.718	0.83661	0
8.36044	0.0140479	133.1	0.833883	0
8.3469	0.0143301	134.618	0.827746	0
8.32162	0.0142778	134.668	0.833542	0
8.32165	0.0138677	133.634	0.834224	0
8.32935	0.0135982	134.819	0.827405	0
8.34966	0.0138071	134.368	0.821951	0
8.34438	0.0138871	134.234	0.82161	0
8.32807	0.0145072	134.552	0.846497	0
8.34152	0.014031	135.369	0.83286	0
8.33817	0.0139924	134.552	0.842065	0
8.33011	0.0138144	134.568	0.845815	0
8.33672	0.0141512	133.867	0.844792	0
8.35311	0.0137387	133.333	0.840701	0
8.34863	0.0140127	135.419	0.838656	0
8.33381	0.0144159	134.535	0.832519	0
8.3469	0.0143512	132.749	0.835928	0
8.33564	0.0139861	133.367	0.844451	0
8.31578	0.0143108	134.335	0.855361	0
8.34015	0.0142819	133.267	0.837292	0
8.33025	0.0141991	133.65	0.837633	0
8.33152	0.0140119	134.118	0.831837	0
8.35116	0.014198	133.45	0.847179	0
8.34066	0.0144294	135.453	0.852292	0
8.3478	0.0139981	132.95	0.83286	0
8.35461	0.0139868	135.553	0.831496	0
8.35679	0.014306	135.035	0.834565	0
8.35814	0.0144904	134.368	0.841042	0
8.35241	0.0145391	134.335	0.835246	0
8.32771	0.0139649	133.267	0.857406	0
8.31653	0.01362	134.218	0.837974	0
8.3514	0.0142896	133.967	0.834565	0
8.37841	0.0143095	136.12	0.846838	0
8.35362	0.0143978	135.269	0.843769	0
8.32771	0.0143652	134.835	0.845815	0
8.33927	0.0142668	134.685	0.838656	0
8.33042	0.0139699	133.333	0.82536	0
8.30656	0.01391	134.051	0.849565	0
8.3286	0.0140113	133.7	0.836269	0
8.32529	0.0137501	134.418	0.825019	0
8.32836	0.0141249	133.834	0.852292	0
8.35024	0.0142439	134.301	0.82161	0
8.34743	0.0141083	133.984	0.836269	0
8.33574	0.0143676	132.582	0.822633	0
8.31473	0.0141465	132.866	0.82161	0
8.31039	0.0138344	133.734	0.814451	0
8.34891	0.0140425	134.084	0.853656	0
8.35635	0.0140455	133.834	0.840019	0
8.34483	0.0142315	135.102	0.814451	0
8.33868	0.0143166	133.901	0.836269	0
0	0	0	0	0
0	0	0	0	0
0	0	0	0	0
0	0	0	0	0
0	0	0	0	0
0	0	0	0	0
0	0	0	0	0
0	0	0	0	0
0	0	0	0	0
0	0	0	0	0
0	0	0	0	0
0	0	0	0	0
0	0	0	0	0
0	0	0	0	0
0	0	0	0	0
0	0	0	0	0
0	0	0	0	0
0	0	0	0	0
0	0	0	0	0
0	0	0	0	0
0	0	0	0	0
0	0	0	0	0
0	0	0	0	0
0	0	0	0	0
0	0	0	0	0
0	0	0	0	0
0	0	0	0	0
0	0	0	0	0
0	0	0	0	0
0	0	0	0	0
0	0	0	0	0
0	0	0	0	0
0	0	0	0	0
0	0	0	0	0
0	0	0	0	0
0	0	0	0	0
0	0	0	0	0
0	0	0	0	0
0	0	0	0	0
0	0	0	0	0
0	0	0	0	0
0	0	0	0	0
0	0	0	0	0
0	0	0	0	0
0	0	0	0	0
0	0	0	0	0
0	0	0	0	0
0	0	0	0	0
0	0	0	0	0
0	0	0	0	0
0	0	0	0	0
0	0	0	0	0
0	0	0	0	0
0	0	0	0	0
0	0	0	0	0
0	0	0	0	0
0	0	0	0	0
0	0	0	0	0
0	0	0	0	0
0	0	0	0	0
0	0	0	0	0
0	0	0	0	0
0	0	0	0	0
0	0	0	0	0
0	0	0	0	0
0	0	0	0	0
0	0	0	0	0
0	0	0	0	0
0	0	0	0	0
0	0	0	0	0
0	0	0	0	0
0	0	0	0	0
0	0	0	0	0
0	0	0	0	0
0	0	0	0	0
0	0	0	0	0
0	0	0	0	0
0	0	0	0	0
0	0	0	0	0
0	0	0	0	0
0	0	0	0	0
0	0	0	0	0
0	0	0	0	0
0	0	0	0	0
0	0	0	0	0
0	0	0	0	0
0	0	0	0	0
0	0	0	0	0
0	0	0	0	0
0	0	0	0	0
0	0	0	0	0
0	0	0	0	0
0	0	0	0	0
0	0	0	0	0
0	0	0	0	0
0	0	0	0	0
0	0	0	0	0
0	0	0	0	0
0	0	0	0	0
0	0	0	0	0
0	0	0	0	0
0	0	0	0	0
0	0	0	0	0
0	0	0	0	0
0	0	0	0	0
0	0	0	0	0
0	0	0	0	0
0	0	0	0	0
0	0	0	0	0
0	0	0	0	0
0	0	0	0	0
0	0	0	0	0
0	0	0	0	0
0	0	0	0	0
0	0	0	0	0
0	0	0	0	0
0	0	0	0	0
0	0	0	0	0
0	0	0	0	0
0	0	0	0	0
0	0	0	0	0
0	0	0	0	0
0	0	0	0	0
0	0	0	0	0
0	0	0	0	0
0	0	0	0	0
0	0	0	0	0
0	0	0	0	0
0	0	0	0	0
0	0	0	0	0
0	0	0	0	0
0	0	0	0	0
0	0	0	0	0
0	0	0	0	0
0	0	0	0	0
0	0	0	0	0
0	0	0	0	0
0	0	0	0	0
0	0	0	0	0
0	0	0	0	0
0	0	0	0	0
0	0	0	0	0
0	0	0	0	0
0	0	0	0	0
0	0	0	0	0
0	0	0	0	0
0	0	0	0	0
0	0	0	0	0
0	0	0	0	0
0	0	0	0	0
0	0	0	0	0
0	0	0	0	0
0	0	0	0	0
0	0	0	0	0
0	0	0	0	0
0	0	0	0	0
0	0	0	0	0
0	0	0	0	0
0	0	0	0	0
0	0	0	0	0
0	0	0	0	0
0	0	0	0	0
0	0	0	0	0
0	0	0	0	0
0	0	0	0	0
0	0	0	0	0
0	0	0	0	0
0	0	0	0	0
0	0	0	0	0
0	0	0	0	0
0	0	0	0	0
0	0	0	0	0
0	0	0	0	0
0	0	0	0	0
0	0	0	0	0
0	0	0	0	0
0	0	0	0	0
0	0	0	0	0
0	0	0	0	0
0	0	0	0	0
0	0	0	0	0
0	0	0	0	0
0	0	0	0	0
0	0	0	0	0
0	0	0	0	0
0	0	0	0	0
0	0	0	0	0
0	0	0	0	0
0	0	0	0	0
0	0	0	0	0
0	0	0	0	0
0	0	0	0	0
0	0	0	0	0
0	0	0	0	0
0	0	0	0	0
0	0	0	0	0
0	0	0	0	0
0	0	0	0	0
0	0	0	0	0
0	0	0	0	0
0	0	0	0	0
0	0	0	0	0
0	0	0	0	0
0	0	0	0	0
0	0	0	0	0
0	0	0	0	0
0	0	0	0	0
0	0	0	0	0
0	0	0	0	0
0	0	0	0	0
0	0	0	0	0
0	0	0	0	0
0	0	0	0	0
0	0	0	0	0
0	0	0	0	0
0	0	0	0	0
0	0	0	0	0
0	0	0	0	0
0	0	0	0	0
0	0	0	0	0
0	0	0	0	0
0	0	0	0	0
0	0	0	0	0
0	0	0	0	0
0	0	0	0	0
0	0	0	0	0
0	0	0	0	0
0	0	0	0	0
0	0	0	0	0
0	0	0	0	0
0	0	0	0	0
0	0	0	0	0
0	0	0	0	0
0	0	0	0	0
0	0	0	0	0
0	0	0	0	0
0	0	0	0	0
0	0	0	0	0
0	0	0	0	0
0	0	0	0	0
0	0	0	0	0
0	0	0	0	0
0	0	0	0	0
0	0	0	0	0
0	0	0	0	0
0	0	0	0	0
0	0	0	0	0
0	0	0	0	0
0	0	0	0	0
0	0	0	0	0
0	0	0	0	0
0	0	0	0	0
0	0	0	0	0
0	0	0	0	0
0	0	0	0	0
0	0	0	0	0
0	0	0	0	0
0	0	0	0	0
0	0	0	0	0
0	0	0	0	0
0	0	0	0	0
0	0	0	0	0
0	0	0	0	0
0	0	0	0	0
0	0	0	0	0
0	0	0	0	0
0	0	0	0	0
0	0	0	0	0
0	0	0	0	0
0	0	0	0	0
0	0	0	0	0
0	0	0	0	0
0	0	0	0	0
0	0	0	0	0
0	0	0	0	0
0	0	0	0	0
0	0	0	0	0
0	0	0	0	0
0	0	0	0	0
0	0	0	0	0
0	0	0	0	0
0	0	0	0	0
0	0	0	0	0
0	0	0	0	0
0	0	0	0	0
0	0	0	0	0
0	0	0	0	0
0	0	0	0	0
0	0	0	0	0
0	0	0	0	0
0	0	0	0	0
0	0	0	0	0
0	0	0	0	0
0	0	0	0	0
0	0	0	0	0
0	0	0	0	0
0	0	0	0	0
0	0	0	0	0
0	0	0	0	0
0	0	0	0	0
0	0	0	0	0
0	0	0	0	0
0	0	0	0	0
0	0	0	0	0
0	0	0	0	0
0	0	0	0	0
0	0	0	0	0
0	0	0	0	0
0	0	0	0	0
0	0	0	0	0
0	0	0	0	0
0	0	0	0	0
0	0	0	0	0
0	0	0	0	0
0	0	0	0	0
0	0	0	0	0
0	0	0	0	0
0	0	0	0	0
0	0	0	0	0
0	0	0	0	0
0	0	0	0	0
0	0	0	0	0
0	0	0	0	0
0	0	0	0	0
0	0	0	0	0
0	0	0	0	0
0	0	0	0	0
0	0	0	0	0
0	0	0	0	0
0	0	0	0	0
0	0	0	0	0
0	0	0	0	0
0	0	0	0	0
0	0	0	0	0
0	0	0	0	0
0	0	0	0	0
0	0	0	0	0
0	0	0	0	0
0	0	0	0	0
0	0	0	0	0
0	0	0	0	0
0	0	0	0	0
0	0	0	0	0
0	0	0	0	0
0	0	0	0	0
0	0	0	0	0
0	0	0	0	0
0	0	0	0	0
0	0	0	0	0
0	0	0	0	0
0	0	0	0	0
0	0	0	0	0
0	0	0	0	0
0	0	0	0	0
0	0	0	0	0
0	0	0	0	0
0	0	0	0	0
0	0	0	0	0
0	0	0	0	0
0	0	0	0	0
0	0	0	0	0
0	0	0	0	0
0	0	0	0	0
0	0	0	0	0
0	0	0	0	0
0	0	0	0	0
0	0	0	0	0
0	0	0	0	0
0	0	0	0	0
0	0	0	0	0
0	0	0	0	0
0	0	0	0	0
0	0	0	0	0
0	0	0	0	0
0	0	0	0	0
0	0	0	0	0
0	0	0	0	0
0	0	0	0	0
0	0	0	0	0
0	0	0	0	0
0	0	0	0	0
0	0	0	0	0
0	0	0	0	0
0	0	0	0	0
0	0	0	0	0
0	0	0	0	0
0	0	0	0	0
0	0	0	0	0
0	0	0	0	0
0	0	0	0	0
0	0	0	0	0
0	0	0	0	0
0	0	0	0	0
0	0	0	0	0
0	0	0	0	0
0	0	0	0	0
0	0	0	0	0
0	0	0	0	0
0	0	0	0	0
0	0	0	0	0
