a2610509.350186
Narit-cm 05/01/2026 09:05:02 05/01/2026 09:35:01 0045 0013.384714 0052.542598 00.0 00.0
0002398 0010 0000000 0010 05 0000000 0010 0000000 0010
1 0 1 01600 1 0000 3.75 00000.o 0 0 01 000 16 002398 0.500 BT0
1 2 1 02000 1 0000 3.75 00000.o 0 0 01 000 16 002398 0.500 S2A0
1 1 1 01600 1 0000 3.75 00000.o 0 0 00 000 00 002398 3.1746 BC0
1 3 1 02000 1 0000 3.75 00000.o 0 0 00 000 00 002398 3.1746 S2P0
1 5 0 01600 0 0000 1.00 00000.o 0 0 00 000 00 000000 0.000 OF0
0.000 .o Analog 0 	0.000 .o Analog StErr 0 	0.000 .o Photon Counting 0 	0.000 .o PC StErr 0 	0.000 .o Overflow Info 0 
35.0212	0.157216	178.032	0.868794	0
73.2081	0.40094	188.991	0.854485	0
260.899	2.03428	84.7373	1.27866	0
473.081	0.0901142	0	0	0
473.457	4.0875E-5	2.46872	0.216688	0
473.457	0	83.2694	1.19314	0
473.457	0	86.9558	1.19723	0
473.457	8.9678E-6	7.13928	0.359102	0
473.457	0	5.00417	0.303226	0
473.457	0	21.1176	0.564546	0
473.457	0	61.2177	0.864024	0
473.457	0	121.551	0.96862	0
473.457	0	125.755	0.972709	0
473.457	0	87.8399	0.898095	0
473.457	0	70.5088	0.836768	0
473.457	0	68.6072	0.838472	0
473.457	6.36844E-6	75.5463	0.842219	0
473.457	0	86.3386	0.845626	0
473.457	6.36844E-6	90.3253	0.853463	0
473.457	0	106.889	0.891962	0
473.457	0	134.579	0.921944	0
473.457	0	160.417	0.891962	0
473.457	0	177.765	0.882422	0
473.457	1.27369E-5	187.623	0.886852	0
474.872	0.101071	192.527	0.864706	1
490.998	0.234095	193.178	0.882422	1
498.844	0.106616	193.495	0.86198	1
499.882	0.0325052	193.878	0.86198	1
499.999	0.000871761	193.912	0.891281	1
500	0	192.794	0.872883	1
500	0	191.326	0.867432	1
498.761	0.076409	193.645	0.870839	1
482.242	0.323738	190.142	0.868794	1
449.157	0.428738	192.143	0.858573	1
417.141	0.426764	190.792	0.865387	1
387.142	0.413436	191.41	0.855166	1
357.112	0.404064	190.442	0.860617	0
329.576	0.382415	189.858	0.868113	0
304.248	0.367061	189.008	0.862662	0
279.855	0.359605	189.708	0.880038	0
256.482	0.353354	189.625	0.850396	0
234.173	0.347516	187.673	0.846989	0
213.004	0.341564	187.957	0.860617	0
192.75	0.333669	188.924	0.865728	0
173.196	0.329067	189.158	0.8814	0
154.076	0.330015	187.306	0.853803	0
135.486	0.327087	187.44	0.866069	0
117.932	0.319836	187.406	0.859936	0
101.593	0.316834	188.507	0.840516	0
86.5721	0.310555	188.224	0.856188	0
73.0449	0.295324	187.64	0.86164	0
61.4799	0.273091	187.073	0.893666	0
52.2572	0.246875	187.306	0.855507	0
44.961	0.214381	186.172	0.863002	0
39.1775	0.180051	185.805	0.838131	0
34.8521	0.150144	185.755	0.827228	0
31.7246	0.125798	185.121	0.847671	0
29.37	0.105235	183.003	0.822459	0
27.5815	0.0870774	183.57	0.842219	0
26.1682	0.0727276	179.149	0.859255	0
25.0051	0.0622226	180.667	0.843242	0
24.0991	0.052972	177.615	0.850396	0
23.393	0.0448686	178.682	0.891962	0
22.7812	0.038579	177.832	0.839153	0
22.2906	0.0364674	176.564	0.846308	0
21.8896	0.0343018	176.731	0.828932	0
21.5446	0.0324407	174.646	0.835405	0
21.1717	0.0312571	176.364	0.846649	0
20.8398	0.0303943	173.128	0.846308	0
20.6635	0.0303188	173.278	0.823821	0
20.4601	0.0289078	172.427	0.854144	0
20.2014	0.0287232	170.792	0.859255	0
20.0503	0.0292066	171.776	0.842901	0
19.9685	0.0289819	172.093	0.839153	0
19.8622	0.028112	171.143	0.846308	0
19.7703	0.0281069	170.759	0.855166	0
19.7599	0.0277929	170.742	0.854825	0
19.72	0.0293657	170.158	0.8521	0
19.7097	0.0296119	170.859	0.854485	0
19.7396	0.0294035	170.859	0.835746	0
19.8018	0.0286704	172.26	0.855507	0
19.9645	0.0278025	170.242	0.853803	0
20.0254	0.0278003	168.791	0.851759	0
19.8783	0.0298553	170.692	0.83268	0
19.6251	0.0304463	169.591	0.859255	0
19.2491	0.0300356	167.473	0.836087	0
18.8374	0.0286245	167.156	0.825866	0
18.4748	0.0273285	167.64	0.860277	0
18.1609	0.0263813	166.839	0.839494	0
17.9751	0.0261783	168.04	0.831658	0
17.8963	0.0259613	165.822	0.831998	0
17.7379	0.0262895	165.905	0.84733	0
17.547	0.0261768	165.705	0.840175	0
17.3877	0.0260306	166.222	0.83745	0
17.2549	0.0263912	165.038	0.851418	0
17.2414	0.0259093	164.687	0.836087	0
17.2877	0.0254477	166.105	0.824844	0
17.3093	0.0257512	165.571	0.820414	0
17.3095	0.0255172	166.839	0.834724	0
17.2607	0.0261879	165.154	0.844604	0
17.2654	0.0263206	164.887	0.843582	0
17.2676	0.0253812	165.321	0.843923	0
17.2184	0.0253628	165.621	0.834043	0
17.1832	0.0249262	166.138	0.849034	0
17.1667	0.0254642	165.154	0.823821	0
17.1668	0.0255977	163.82	0.833361	0
17.1742	0.0251161	167.323	0.859595	0
17.1701	0.0255179	164.654	0.829273	0
17.1372	0.0251419	165.888	0.845967	0
17.1284	0.025454	164.537	0.843582	0
17.1613	0.0253149	164.604	0.836087	0
17.1553	0.0249865	164.737	0.841538	0
17.104	0.0249827	165.571	0.84733	0
17.0045	0.0242264	166.005	0.839835	0
16.8986	0.0248722	164.32	0.841538	0
16.8072	0.024847	164.087	0.856529	0
16.7029	0.0247731	164.437	0.83745	0
16.6657	0.0245147	164.304	0.840857	0
16.6746	0.0244425	165.488	0.829613	0
16.6483	0.0244125	164.454	0.836427	0
16.7179	0.0251236	164.37	0.846308	0
16.7761	0.0244345	163.52	0.86164	0
16.7052	0.0250762	165.138	0.843582	0
16.7001	0.0249788	163.436	0.839494	0
16.6999	0.0242218	165.688	0.83268	0
16.6153	0.0245294	165.671	0.846989	0
16.5704	0.0245488	163.67	0.821096	0
16.5922	0.0244401	164.57	0.822459	0
16.5759	0.0244724	162.752	0.862662	0
16.5137	0.0244181	163.653	0.829954	0
16.4631	0.0235337	162.836	0.845626	0
16.4362	0.0239667	162.969	0.83302	0
16.4084	0.0237862	165.071	0.828591	0
16.3447	0.0239643	163.937	0.843582	0
16.2505	0.0240204	163.853	0.843923	0
16.1955	0.0235137	162.736	0.841538	0
16.1231	0.0235418	164.12	0.830976	0
16.0153	0.0237144	162.686	0.836087	0
15.9684	0.0237458	162.786	0.86198	0
15.8972	0.0234288	163.686	0.829954	0
15.7814	0.023371	161.535	0.830636	0
15.7019	0.0232928	162.485	0.838472	0
15.5757	0.0224601	163.069	0.849715	0
15.4635	0.0225893	161.284	0.843582	0
15.3815	0.0230448	161.468	0.833361	0
15.2134	0.0232043	160.217	0.847671	0
15.0666	0.0233544	161.802	0.827569	0
14.9769	0.0231554	159.9	0.845967	0
14.8723	0.0230514	159.399	0.834383	0
14.7941	0.0224852	160.334	0.838472	0
14.6798	0.0222068	159.399	0.835746	0
14.5433	0.0217884	158.932	0.821777	0
14.4819	0.0222419	159.066	0.824503	0
14.4031	0.0223395	159.066	0.844604	0
14.2903	0.021703	158.582	0.805423	0
14.191	0.0215368	159.049	0.849034	0
14.0941	0.0214647	158.632	0.821096	0
14.0196	0.0211506	156.931	0.826547	0
13.9457	0.0214569	156.831	0.857551	0
13.8726	0.0209575	156.664	0.841197	0
13.808	0.021347	158.148	0.841879	0
13.7182	0.0208058	157.048	0.838131	0
13.614	0.0212697	156.113	0.825866	0
13.5578	0.0207356	156.681	0.825866	0
13.4823	0.0208173	155.463	0.820074	0
13.3596	0.0200669	155.513	0.814622	0
13.2919	0.0203824	153.495	0.844264	0
13.2394	0.020426	154.345	0.826547	0
13.1578	0.0204451	154.345	0.839153	0
13.1147	0.0202796	155.079	0.838472	0
13.0763	0.0199773	154.445	0.839153	0
12.9926	0.0199378	153.862	0.805423	0
12.9488	0.0202796	155.379	0.833361	0
12.9443	0.0201572	152.577	0.83268	0
12.9314	0.0200623	153.228	0.853122	0
12.8617	0.0200595	153.411	0.819392	0
12.8087	0.019577	154.112	0.850056	0
12.827	0.0197865	153.311	0.839153	0
12.7914	0.0193849	154.412	0.829613	0
12.7419	0.0196806	152.294	0.830636	0
12.7362	0.019764	153.595	0.853122	0
12.7255	0.02012	154.012	0.849715	0
12.6913	0.0194783	151.877	0.830976	0
12.6625	0.0197889	152.51	0.841197	0
12.6572	0.0194783	151.56	0.843582	0
12.6568	0.0199096	151.626	0.829613	0
12.6054	0.0193743	151.726	0.841879	0
12.5775	0.0195503	153.328	0.848693	0
12.5918	0.0196545	152.861	0.840857	0
12.5403	0.0192553	151.193	0.802016	0
12.508	0.0195674	152.21	0.826888	0
12.5178	0.0192765	151.91	0.839494	0
12.47	0.0192964	151.376	0.834724	0
12.4494	0.0189043	151.376	0.821437	0
12.4644	0.0188413	150.209	0.840857	0
12.4738	0.0191967	151.493	0.838131	0
12.4698	0.0194344	150.359	0.827569	0
12.4252	0.0195085	152.51	0.831998	0
12.3733	0.0192159	149.758	0.811897	0
12.347	0.019529	150.292	0.827228	0
12.3549	0.0189439	152.877	0.865387	0
12.3458	0.019027	150.425	0.8521	0
12.2917	0.0191784	150.776	0.822118	0
12.2659	0.0185411	151.46	0.818711	0
12.2965	0.0193747	151.61	0.844945	0
12.3047	0.0190271	151.893	0.835405	0
12.2564	0.0190948	151.009	0.831658	0
12.2543	0.0187816	148.707	0.810193	0
12.2758	0.0195083	149.725	0.816326	0
12.2456	0.0188688	151.91	0.823481	0
12.205	0.0186371	151.026	0.84733	0
12.2044	0.018498	152.027	0.84733	0
12.2071	0.0185914	150.075	0.835065	0
12.1973	0.0189521	151.776	0.830636	0
12.1667	0.0183475	150.459	0.848011	0
12.1333	0.0188772	150.509	0.816326	0
12.1633	0.0189334	151.493	0.856529	0
12.1771	0.019441	150.642	0.831317	0
12.1474	0.0189236	150.926	0.848011	0
12.1297	0.0185767	150.409	0.836768	0
12.1245	0.0187064	149.942	0.826206	0
12.1221	0.0185548	150.425	0.825184	0
12.1405	0.0185962	151.443	0.824844	0
12.1236	0.0185991	149.475	0.829613	0
12.0941	0.0186565	150.325	0.827228	0
12.0632	0.0185049	150.259	0.834043	0
12.0516	0.01806	150.342	0.835065	0
12.0661	0.0185871	148.974	0.821437	0
12.0217	0.0187131	148.807	0.821096	0
12.0146	0.0187965	150.842	0.821437	0
12.063	0.0179004	150.642	0.833361	0
12.0484	0.0189178	148.724	0.842219	0
12.0229	0.0183508	148.49	0.819392	0
12.0356	0.0188109	149.775	0.807468	0
12.0199	0.0188587	150.058	0.831317	0
11.9674	0.0187209	150.225	0.843923	0
11.9718	0.0181794	149.591	0.819052	0
11.9947	0.0181753	150.275	0.834043	0
11.9703	0.0189354	149.908	0.825184	0
11.9635	0.0184604	149.741	0.849034	0
11.9551	0.0186992	149.842	0.843923	0
11.941	0.0185878	150.225	0.835405	0
11.9462	0.0184874	148.707	0.84256	0
11.9496	0.0180688	148.957	0.837109	0
11.935	0.0186688	150.092	0.820755	0
11.9218	0.0178182	148.924	0.816667	0
11.9247	0.0182953	148.674	0.820074	0
11.9366	0.0186378	149.074	0.820414	0
11.9287	0.018613	149.408	0.822799	0
11.8976	0.0185928	148.173	0.817348	0
11.8878	0.0185355	150.275	0.845286	0
11.8796	0.0189368	149.024	0.853463	0
11.8583	0.0182065	148.724	0.826547	0
11.8744	0.0181063	149.992	0.840516	0
11.8724	0.0180752	148.874	0.835746	0
11.8567	0.0183182	148.741	0.825525	0
11.8685	0.0179006	150.959	0.823821	0
11.8921	0.0185739	150.759	0.829954	0
11.894	0.0184004	149.308	0.834724	0
11.8601	0.0183165	149.341	0.838812	0
11.8435	0.0177363	148.657	0.815645	0
11.8309	0.0185531	149.141	0.838812	0
11.8492	0.0186436	148.907	0.840516	0
11.8694	0.0178592	149.058	0.840516	0
11.8312	0.0180048	148.841	0.828251	0
11.8488	0.0180545	149.158	0.821777	0
11.8736	0.0182658	149.992	0.831658	0
11.83	0.0188189	150.142	0.850396	0
11.8037	0.0182343	147.773	0.82314	0
11.8359	0.0181528	150.642	0.821096	0
11.8364	0.0177624	148.557	0.831317	0
11.7897	0.0178493	148.974	0.819052	0
11.7831	0.0186955	149.024	0.829613	0
11.8171	0.0179309	149.541	0.830976	0
11.8392	0.0180849	148.724	0.823481	0
11.8225	0.0183088	148.057	0.809512	0
11.8069	0.0183457	148.157	0.840175	0
11.7952	0.0183039	148.057	0.836427	0
11.7853	0.0187635	148.44	0.822459	0
11.7592	0.0180472	149.274	0.847671	0
11.7531	0.0179667	149.291	0.831317	0
11.7724	0.0187099	147.173	0.834043	0
11.7634	0.0179878	149.558	0.815304	0
11.7539	0.0184485	148.374	0.82791	0
11.7704	0.0184037	149.108	0.820755	0
11.7811	0.0180016	148.724	0.82791	0
11.7601	0.0176911	149.425	0.841879	0
11.7547	0.0178218	148.991	0.820074	0
11.7609	0.0182443	147.84	0.824844	0
11.737	0.0181381	149.174	0.830636	0
11.7362	0.0179053	149.625	0.824844	0
11.7558	0.0184878	150.175	0.813941	0
11.7339	0.0182403	148.173	0.836427	0
11.739	0.0181833	149.358	0.835405	0
11.7591	0.0177462	149.391	0.833361	0
11.721	0.0175437	147.389	0.829613	0
11.7035	0.0179362	151.243	0.815304	0
11.7227	0.0180753	148.424	0.837109	0
11.7094	0.0179413	146.956	0.838812	0
11.696	0.0183302	147.907	0.827228	0
11.7096	0.018668	149.892	0.829613	0
11.7042	0.0182079	148.557	0.842219	0
11.6876	0.0181181	149.608	0.83745	0
11.6876	0.0182903	146.922	0.822118	0
11.6891	0.0181616	149.241	0.816667	0
11.6778	0.0179392	148.023	0.844945	0
11.6677	0.018082	148.457	0.825184	0
11.6646	0.0181602	147.406	0.829954	0
11.6692	0.0177367	148.04	0.829613	0
11.6669	0.017641	149.425	0.838812	0
11.6781	0.0179614	148.073	0.833702	0
11.6983	0.0179511	149.374	0.810193	0
11.6871	0.0179609	149.258	0.82314	0
11.6586	0.0181614	147.506	0.831317	0
11.664	0.0177304	151.226	0.841879	0
11.6706	0.0180884	147.356	0.840857	0
11.6167	0.0179995	148.407	0.831317	0
11.6088	0.0181269	147.089	0.835065	0
11.6327	0.0178769	148.357	0.861299	0
11.6146	0.018382	148.574	0.830636	0
11.6237	0.018094	147.923	0.836087	0
11.6489	0.0183167	149.141	0.813941	0
11.6165	0.0179866	148.874	0.83779	0
11.6028	0.017564	148.224	0.835405	0
11.6304	0.0180766	148.707	0.810534	0
11.6189	0.0175493	148.023	0.846308	0
11.5971	0.0177907	149.141	0.844604	0
11.6144	0.0178141	149.374	0.846989	0
11.6258	0.0176162	149.024	0.820414	0
11.6004	0.017818	148.09	0.827228	0
11.5808	0.0179631	147.156	0.83268	0
11.6032	0.0182651	149.725	0.841879	0
11.6121	0.0177407	147.723	0.834383	0
11.5967	0.0177705	147.99	0.8136	0
11.5909	0.0180027	150.158	0.831317	0
11.5766	0.0175649	147.69	0.829273	0
11.588	0.0175025	148.04	0.853122	0
11.6138	0.0181417	149.108	0.814282	0
11.5964	0.0178008	148.757	0.839153	0
11.5908	0.0183101	147.59	0.840516	0
11.6113	0.0183637	148.54	0.83302	0
11.5997	0.017715	147.406	0.830636	0
11.5875	0.0182145	149.191	0.84733	0
11.5958	0.0179063	147.94	0.817007	0
11.5957	0.01752	149.658	0.819392	0
11.6039	0.0184536	149.041	0.825866	0
11.5969	0.0179557	147.957	0.827228	0
11.5974	0.0179182	150.826	0.833702	0
11.6031	0.0180953	147.59	0.816326	0
11.5765	0.0182229	147.556	0.833702	0
11.5541	0.0180087	147.79	0.83779	0
11.5766	0.0180573	148.824	0.820755	0
11.6028	0.017709	147.79	0.842219	0
11.5844	0.0186493	147.206	0.817007	0
11.561	0.0181923	148.841	0.831317	0
11.5631	0.0180851	148.524	0.82791	0
11.5807	0.0174154	148.173	0.829613	0
11.5836	0.0179747	148.574	0.851759	0
11.5696	0.0181263	148.874	0.841879	0
11.5518	0.0179669	148.34	0.810193	0
11.5624	0.0176813	148.357	0.810875	0
11.568	0.0181809	148.324	0.812919	0
11.574	0.018038	147.907	0.831998	0
11.5761	0.0176301	148.34	0.849374	0
11.5588	0.0178771	149.008	0.841197	0
11.5531	0.0183059	147.189	0.835746	0
11.5635	0.0181066	149.008	0.816326	0
11.5663	0.0181053	147.923	0.830295	0
11.5548	0.0180688	148.574	0.81837	0
11.5735	0.0182205	148.457	0.821437	0
11.5728	0.0179633	147.857	0.848352	0
11.5534	0.0175047	149.892	0.846649	0
11.5403	0.0180424	148.974	0.824162	0
11.5354	0.0179253	148.857	0.831658	0
11.5615	0.018333	147.907	0.827228	0
11.5569	0.0176863	147.59	0.841538	0
11.5537	0.0181417	148.123	0.84256	0
11.5639	0.0184102	147.506	0.828251	0
11.5513	0.0181642	147.623	0.841538	0
11.553	0.0179852	148.007	0.845286	0
11.5573	0.0176039	148.257	0.839835	0
11.5341	0.0179965	146.989	0.836768	0
11.5131	0.0179568	146.706	0.821437	0
11.5058	0.0180445	146.822	0.831317	0
11.5292	0.0180052	146.956	0.852441	0
11.5346	0.0179016	147.69	0.811897	0
11.4946	0.0176424	147.523	0.833361	0
11.5042	0.0180211	147.456	0.831658	0
11.5193	0.0176181	149.074	0.851078	0
11.5279	0.0178165	148.741	0.834043	0
11.5343	0.0174372	148.374	0.814282	0
11.5289	0.0174942	148.023	0.825184	0
11.5302	0.0178296	147.873	0.821777	0
11.5158	0.0176937	147.573	0.833702	0
11.5117	0.0178926	149.308	0.824503	0
11.525	0.0178483	147.923	0.821437	0
11.5147	0.0173938	149.091	0.844604	0
11.5086	0.0176898	146.606	0.82791	0
11.5067	0.0181467	148.39	0.835065	0
11.5154	0.0181994	148.941	0.835065	0
11.5151	0.0176199	147.79	0.834383	0
11.5188	0.0174443	149.741	0.85687	0
11.5468	0.0181824	148.657	0.830636	0
11.5322	0.0181653	148.774	0.836087	0
11.5024	0.0178194	147.89	0.840516	0
11.496	0.0178347	148.641	0.837109	0
11.515	0.0180207	148.123	0.838131	0
11.5324	0.01778	148.991	0.817348	0
11.5322	0.0175983	149.058	0.810875	0
11.5352	0.0177387	148.073	0.820755	0
11.4929	0.0177115	147.79	0.823481	0
11.4715	0.0180726	148.19	0.843242	0
11.5113	0.0184107	148.274	0.818029	0
11.5177	0.017956	149.475	0.824162	0
11.4962	0.0179649	148.274	0.829954	0
11.4847	0.0181242	147.773	0.819052	0
11.4823	0.0178506	148.19	0.823481	0
11.4923	0.0180129	146.689	0.829613	0
11.4954	0.0181725	147.306	0.813941	0
11.5059	0.0177968	148.424	0.826888	0
11.5009	0.0178974	146.822	0.824844	0
11.4991	0.0177891	148.073	0.839494	0
11.4964	0.0182827	146.489	0.834383	0
11.4767	0.0180335	148.841	0.809171	0
11.4919	0.0177952	149.158	0.828251	0
11.5101	0.0181208	147.656	0.851759	0
11.4883	0.0179051	148.19	0.831998	0
11.4768	0.018195	147.323	0.836087	0
11.5036	0.018012	147.273	0.822459	0
11.4982	0.0181633	146.956	0.826888	0
11.4881	0.0179259	148.524	0.819733	0
11.5032	0.0180109	147.923	0.825525	0
11.4998	0.0182791	147.473	0.83779	0
11.4824	0.0179719	147.089	0.816667	0
11.4865	0.0179064	147.59	0.818711	0
11.4961	0.0180456	147.473	0.849034	0
11.5013	0.0182326	149.625	0.822118	0
11.5198	0.0176979	148.007	0.83302	0
11.509	0.0182406	148.607	0.829613	0
11.4825	0.0182071	147.356	0.837109	0
11.4699	0.0179572	148.407	0.825184	0
11.4841	0.0178143	148.874	0.856188	0
11.5024	0.0176963	146.989	0.835405	0
11.4777	0.0175916	147.84	0.839494	0
11.4742	0.0183227	148.007	0.814963	0
11.5044	0.0182053	146.989	0.831998	0
11.4983	0.0185505	147.256	0.835746	0
11.492	0.0179177	148.891	0.806786	0
11.4961	0.0177328	147.623	0.825866	0
11.4655	0.0180119	147.506	0.833361	0
11.4646	0.0175943	148.474	0.808149	0
11.4926	0.0179334	149.641	0.836087	0
11.4769	0.0179135	147.706	0.818029	0
11.4772	0.0180751	146.839	0.853803	0
11.4853	0.0177869	146.989	0.820414	0
11.4704	0.0179574	147.706	0.853463	0
11.439	0.0181741	146.539	0.848352	0
11.4366	0.0179231	148.907	0.838131	0
11.484	0.0182195	147.306	0.811556	0
11.4831	0.018161	147.456	0.839153	0
11.4338	0.0177781	146.806	0.812238	0
11.442	0.0174902	147.506	0.833361	0
11.477	0.0179538	148.49	0.843242	0
11.468	0.0181452	147.089	0.827569	0
11.4629	0.0179078	148.557	0.823821	0
11.4691	0.0176513	147.306	0.822118	0
11.4796	0.0178171	146.672	0.817348	0
11.4828	0.017883	148.44	0.824503	0
11.448	0.0177882	147.873	0.811897	0
11.4253	0.0176384	147.139	0.83268	0
11.4461	0.0179119	149.508	0.845967	0
11.4675	0.0174132	149.091	0.815985	0
11.4543	0.0179652	148.691	0.842219	0
11.4418	0.0182022	146.839	0.82791	0
11.4647	0.0175288	147.49	0.805083	0
11.4606	0.0175398	148.707	0.844945	0
11.4422	0.0178305	146.522	0.837109	0
11.4546	0.01835	148.907	0.831317	0
11.4825	0.018203	146.956	0.842219	0
11.4728	0.0181365	147.69	0.830295	0
11.4405	0.0177308	148.957	0.845626	0
11.4387	0.0177195	147.223	0.840175	0
11.4572	0.0178434	148.057	0.855166	0
11.465	0.0174596	148.891	0.834724	0
11.4355	0.0176198	147.273	0.827228	0
11.4254	0.017796	147.89	0.826888	0
11.4527	0.0181035	146.572	0.83268	0
11.4345	0.0181039	149.741	0.828591	0
11.4087	0.0176161	147.423	0.814282	0
11.4525	0.0177604	149.575	0.842219	0
11.469	0.0174179	148.49	0.835405	0
11.4233	0.0176266	148.19	0.830295	0
11.446	0.0176726	146.906	0.849374	0
11.4728	0.0177791	146.922	0.829954	0
11.4446	0.018011	148.324	0.835405	0
11.4266	0.0181595	146.472	0.820755	0
11.4472	0.0178652	147.373	0.838472	0
11.4406	0.0173811	146.672	0.83302	0
11.4089	0.017543	147.073	0.826547	0
11.4259	0.0178431	147.74	0.823821	0
11.457	0.0177778	148.157	0.800994	0
11.4369	0.0180631	148.274	0.839835	0
11.4063	0.0176127	148.424	0.827569	0
11.4324	0.0178104	149.024	0.828251	0
11.4555	0.0180706	147.123	0.822118	0
11.4464	0.0182478	146.038	0.819733	0
11.4266	0.0179794	146.622	0.828591	0
11.4313	0.0177048	146.789	0.846308	0
11.4528	0.0176978	147.656	0.826888	0
11.4309	0.0176917	147.69	0.818029	0
11.4095	0.0175169	149.041	0.839153	0
11.45	0.0177951	147.106	0.833702	0
11.4499	0.0178531	147.84	0.839153	0
11.4231	0.0178826	146.622	0.842901	0
11.4473	0.0175187	147.857	0.840175	0
11.4315	0.0178418	148.39	0.838472	0
11.412	0.0174641	148.607	0.828251	0
11.4705	0.0179999	148.557	0.844264	0
11.4574	0.0174252	147.857	0.826206	0
11.4291	0.0181627	147.189	0.834043	0
11.4754	0.0177028	148.307	0.855166	0
11.4501	0.018112	146.939	0.838131	0
11.4224	0.0180463	149.224	0.817348	0
11.4543	0.0178478	146.839	0.830976	0
11.4261	0.017556	147.606	0.831317	0
11.4227	0.0181131	149.425	0.819733	0
11.4651	0.0177189	146.355	0.828591	0
11.4293	0.0178402	148.507	0.822799	0
11.42	0.0173195	148.857	0.821777	0
11.4398	0.0179885	147.239	0.83268	0
11.4295	0.0177726	146.522	0.838472	0
11.4281	0.0183492	147.84	0.820074	0
11.4459	0.0178179	148.891	0.84256	0
11.4497	0.0183052	147.723	0.846649	0
11.4329	0.018328	145.738	0.831658	0
11.4298	0.0178094	146.005	0.843923	0
11.4324	0.0179227	147.273	0.853803	0
11.4265	0.0176281	146.956	0.829613	0
11.4362	0.0182455	146.255	0.827569	0
11.407	0.017798	146.822	0.83302	0
11.3935	0.0180303	145.805	0.817348	0
11.4388	0.0179129	148.224	0.825525	0
11.4475	0.0181078	147.623	0.82314	0
11.4157	0.0173437	147.089	0.833702	0
11.4231	0.0175525	147.59	0.80883	0
11.4396	0.0176445	147.039	0.830295	0
11.4342	0.0181567	147.756	0.829273	0
11.4403	0.0174105	148.023	0.840857	0
11.4414	0.0180411	147.006	0.80883	0
11.4228	0.0177473	147.673	0.82314	0
11.425	0.0177947	147.773	0.845626	0
11.4323	0.0178307	148.274	0.834383	0
11.4142	0.0182929	147.339	0.825525	0
11.4235	0.0180121	147.223	0.835065	0
11.4233	0.0182307	146.589	0.835065	0
11.3836	0.0178602	146.822	0.835065	0
11.3977	0.0180614	147.723	0.833702	0
11.4104	0.0186177	147.656	0.830295	0
11.385	0.0178349	146.972	0.830295	0
11.3874	0.0181048	147.089	0.834724	0
11.4067	0.0181523	147.339	0.834724	0
11.4031	0.017839	148.34	0.820755	0
11.3897	0.0182412	147.223	0.828591	0
11.4073	0.0177277	149.374	0.845626	0
11.429	0.0180139	146.405	0.841197	0
11.418	0.0182137	147.773	0.838131	0
11.4064	0.0180534	147.79	0.831658	0
11.391	0.0180489	146.822	0.831317	0
11.3913	0.01719	148.674	0.829273	0
11.4013	0.0176313	147.69	0.841879	0
11.4033	0.0174595	145.104	0.830976	0
11.4068	0.0181106	148.957	0.838812	0
11.3884	0.0179618	147.99	0.844945	0
11.373	0.0180398	147.223	0.819392	0
11.3849	0.0176747	147.94	0.830636	0
11.4055	0.0177939	147.69	0.820414	0
11.4135	0.0175064	147.74	0.835065	0
11.4328	0.0177392	148.574	0.83302	0
11.4195	0.0179163	146.422	0.826888	0
11.3729	0.0180924	146.722	0.826888	0
11.3946	0.0180281	146.972	0.831658	0
11.4462	0.0177772	148.424	0.819392	0
11.4308	0.0182467	146.439	0.833702	0
11.4142	0.0180977	147.807	0.829613	0
11.4132	0.0177309	147.99	0.840857	0
11.4074	0.0178552	147.723	0.833361	0
11.4065	0.0179262	147.606	0.837109	0
11.4193	0.0173662	146.522	0.843923	0
11.4268	0.018019	146.622	0.824503	0
11.436	0.0181819	147.49	0.836087	0
11.4378	0.0176786	147.673	0.829613	0
11.4046	0.0177527	147.023	0.831317	0
11.4063	0.0183431	147.89	0.845967	0
11.4082	0.0175394	147.706	0.82314	0
11.4168	0.0176595	149.041	0.845626	0
11.4235	0.0177604	148.891	0.826206	0
11.4112	0.0178319	147.84	0.835746	0
11.3825	0.017803	147.706	0.823821	0
11.3853	0.0174648	148.424	0.837109	0
11.4089	0.0174356	148.324	0.829273	0
11.4141	0.0176467	147.156	0.844264	0
11.3951	0.0179092	145.104	0.844604	0
11.3713	0.0179308	146.455	0.850396	0
11.3685	0.0179027	148.841	0.828591	0
11.393	0.0174969	148.674	0.839153	0
11.4053	0.0180519	147.339	0.816326	0
11.3863	0.0179492	147.44	0.825866	0
11.4066	0.0176314	147.74	0.825184	0
11.4333	0.0176046	148.707	0.83779	0
11.413	0.0180271	147.306	0.841538	0
11.3934	0.0176205	146.138	0.831658	0
11.3873	0.0178574	148.574	0.816667	0
11.3806	0.0180042	146.822	0.832339	0
11.3931	0.0176731	147.823	0.826206	0
11.4011	0.0177411	148.407	0.799972	0
11.3947	0.0179226	147.873	0.821096	0
11.3896	0.017651	148.057	0.846308	0
11.4064	0.0181736	148.39	0.833361	0
11.4231	0.0179375	146.756	0.833361	0
11.4009	0.0179722	147.973	0.846308	0
11.3899	0.01811	148.307	0.827569	0
11.4111	0.0178427	146.772	0.843582	0
11.4048	0.017329	148.424	0.835405	0
11.3939	0.0171575	147.606	0.830636	0
11.3883	0.0176524	147.756	0.829273	0
11.3925	0.0179823	148.607	0.830295	0
11.4049	0.0181479	148.507	0.826206	0
11.4053	0.0176543	146.005	0.833702	0
11.3736	0.0174147	146.439	0.838131	0
11.3907	0.0177093	148.157	0.816667	0
11.3823	0.0174419	147.256	0.814622	0
11.3576	0.0180084	146.622	0.831658	0
11.4072	0.0182796	147.957	0.831658	0
11.4059	0.0174067	148.107	0.820755	0
11.3745	0.017625	147.84	0.843242	0
11.3852	0.0175179	149.341	0.833702	0
11.3905	0.017965	146.289	0.817007	0
11.3926	0.0174543	147.506	0.833361	0
11.3848	0.017721	146.639	0.842219	0
11.3859	0.01776	147.79	0.835065	0
11.3977	0.0179299	146.372	0.807808	0
11.383	0.0180834	148.641	0.821437	0
11.378	0.0177203	148.674	0.839153	0
11.41	0.0177394	147.957	0.832339	0
11.4073	0.0175046	148.274	0.823821	0
11.3931	0.017764	147.356	0.833361	0
11.3944	0.0179023	146.922	0.844945	0
11.3924	0.0174116	148.674	0.838472	0
11.406	0.0176723	146.289	0.815645	0
11.3992	0.0180861	147.406	0.835065	0
11.4051	0.0179487	147.473	0.830295	0
11.4233	0.0179565	148.54	0.829273	0
11.3852	0.0182799	147.44	0.825525	0
11.3706	0.0178058	147.373	0.813941	0
11.3819	0.0181256	148.44	0.816326	0
11.3534	0.0177243	148.173	0.828932	0
11.3553	0.0176193	148.49	0.825184	0
11.3856	0.0177536	146.906	0.824503	0
11.3718	0.0179877	147.723	0.83745	0
11.3762	0.0178827	148.457	0.837109	0
11.3961	0.0176796	148.173	0.836768	0
11.3779	0.0175356	146.355	0.814963	0
11.3655	0.0174565	148.09	0.831317	0
11.3713	0.0177551	148.257	0.828251	0
11.382	0.0175759	148.891	0.81837	0
11.4053	0.0179188	148.44	0.829954	0
11.4078	0.0178047	147.273	0.854825	0
11.3968	0.0181945	147.94	0.818029	0
11.3983	0.0179782	147.54	0.828251	0
11.3709	0.018318	146.789	0.819052	0
11.3762	0.017774	147.69	0.830636	0
11.4169	0.0180672	146.672	0.827228	0
11.3744	0.0180908	146.239	0.805423	0
11.3398	0.017674	147.723	0.825525	0
11.3939	0.0175794	149.058	0.842901	0
11.3981	0.0177955	146.622	0.828251	0
11.376	0.0177007	146.906	0.833361	0
11.3709	0.0172799	147.656	0.842219	0
11.3585	0.0177097	147.957	0.836427	0
11.388	0.0177761	147.606	0.827569	0
11.4253	0.0178503	148.907	0.818029	0
11.3873	0.0172069	146.138	0.827569	0
11.358	0.0175924	147.807	0.805083	0
11.406	0.0178802	146.839	0.796224	0
11.4098	0.0176562	147.473	0.856529	0
11.3549	0.0176094	146.389	0.853803	0
11.3683	0.0172904	148.557	0.824503	0
11.4221	0.0177587	147.44	0.824844	0
11.3858	0.017777	146.739	0.833702	0
11.3612	0.0176209	147.023	0.82791	0
11.3853	0.0173094	148.09	0.819052	0
11.3851	0.0175492	147.206	0.856529	0
11.3749	0.0177551	147.84	0.820755	0
11.3791	0.0176845	145.955	0.835065	0
11.3905	0.0175239	149.842	0.849034	0
11.3961	0.0176202	147.506	0.844604	0
11.3734	0.0176661	147.823	0.836087	0
11.3679	0.0178479	149.191	0.841197	0
11.3879	0.0172599	148.907	0.850056	0
11.3559	0.0177466	146.922	0.811556	0
11.3399	0.0178759	147.973	0.824162	0
11.3858	0.018062	148.924	0.844604	0
11.4162	0.0176929	146.839	0.829273	0
11.3835	0.0178012	147.273	0.817348	0
11.3524	0.0176729	148.857	0.831658	0
11.3676	0.017878	147.006	0.827228	0
11.368	0.017753	147.073	0.83268	0
11.3394	0.0175229	147.223	0.823821	0
11.3528	0.0178518	147.289	0.815304	0
11.3742	0.0174281	148.54	0.82791	0
11.3729	0.017862	147.94	0.83779	0
11.3751	0.0175421	149.008	0.824844	0
11.365	0.0172951	147.406	0.820755	0
11.3765	0.0181213	148.741	0.832339	0
11.3762	0.0178648	145.872	0.83779	0
11.3801	0.017957	148.54	0.813941	0
11.39	0.0176635	146.555	0.830295	0
11.3663	0.0177073	148.157	0.826547	0
11.3737	0.0180971	146.255	0.829954	0
11.3911	0.0175768	147.673	0.843242	0
11.3823	0.0177013	147.99	0.821096	0
11.3833	0.0177658	149.374	0.846989	0
11.3804	0.0178438	145.738	0.835746	0
11.3753	0.0177641	147.139	0.836427	0
11.3954	0.0182258	147.656	0.826547	0
11.388	0.0175749	146.472	0.840516	0
11.3616	0.0176009	149.024	0.835065	0
11.3833	0.0178837	147.356	0.840857	0
11.3981	0.0174669	146.956	0.815985	0
11.3782	0.0176991	148.407	0.829613	0
11.381	0.0179628	147.023	0.840175	0
11.3832	0.0176803	149.158	0.829273	0
11.3732	0.0179606	147.49	0.857892	0
11.3591	0.0177421	148.274	0.841538	0
11.38	0.0172932	147.239	0.84256	0
11.383	0.017817	147.723	0.815645	0
11.3681	0.0177578	149.741	0.82314	0
11.3591	0.0178171	147.389	0.835065	0
11.3566	0.0173764	147.54	0.836768	0
11.3635	0.017249	147.807	0.829273	0
11.3756	0.017573	147.039	0.822799	0
11.3785	0.0175941	146.956	0.803379	0
11.3565	0.0177501	148.357	0.834043	0
11.368	0.0179525	146.405	0.838131	0
11.3774	0.0179249	146.822	0.843242	0
11.3643	0.0176467	146.289	0.819733	0
11.3742	0.0177182	147.84	0.836087	0
11.3798	0.018174	147.49	0.82314	0
11.3744	0.0176361	147.189	0.820755	0
11.3693	0.0178717	147.006	0.825866	0
11.3671	0.017874	147.706	0.818711	0
11.3555	0.0175875	148.257	0.835746	0
11.3633	0.0175475	146.889	0.840857	0
11.3766	0.0178134	148.107	0.819052	0
11.3759	0.017553	146.756	0.830636	0
11.3576	0.0176801	146.689	0.822118	0
11.3461	0.0175201	147.94	0.82314	0
11.3636	0.0176423	146.789	0.834043	0
11.3772	0.0178529	146.739	0.816326	0
11.3634	0.0178063	147.156	0.829613	0
11.3591	0.0181515	147.69	0.836427	0
11.3637	0.0176007	147.94	0.8136	0
11.3641	0.0180594	148.09	0.857551	0
11.3581	0.0182177	147.94	0.823481	0
11.3608	0.01779	145.605	0.805083	0
11.3629	0.0176636	147.573	0.837109	0
11.3689	0.0178856	148.057	0.83779	0
11.3704	0.0174515	147.073	0.824503	0
11.3657	0.0173302	147.957	0.835065	0
11.3637	0.0181419	145.121	0.822799	0
11.3442	0.0176571	147.89	0.822799	0
11.3584	0.0178008	146.055	0.820074	0
11.3635	0.0176533	147.323	0.831998	0
11.3427	0.0177978	146.739	0.826888	0
11.3533	0.0174394	146.922	0.814622	0
11.3702	0.017955	147.606	0.820414	0
11.3595	0.0178445	147.206	0.839153	0
11.357	0.0179526	147.556	0.847671	0
11.3799	0.017451	147.79	0.843242	0
11.3768	0.0180111	147.456	0.811215	0
11.3484	0.017453	146.489	0.834724	0
11.3632	0.0177295	146.922	0.837109	0
11.3786	0.017801	147.106	0.835065	0
11.3839	0.0182188	147.857	0.830636	0
11.3787	0.0180026	147.356	0.823481	0
11.3694	0.0179936	146.222	0.839153	0
11.3876	0.0178398	147.373	0.838472	0
11.3758	0.0178213	146.689	0.825184	0
11.3594	0.0178775	147.69	0.837109	0
11.3818	0.0178555	146.822	0.817348	0
11.3715	0.0178461	147.523	0.819052	0
11.323	0.0177416	145.855	0.817348	0
11.3294	0.0175963	146.706	0.821777	0
11.3877	0.0177473	147.206	0.824503	0
11.398	0.0179077	147.706	0.810193	0
11.3332	0.017276	146.772	0.826206	0
11.3352	0.0178076	148.007	0.838812	0
11.3802	0.0181138	147.907	0.829954	0
11.3716	0.0181729	145.755	0.819392	0
11.3805	0.017619	145.788	0.840857	0
11.3504	0.0174343	146.889	0.83268	0
11.328	0.0176541	147.923	0.810193	0
11.3766	0.0177291	147.923	0.83268	0
11.3688	0.0182133	146.772	0.819052	0
11.3403	0.017814	148.557	0.833361	0
11.3631	0.0177428	148.357	0.818029	0
11.3727	0.017896	147.907	0.813941	0
11.3573	0.0182115	147.89	0.825525	0
11.3737	0.0182896	147.289	0.816667	0
11.3826	0.0178693	147.289	0.831658	0
11.356	0.0179585	147.79	0.827569	0
11.341	0.0172919	147.907	0.819392	0
11.3609	0.0178431	147.857	0.819392	0
11.3811	0.0176755	146.522	0.852441	0
11.3765	0.0177899	147.306	0.828591	0
11.373	0.0176332	146.672	0.855166	0
11.371	0.0172046	148.941	0.827228	0
11.379	0.017538	147.74	0.805423	0
11.3656	0.0176397	148.674	0.825866	0
11.3582	0.0173186	147.073	0.824844	0
11.3632	0.017201	145.671	0.839153	0
11.366	0.0179464	149.174	0.822799	0
11.3709	0.017584	147.023	0.818029	0
11.3565	0.018065	147.773	0.822118	0
11.3526	0.0178201	147.006	0.838131	0
11.3446	0.0180424	146.572	0.829613	0
11.3443	0.0178902	147.907	0.820414	0
11.365	0.0176407	147.189	0.823821	0
11.3831	0.0177568	147.89	0.829613	0
11.3816	0.0176892	146.739	0.810534	0
11.3808	0.0175228	146.072	0.817689	0
11.3764	0.0178505	148.524	0.851418	0
11.345	0.0177364	147.406	0.83302	0
11.3335	0.0180303	149.274	0.833702	0
11.3686	0.0178548	146.639	0.826206	0
11.3773	0.0181249	147.006	0.840516	0
11.3499	0.0173937	147.339	0.820414	0
11.3474	0.018045	148.274	0.837109	0
11.3648	0.0178357	147.089	0.824844	0
11.3474	0.0175385	148.04	0.817348	0
11.3453	0.0177309	148.924	0.823481	0
11.3619	0.0179342	148.09	0.83268	0
11.3518	0.0180947	148.49	0.824162	0
11.3332	0.0177153	147.239	0.834724	0
11.3714	0.017989	149.475	0.85721	0
11.3803	0.0174695	146.939	0.835405	0
11.3362	0.0176823	147.456	0.821777	0
11.3446	0.0176413	148.307	0.828932	0
11.3735	0.0175686	146.739	0.831317	0
11.3845	0.0173347	147.006	0.867091	0
11.3726	0.0176788	147.623	0.83302	0
11.3518	0.0179822	146.806	0.843582	0
11.3429	0.017506	147.206	0.824844	0
11.3547	0.0179244	148.49	0.819733	0
11.3288	0.017786	147.139	0.816326	0
11.3334	0.0175846	146.439	0.809853	0
11.3741	0.0179152	147.256	0.842219	0
11.3626	0.0173944	147.423	0.830636	0
11.344	0.0175839	147.123	0.837109	0
11.3493	0.0173988	147.306	0.829954	0
11.3472	0.0177134	147.006	0.850737	0
11.3612	0.0176109	147.773	0.846649	0
11.3685	0.0177108	146.806	0.809171	0
11.3642	0.0182182	147.706	0.844604	0
11.3865	0.0174021	147.223	0.850737	0
11.363	0.0176074	147.523	0.835405	0
11.317	0.0174312	145.988	0.841879	0
11.3357	0.0174774	148.057	0.836087	0
11.3588	0.0179325	146.555	0.841879	0
11.3519	0.0178425	147.857	0.804401	0
11.345	0.0169705	146.689	0.824162	0
11.3484	0.0182548	146.739	0.829613	0
11.3723	0.0175489	148.057	0.835405	0
11.3593	0.018065	148.891	0.815304	0
11.3498	0.017888	148.09	0.79895	0
11.3546	0.0178342	146.756	0.827569	0
11.3617	0.0175282	147.54	0.822118	0
11.3653	0.0182423	148.023	0.843923	0
11.3552	0.0178865	146.389	0.840857	0
11.3571	0.018009	147.323	0.843582	0
11.3874	0.0180162	148.707	0.829273	0
11.3766	0.0177687	148.49	0.821777	0
11.3375	0.0176239	146.222	0.830295	0
11.3571	0.0180218	147.456	0.832339	0
11.3706	0.0179622	148.741	0.817007	0
11.3563	0.0172756	147.756	0.849034	0
11.3386	0.0174976	146.222	0.826547	0
11.3466	0.0178058	147.79	0.83302	0
11.3553	0.0176729	149.108	0.835746	0
11.3368	0.0179345	147.256	0.839153	0
11.3418	0.0181541	147.289	0.810534	0
11.361	0.0177239	147.957	0.830636	0
11.3671	0.0176081	147.923	0.853803	0
11.3582	0.0180572	146.889	0.834724	0
11.3425	0.0175459	146.339	0.835746	0
11.3244	0.01772	147.556	0.837109	0
11.3271	0.0175726	146.939	0.841538	0
11.3327	0.0176347	148.023	0.823821	0
11.345	0.0175033	148.974	0.825184	0
11.3605	0.0172959	147.523	0.811556	0
11.3302	0.0181426	148.357	0.844945	0
11.3166	0.0176243	147.907	0.824844	0
11.3276	0.0176616	148.04	0.83302	0
11.34	0.0177602	147.306	0.820074	0
11.3412	0.0177319	146.872	0.831998	0
11.3474	0.017853	147.156	0.818711	0
11.356	0.0179314	147.44	0.829954	0
11.3496	0.0177124	146.939	0.807808	0
11.3786	0.0176292	148.991	0.83302	0
11.4057	0.0176968	149.425	0.831317	0
11.3733	0.017409	147.056	0.834724	0
11.3539	0.0177318	147.023	0.833361	0
11.3594	0.0178761	148.257	0.81326	0
11.3368	0.0175844	147.69	0.824503	0
11.3358	0.0178071	147.49	0.8136	0
11.3494	0.0176335	146.539	0.850737	0
11.3292	0.0172894	147.723	0.820755	0
11.3334	0.0172388	147.807	0.836768	0
11.3575	0.0177287	146.289	0.850396	0
11.3606	0.0174625	146.422	0.819392	0
11.3652	0.017444	148.641	0.840857	0
11.378	0.0177525	146.305	0.83302	0
11.3577	0.0176343	147.957	0.835746	0
11.3196	0.0181433	147.139	0.803039	0
11.3337	0.0176826	147.123	0.823481	0
11.3461	0.0178479	147.473	0.845626	0
11.3306	0.0176224	147.857	0.828932	0
11.3383	0.0181975	146.906	0.834724	0
11.343	0.0177484	147.356	0.845626	0
11.359	0.0179118	147.54	0.843923	0
11.3665	0.0174279	146.672	0.857892	0
11.3495	0.0181424	148.924	0.825525	0
11.3674	0.0178866	146.789	0.822118	0
11.3768	0.0176354	146.872	0.848011	0
11.3456	0.0179445	146.856	0.848011	0
11.3249	0.0178952	147.94	0.836768	0
11.3574	0.0173946	148.957	0.831658	0
11.3539	0.0177834	146.239	0.815304	0
11.3163	0.01797	148.307	0.841197	0
11.3486	0.017829	147.073	0.829954	0
11.392	0.0182865	147.206	0.872201	0
11.3607	0.0177818	148.39	0.840857	0
11.3377	0.0179697	147.106	0.81837	0
11.3429	0.0178159	147.189	0.845967	0
11.3414	0.0175205	147.807	0.832339	0
11.3645	0.0175393	145.922	0.838131	0
11.3631	0.0173962	148.324	0.834383	0
11.3377	0.0181452	148.34	0.838131	0
11.3568	0.0176826	146.255	0.825184	0
11.3622	0.0175048	149.308	0.840857	0
11.3379	0.017833	146.856	0.816326	0
11.342	0.0179134	149.324	0.827569	0
11.3597	0.0177581	146.522	0.849715	0
11.3609	0.0174194	147.506	0.83779	0
11.346	0.017984	148.957	0.865728	0
11.3457	0.0179604	148.29	0.830636	0
11.3689	0.0176541	147.99	0.833361	0
11.3476	0.0177993	148.324	0.835405	0
11.3286	0.017836	147.69	0.84256	0
11.3445	0.0177663	146.355	0.821777	0
11.3429	0.0175961	148.607	0.820755	0
11.3635	0.0178089	147.857	0.848693	0
11.3636	0.0181213	148.09	0.84256	0
11.3284	0.0181874	147.44	0.820074	0
11.3485	0.0177237	147.973	0.847671	0
11.3852	0.0170749	147.523	0.819052	0
11.3583	0.017641	147.573	0.835405	0
11.3391	0.0173908	147.473	0.815985	0
11.3582	0.0174145	148.357	0.820755	0
11.392	0.0178257	147.957	0.838131	0
11.3624	0.017595	147.456	0.825184	0
11.3208	0.0178683	147.473	0.807127	0
11.3788	0.0175232	147.556	0.819392	0
11.397	0.0178224	146.839	0.815304	0
11.3505	0.0177954	146.489	0.827228	0
11.3632	0.0176267	146.972	0.833361	0
11.3714	0.0176139	148.357	0.835065	0
11.3282	0.017354	147.823	0.83268	0
11.3332	0.0171714	148.157	0.835405	0
11.3697	0.0180263	147.89	0.833361	0
11.367	0.0176592	148.007	0.839494	0
11.3368	0.0178375	146.322	0.794862	0
11.3492	0.018107	145.922	0.826888	0
11.3495	0.017628	147.456	0.823481	0
11.3226	0.0175827	146.989	0.828251	0
11.3282	0.0177563	147.173	0.84733	0
11.3455	0.0177314	147.139	0.846308	0
11.339	0.017741	147.389	0.836768	0
11.3413	0.0178602	147.94	0.835405	0
11.3476	0.0180002	147.49	0.851078	0
11.3276	0.0176803	147.356	0.851418	0
11.3169	0.0177681	146.689	0.835065	0
11.3252	0.0179865	147.59	0.822118	0
11.3558	0.0176764	147.756	0.807808	0
11.3506	0.0175466	147.957	0.815304	0
11.3308	0.0177026	148.04	0.831998	0
11.3364	0.0176531	146.305	0.853122	0
11.3308	0.0177746	146.606	0.833361	0
11.3384	0.0177169	148.34	0.833702	0
11.3681	0.0177587	148.557	0.839153	0
11.3741	0.0185223	149.008	0.833361	0
11.3453	0.0178804	146.772	0.814963	0
11.3241	0.0178166	145.221	0.818711	0
11.3193	0.0176557	147.89	0.826206	0
11.3456	0.0177202	146.606	0.843242	0
11.3593	0.0174304	147.106	0.81837	0
11.3243	0.0175054	146.956	0.829273	0
11.3415	0.017898	147.189	0.833702	0
11.3611	0.0176991	148.19	0.83302	0
11.3167	0.017684	146.355	0.810193	0
11.3162	0.0174449	147.907	0.855848	0
11.3564	0.0176316	147.59	0.838472	0
11.3544	0.0176326	148.707	0.833361	0
11.3244	0.017711	146.956	0.831317	0
11.3365	0.0173962	147.223	0.835065	0
11.3456	0.0172958	147.79	0.846989	0
11.3198	0.0176516	148.073	0.856188	0
11.3493	0.0175992	148.257	0.836768	0
11.3772	0.0175858	147.189	0.843242	0
11.3402	0.0173164	147.123	0.819052	0
11.3287	0.0178453	148.057	0.84256	0
11.3491	0.0176718	146.956	0.839494	0
11.3543	0.0178291	147.356	0.840175	0
11.3426	0.0176371	146.639	0.831658	0
11.3222	0.0175566	147.006	0.844604	0
11.3306	0.0174866	149.758	0.834043	0
11.339	0.0173812	147.673	0.835746	0
11.3481	0.0179046	147.189	0.825184	0
11.3446	0.0176798	147.957	0.831658	0
11.3092	0.0177436	145.738	0.840857	0
11.3033	0.0175119	147.056	0.819733	0
11.3506	0.0184671	148.757	0.839153	0
11.3317	0.0174831	145.238	0.817348	0
11.3031	0.0176194	146.439	0.8136	0
11.3499	0.0178929	148.29	0.826888	0
11.3552	0.0175396	146.906	0.829273	0
11.3261	0.0175273	147.523	0.824162	0
11.3297	0.0178041	147.79	0.822459	0
11.337	0.0174675	148.274	0.827569	0
11.3577	0.0179139	147.656	0.838472	0
11.3469	0.0179312	147.723	0.846649	0
11.3395	0.0181276	147.039	0.833702	0
11.3388	0.0175939	145.621	0.829273	0
11.3294	0.0174719	146.939	0.817348	0
11.3521	0.017729	147.139	0.825184	0
11.3569	0.0176571	147.59	0.842901	0
11.3436	0.0169843	146.138	0.843582	0
11.3339	0.0175253	147.223	0.830636	0
11.3244	0.0176065	146.939	0.821777	0
11.3362	0.0180287	146.722	0.840857	0
11.3509	0.0179767	148.123	0.841538	0
11.3279	0.0177464	146.572	0.834724	0
11.3207	0.0180745	147.49	0.855166	0
11.3339	0.017865	146.372	0.848011	0
11.323	0.0177637	147.59	0.833361	0
11.3282	0.0177191	147.44	0.840516	0
11.3608	0.0169796	148.641	0.839835	0
11.3426	0.0176522	148.057	0.842219	0
11.3447	0.0177664	147.339	0.821096	0
11.3984	0.0176239	145.822	0.852781	0
11.4159	0.017962	147.99	0.830976	0
11.3634	0.0178849	147.673	0.826206	0
11.3415	0.0181525	146.138	0.829273	0
11.3615	0.017705	146.872	0.825866	0
11.3391	0.0174047	146.722	0.810193	0
11.3307	0.0172321	147.656	0.842219	0
11.345	0.0180072	148.991	0.814963	0
11.3384	0.0175512	147.84	0.848352	0
11.3686	0.0174576	146.389	0.83268	0
11.3797	0.0174321	149.224	0.834383	0
11.3413	0.0177119	147.54	0.817348	0
11.3401	0.0177763	146.072	0.834383	0
11.3456	0.0176001	147.523	0.839835	0
11.3559	0.0177888	148.324	0.83745	0
11.3595	0.0183197	146.606	0.848352	0
11.3337	0.0177922	146.739	0.828251	0
11.3105	0.0173355	146.489	0.842901	0
11.3114	0.0177875	147.373	0.822118	0
11.3493	0.0181627	147.79	0.838472	0
11.3485	0.0172984	147.206	0.825866	0
11.3115	0.0178525	148.374	0.816326	0
11.3219	0.0177009	148.107	0.827569	0
11.3612	0.0174998	148.757	0.841879	0
11.352	0.0172113	147.44	0.838472	0
11.3098	0.0178316	147.423	0.83302	0
11.3184	0.0173966	147.406	0.841538	0
11.3397	0.0174636	147.406	0.853463	0
11.3416	0.0176009	146.872	0.842901	0
11.3326	0.0181573	146.706	0.842219	0
11.3325	0.0179234	146.689	0.841879	0
11.3417	0.0179147	148.257	0.821777	0
11.3563	0.0181226	145.738	0.826888	0
11.3359	0.0181554	146.105	0.835405	0
11.3261	0.0177825	148.19	0.82791	0
11.3372	0.0177329	146.872	0.840175	0
11.3268	0.0176123	147.973	0.822459	0
11.301	0.0176454	145.688	0.828591	0
11.3342	0.0174287	146.472	0.834724	0
11.3601	0.0183344	147.156	0.832339	0
11.349	0.0176243	146.589	0.811556	0
11.355	0.0180252	146.856	0.851078	0
11.3345	0.017973	148.324	0.825525	0
11.3195	0.0173149	148.674	0.832339	0
11.3598	0.017341	148.44	0.833361	0
11.3849	0.0176886	147.423	0.829954	0
11.3505	0.0175204	147.573	0.837109	0
11.3523	0.0178159	148.057	0.843582	0
11.3685	0.0178952	146.522	0.844264	0
11.3537	0.0178418	147.089	0.817689	0
11.3539	0.0180225	147.74	0.828591	0
11.3655	0.0179405	147.59	0.821437	0
11.344	0.0175103	148.123	0.825525	0
11.3104	0.0176278	146.472	0.813941	0
11.3375	0.0173046	147.74	0.830295	0
11.3583	0.0177929	147.073	0.840175	0
11.3147	0.018011	146.439	0.828251	0
11.3092	0.018022	148.24	0.810534	0
11.3534	0.0177004	147.306	0.838131	0
11.3536	0.017775	147.089	0.83268	0
11.3457	0.0175157	147.523	0.82314	0
11.3535	0.0172062	147.139	0.831658	0
11.3227	0.0181686	146.322	0.832339	0
11.3145	0.0174699	147.44	0.822459	0
11.3458	0.0176052	148.324	0.851759	0
11.3399	0.0175841	147.189	0.831658	0
11.3088	0.0175797	146.072	0.831317	0
11.3302	0.0178649	147.807	0.824844	0
11.3641	0.0176182	147.423	0.846649	0
11.3429	0.0172784	147.807	0.834043	0
11.3414	0.0174382	147.406	0.832339	0
11.342	0.0179101	147.239	0.824844	0
11.3382	0.0179097	148.357	0.847671	0
11.3504	0.0177819	147.139	0.822459	0
11.3422	0.0176681	146.405	0.815985	0
11.3523	0.0178243	147.756	0.866409	0
11.3639	0.0181892	147.089	0.807808	0
11.3396	0.0176047	147.99	0.850056	0
11.3384	0.0176689	147.957	0.831998	0
11.341	0.0177684	148.057	0.833702	0
11.3241	0.0172407	147.79	0.825525	0
11.3263	0.0177566	148.657	0.821437	0
11.3264	0.0179622	148.974	0.821096	0
11.2997	0.0184757	147.306	0.83302	0
11.3006	0.0178711	146.772	0.825525	0
11.3133	0.0175422	147.873	0.843923	0
11.3221	0.0173634	148.974	0.826888	0
11.343	0.0176513	147.139	0.80883	0
11.3271	0.017609	145.621	0.819392	0
11.3186	0.0180311	147.573	0.814282	0
11.3498	0.0178117	147.623	0.813941	0
11.3354	0.0176347	147.156	0.847671	0
11.3221	0.0173083	147.64	0.825525	0
11.3497	0.0174483	146.956	0.831998	0
11.3451	0.0175404	147.74	0.823481	0
11.3189	0.0173454	147.289	0.80849	0
11.3377	0.0177929	147.123	0.81837	0
11.3665	0.0175805	149.124	0.830295	0
11.3561	0.0176724	147.123	0.831998	0
11.3544	0.0182765	147.656	0.816667	0
11.3835	0.0182334	145.204	0.834383	0
11.3664	0.0181894	146.555	0.829273	0
11.3332	0.0177513	146.872	0.826888	0
11.3363	0.0174729	148.357	0.825866	0
11.3214	0.0176702	146.922	0.832339	0
11.3184	0.0175632	148.424	0.820755	0
11.3381	0.0172372	148.44	0.826888	0
11.3455	0.0178679	147.006	0.830976	0
11.3669	0.0174785	147.423	0.835405	0
11.3672	0.0179604	148.424	0.834724	0
11.346	0.0175513	146.806	0.829613	0
11.3257	0.0170022	146.922	0.815304	0
11.3146	0.0171938	147.339	0.822118	0
11.3387	0.0173947	149.074	0.827569	0
11.3558	0.01777	147.273	0.80849	0
11.32	0.0177948	147.907	0.83268	0
11.3226	0.017932	148.707	0.81837	0
11.3325	0.0178741	145.805	0.815645	0
11.32	0.0176703	146.906	0.827228	0
11.3263	0.017391	147.807	0.815985	0
11.3307	0.0175376	146.155	0.831658	0
11.3412	0.0179124	147.706	0.828591	0
11.3299	0.0177624	145.771	0.828591	0
11.304	0.0174132	148.607	0.837109	0
11.3015	0.0176467	147.389	0.840516	0
11.2902	0.0174597	147.406	0.81326	0
11.3224	0.0179199	146.072	0.817348	0
11.3576	0.017701	147.023	0.817348	0
11.3219	0.0180332	147.306	0.830636	0
11.314	0.0178492	146.806	0.827228	0
11.3264	0.0179697	147.273	0.825184	0
11.3179	0.0176102	148.207	0.836768	0
11.3457	0.0178111	148.224	0.844945	0
11.3501	0.0181298	146.956	0.838812	0
11.3235	0.0177421	148.14	0.838812	0
11.3285	0.0179327	148.407	0.821437	0
11.3477	0.0177548	147.039	0.834724	0
11.3679	0.0179115	147.99	0.838131	0
11.3818	0.0177418	146.889	0.818711	0
11.3636	0.0180391	145.755	0.829613	0
11.3638	0.0182837	149.825	0.82314	0
11.3846	0.0181377	146.789	0.843582	0
11.3436	0.0177395	147.406	0.831998	0
11.3048	0.0179012	145.738	0.844264	0
11.3206	0.0178884	148.24	0.824844	0
11.3175	0.0178312	147.173	0.817348	0
11.3078	0.018133	148.557	0.814963	0
11.3229	0.0177128	147.773	0.819052	0
11.3266	0.0176542	148.207	0.825184	0
11.3395	0.0175089	149.241	0.830636	0
11.3563	0.0175522	147.023	0.81326	0
11.3423	0.0175627	146.822	0.838472	0
11.3075	0.0178748	148.057	0.827569	0
11.3018	0.0180814	147.606	0.814622	0
11.333	0.0178519	147.656	0.812578	0
11.3383	0.0174164	147.256	0.817007	0
11.3291	0.0176794	148.19	0.817007	0
11.3328	0.0174484	146.522	0.848352	0
11.3309	0.0172991	146.239	0.830976	0
11.3254	0.0175749	146.939	0.837109	0
11.3244	0.0176923	146.906	0.831658	0
11.3196	0.0178405	147.106	0.810193	0
11.3195	0.0179915	145.588	0.829613	0
11.3203	0.0178102	146.572	0.823481	0
11.319	0.0174972	147.94	0.839835	0
11.3328	0.0173901	146.489	0.834724	0
11.3116	0.0179321	146.372	0.836087	0
11.3138	0.0177635	146.806	0.840516	0
11.3437	0.018347	146.956	0.829954	0
11.3362	0.0180954	147.423	0.825525	0
11.3301	0.0172906	147.723	0.829613	0
11.3281	0.0176857	148.09	0.810193	0
11.334	0.0173189	146.239	0.824844	0
11.3203	0.0177695	147.323	0.818029	0
11.2964	0.0174559	146.722	0.824503	0
11.3327	0.0174563	146.639	0.859936	0
11.3506	0.0178539	147.823	0.82791	0
11.3192	0.0173311	146.205	0.814963	0
11.3151	0.0175411	146.272	0.83268	0
11.3394	0.0178646	148.207	0.824844	0
11.3546	0.0175471	147.49	0.824162	0
11.3449	0.0182245	148.924	0.82791	0
11.3479	0.0179823	147.706	0.838472	0
11.3401	0.0176136	145.655	0.815985	0
11.3418	0.0180085	148.424	0.845286	0
11.3687	0.0178342	148.44	0.82314	0
11.3587	0.0173602	147.573	0.836427	0
11.3373	0.0178072	146.305	0.819392	0
11.3452	0.0172207	147.656	0.824503	0
11.3313	0.0180172	146.505	0.830295	0
11.3139	0.0172362	147.056	0.819733	0
11.3327	0.0177876	148.224	0.830295	0
11.3525	0.0180272	148.424	0.827569	0
11.3359	0.0179157	147.49	0.83779	0
11.3095	0.0180083	147.423	0.816667	0
11.3177	0.0176909	148.607	0.839153	0
11.3471	0.0176484	147.139	0.815985	0
11.3453	0.0178414	148.707	0.822118	0
11.3394	0.0179353	147.773	0.825184	0
11.3386	0.0176229	147.456	0.842219	0
11.3176	0.017562	147.64	0.820414	0
11.3388	0.0175901	147.923	0.83268	0
11.3338	0.0176537	147.139	0.825525	0
11.294	0.0173172	147.006	0.849034	0
11.3308	0.0180647	146.589	0.830295	0
11.3637	0.0178423	148.224	0.828932	0
11.3338	0.0177323	146.656	0.829613	0
11.3302	0.0176731	146.872	0.838472	0
11.3488	0.0175385	146.372	0.855848	0
11.3377	0.0177593	146.555	0.817348	0
11.3396	0.017581	147.156	0.823821	0
11.3359	0.0178466	147.123	0.834043	0
11.3072	0.0175845	146.872	0.829613	0
11.3133	0.0173885	148.824	0.819392	0
11.3353	0.0178732	147.84	0.850056	0
11.3288	0.0177541	146.672	0.824844	0
11.3211	0.0179281	146.555	0.836087	0
11.3109	0.0178708	144.721	0.83779	0
11.2928	0.0180164	147.373	0.830976	0
11.3147	0.0177789	148.724	0.825525	0
11.3133	0.017422	147.656	0.828251	0
11.3199	0.0177698	147.206	0.825525	0
11.326	0.0179446	146.405	0.836087	0
11.3206	0.017701	148.173	0.830976	0
11.3377	0.0173655	147.506	0.810534	0
11.3183	0.0175968	148.073	0.838472	0
11.3346	0.0178506	148.023	0.826888	0
11.3727	0.0181642	146.405	0.839153	0
11.3228	0.0181386	147.623	0.845626	0
11.3264	0.0180005	146.606	0.843242	0
11.3637	0.0181352	148.991	0.846308	0
11.3324	0.0176649	147.923	0.824844	0
11.327	0.0179201	148.274	0.830636	0
11.3276	0.0177915	147.506	0.83779	0
11.327	0.0176095	147.623	0.838131	0
11.3561	0.0181081	147.84	0.818711	0
11.3456	0.017605	147.173	0.819052	0
11.3046	0.0177681	146.439	0.828251	0
11.3188	0.0175441	147.339	0.831317	0
11.33	0.0173875	148.24	0.804061	0
11.3189	0.0173121	146.205	0.821437	0
11.3308	0.017799	148.007	0.820074	0
11.3345	0.0175001	148.474	0.835746	0
11.341	0.0178405	148.424	0.831317	0
11.3743	0.0179938	146.939	0.834043	0
11.3703	0.0178353	147.506	0.791795	0
11.336	0.0178384	149.058	0.823821	0
11.3451	0.0178667	145.855	0.845286	0
11.3663	0.0177057	148.073	0.825184	0
11.3593	0.017672	147.49	0.845626	0
11.3445	0.0178435	145.888	0.814282	0
11.3423	0.0177059	148.424	0.819733	0
11.3723	0.0177545	146.339	0.823821	0
11.3529	0.0180712	147.323	0.841879	0
11.3364	0.0175939	148.924	0.826547	0
11.3436	0.017485	147.339	0.829273	0
11.3199	0.0181242	148.657	0.850396	0
11.3261	0.0182652	147.106	0.832339	0
11.3477	0.0174752	146.656	0.835746	0
11.3284	0.0179734	149.174	0.829954	0
11.3225	0.0177067	147.64	0.839153	0
11.3287	0.0174283	148.307	0.839835	0
11.3272	0.0183267	147.907	0.816667	0
11.3248	0.0179149	148.691	0.829613	0
11.3272	0.0178739	147.056	0.820414	0
11.3198	0.0178442	146.539	0.820074	0
11.3399	0.0180255	147.623	0.827569	0
11.3492	0.0175859	145.488	0.840516	0
11.323	0.0176904	149.058	0.814282	0
11.324	0.0179	146.989	0.854825	0
11.3296	0.0174726	146.906	0.821777	0
11.3491	0.0173475	148.274	0.841879	0
11.3635	0.0178143	148.14	0.797247	0
11.3578	0.0179108	148.507	0.825525	0
11.3322	0.0177534	146.339	0.830636	0
11.3118	0.0174042	148.324	0.815645	0
11.3265	0.0176122	147.373	0.821777	0
11.3392	0.0179019	147.656	0.843923	0
11.3379	0.0177427	147.556	0.839835	0
11.3286	0.0173569	147.44	0.83779	0
11.3328	0.0179431	148.557	0.825525	0
11.3465	0.0175688	148.123	0.81837	0
11.3295	0.0175263	147.239	0.848693	0
11.3266	0.0179888	145.571	0.826888	0
11.3577	0.0179888	146.422	0.834043	0
11.3351	0.0173797	148.807	0.844604	0
11.323	0.0176534	147.273	0.828251	0
11.3417	0.017449	147.389	0.834724	0
11.3342	0.0175675	146.422	0.82791	0
11.3256	0.0175802	147.256	0.829613	0
11.3341	0.0176205	146.505	0.824503	0
11.3289	0.0175074	148.157	0.834724	0
11.3065	0.0176297	146.706	0.83268	0
11.304	0.0173177	147.573	0.838131	0
11.3427	0.01812	146.522	0.846649	0
11.342	0.0175894	146.439	0.836768	0
11.3168	0.017316	146.272	0.82314	0
11.3401	0.017899	148.357	0.829613	0
11.3401	0.01763	146.789	0.836087	0
11.3055	0.0181675	147.423	0.814282	0
11.3209	0.0175011	146.606	0.829613	0
11.3231	0.0177446	146.455	0.835065	0
11.3178	0.0177017	147.023	0.831317	0
11.3128	0.0171971	147.957	0.838131	0
11.3493	0.017749	147.206	0.83745	0
11.3613	0.0177592	147.223	0.833361	0
11.3078	0.0179795	147.089	0.838472	0
11.3431	0.0177652	146.656	0.846649	0
11.372	0.0177271	147.389	0.819392	0
11.3421	0.0179646	147.289	0.825866	0
11.3256	0.0175308	147.64	0.81837	0
11.3159	0.017642	146.806	0.833702	0
11.3201	0.0177549	145.922	0.851078	0
11.3339	0.0175524	146.689	0.829273	0
11.3507	0.0175146	146.872	0.833361	0
11.3517	0.017875	148.474	0.848693	0
11.3172	0.0179478	147.239	0.830976	0
11.2929	0.0178988	147.656	0.826888	0
11.3203	0.0174554	146.906	0.827228	0
11.3362	0.0179833	146.405	0.825866	0
11.3368	0.0179623	148.674	0.820755	0
11.3404	0.0174068	147.623	0.828251	0
11.3275	0.0179088	145.771	0.830636	0
11.312	0.0176397	146.989	0.80849	0
11.2907	0.0176651	147.523	0.824844	0
11.3015	0.017654	148.007	0.831998	0
11.3151	0.0178219	147.356	0.820414	0
11.3186	0.0179739	147.006	0.824844	0
11.3369	0.0182108	146.772	0.841538	0
11.3257	0.0176694	145.488	0.823821	0
11.3106	0.0177971	147.389	0.838812	0
11.3396	0.0176498	148.307	0.85687	0
11.3686	0.0173335	147.606	0.830636	0
11.3532	0.0176677	147.723	0.83745	0
11.3393	0.0174833	146.789	0.838472	0
11.3346	0.0177958	146.689	0.811215	0
11.3286	0.0176983	148.29	0.850056	0
11.3426	0.0175664	146.722	0.804401	0
11.3463	0.0178149	146.839	0.807808	0
11.3108	0.0172488	147.606	0.816667	0
11.3041	0.0175442	146.672	0.840857	0
11.3138	0.0171531	147.723	0.82791	0
11.3438	0.0177955	148.257	0.846308	0
11.3505	0.017915	145.788	0.838472	0
11.3018	0.0181179	147.023	0.835065	0
11.3118	0.0180413	148.057	0.844604	0
11.3377	0.0177953	147.69	0.831998	0
11.3164	0.0176624	147.69	0.809512	0
11.3282	0.0174695	147.389	0.837109	0
11.3427	0.017139	147.923	0.84733	0
11.3368	0.0170517	148.691	0.843582	0
11.3452	0.0176708	147.973	0.834383	0
11.351	0.0178247	147.206	0.830636	0
11.3223	0.0179163	146.922	0.825184	0
11.3265	0.0174592	147.623	0.825525	0
11.3324	0.0173042	146.455	0.852781	0
11.2943	0.0178502	147.823	0.824844	0
11.3023	0.0175723	147.306	0.830636	0
11.328	0.0178578	148.34	0.835405	0
11.3374	0.0176632	147.056	0.831998	0
11.3392	0.0176915	147.473	0.834043	0
11.3301	0.0176434	146.439	0.834724	0
11.3478	0.0178708	146.722	0.844264	0
11.3649	0.0180381	147.306	0.853803	0
11.341	0.0179635	148.307	0.830295	0
11.3151	0.0178992	147.123	0.843242	0
11.3424	0.0179328	147.423	0.819052	0
11.3711	0.0177555	148.023	0.812919	0
11.3521	0.0174736	146.822	0.835065	0
11.3366	0.0176828	148.874	0.820755	0
11.3185	0.017865	146.589	0.829613	0
11.3387	0.0176026	146.806	0.812238	0
11.338	0.0174808	147.073	0.824503	0
11.3056	0.0175292	146.789	0.848693	0
11.3178	0.0177955	146.339	0.839494	0
11.3239	0.0173611	148.307	0.819733	0
11.3288	0.0177008	146.572	0.822118	0
11.3348	0.0171608	147.923	0.83779	0
11.3144	0.0175851	147.89	0.822459	0
11.3179	0.0173012	147.289	0.840516	0
11.3509	0.0181414	147.623	0.826547	0
11.35	0.0181116	146.806	0.822118	0
11.3148	0.0177445	147.039	0.828932	0
11.3037	0.0180382	147.74	0.835405	0
11.3428	0.0173866	146.372	0.82791	0
11.3846	0.0176499	146.906	0.83268	0
11.3649	0.0178633	148.357	0.820755	0
11.3567	0.0181826	147.706	0.828251	0
11.366	0.0175647	146.272	0.818029	0
11.3372	0.0177882	149.341	0.849034	0
11.3482	0.0182558	148.657	0.858914	0
11.3638	0.0173615	147.723	0.836087	0
11.3375	0.0176706	145.988	0.829273	0
11.3244	0.0178959	146.939	0.829954	0
11.3448	0.0174999	148.173	0.831317	0
11.3235	0.0176759	145.905	0.843923	0
11.2965	0.0181269	147.69	0.835065	0
11.336	0.0179707	147.873	0.810534	0
11.3457	0.0176505	148.09	0.833361	0
11.3273	0.0175805	149.041	0.841197	0
11.3373	0.0174641	147.907	0.848352	0
11.3374	0.0179693	146.472	0.842901	0
11.3223	0.0181233	145.972	0.820074	0
11.2978	0.0177841	146.722	0.838472	0
11.3111	0.0174299	147.79	0.852781	0
11.3422	0.0176098	146.255	0.821096	0
11.3191	0.0175995	146.055	0.838812	0
11.2978	0.0178973	148.49	0.839494	0
11.2906	0.0172386	147.74	0.82791	0
11.2994	0.0173611	147.356	0.817007	0
11.3306	0.0171212	147.89	0.828932	0
11.343	0.0176297	147.423	0.841879	0
11.3458	0.0179187	147.006	0.834383	0
11.3172	0.0175733	147.156	0.830295	0
11.317	0.0177877	147.239	0.829954	0
11.3506	0.0177698	147.223	0.821777	0
11.3359	0.0177224	147.857	0.843242	0
11.3129	0.0175021	146.205	0.827569	0
11.3285	0.0174444	147.756	0.841197	0
11.3522	0.0175473	146.606	0.819392	0
11.3274	0.0182243	146.589	0.829613	0
11.2958	0.0177027	148.24	0.827569	0
11.3037	0.017444	146.138	0.830976	0
11.3263	0.0176863	147.339	0.832339	0
11.3353	0.0173424	146.906	0.819392	0
11.3307	0.0177394	148.474	0.8136	0
11.3255	0.0173963	147.506	0.841197	0
11.32	0.0179158	147.073	0.838812	0
11.3363	0.0174658	147.74	0.814622	0
11.3383	0.0173981	145.905	0.845626	0
11.3289	0.0176159	148.807	0.814622	0
11.3374	0.0176349	146.822	0.819733	0
11.3391	0.0178034	147.273	0.831998	0
11.3145	0.0175721	146.722	0.848693	0
11.2899	0.0173698	146.439	0.837109	0
11.3065	0.0182096	146.455	0.828932	0
11.337	0.0176853	147.206	0.821437	0
11.325	0.0179468	148.207	0.836768	0
11.2882	0.0177514	148.474	0.848693	0
11.2942	0.0180209	146.839	0.818029	0
11.3061	0.018059	146.222	0.820074	0
11.3238	0.0178194	148.157	0.828932	0
11.3343	0.017596	145.588	0.808149	0
11.3248	0.0176389	148.874	0.829954	0
11.3316	0.0176814	147.506	0.838812	0
11.303	0.017092	147.44	0.834724	0
11.2957	0.0176163	147.073	0.835065	0
11.3201	0.0181308	146.706	0.845626	0
11.3066	0.0176094	147.973	0.834724	0
11.3171	0.0176376	146.272	0.83779	0
11.3375	0.0180584	147.74	0.84733	0
11.3438	0.0174298	147.907	0.8136	0
11.3285	0.0177754	147.723	0.823821	0
11.3202	0.0174537	146.772	0.828251	0
11.3413	0.017425	146.722	0.831658	0
11.3437	0.0177249	148.874	0.846308	0
11.3173	0.017612	147.206	0.839153	0
11.3375	0.0178802	148.14	0.82791	0
11.3158	0.017579	147.556	0.834043	0
11.2781	0.0172403	148.741	0.833702	0
11.3229	0.018009	145.988	0.83779	0
11.3238	0.0176623	148.24	0.820414	0
11.3229	0.0179188	148.057	0.830976	0
11.3365	0.0175309	148.107	0.812919	0
11.3132	0.0179842	147.389	0.856529	0
11.3035	0.0173083	146.355	0.846989	0
11.2973	0.0174233	147.756	0.828251	0
11.3078	0.0178982	147.323	0.832339	0
11.3147	0.0178813	147.44	0.834724	0
11.3151	0.0180667	147.74	0.843242	0
11.3298	0.0177128	149.475	0.826888	0
11.3286	0.0180021	146.155	0.828932	0
11.315	0.0181788	147.54	0.824162	0
11.3316	0.0183443	146.922	0.806786	0
11.3458	0.0180686	147.423	0.835065	0
11.3228	0.0184997	147.256	0.841197	0
11.3016	0.0179747	147.606	0.818711	0
11.3482	0.0173463	148.324	0.819733	0
11.3821	0.0177115	147.74	0.815304	0
11.3201	0.0175748	145.972	0.83268	0
11.2894	0.0179476	147.289	0.817007	0
11.3209	0.0177768	146.005	0.835405	0
11.326	0.0175736	146.305	0.80849	0
11.3099	0.0181888	146.188	0.817007	0
11.3043	0.0173934	147.957	0.839153	0
11.3334	0.0181198	148.624	0.813941	0
11.366	0.0183841	147.056	0.824844	0
11.3386	0.0181436	147.339	0.828591	0
11.3117	0.0179602	146.839	0.830295	0
11.3067	0.0174931	148.657	0.836087	0
11.3244	0.0179729	148.173	0.826206	0
11.3433	0.017942	147.106	0.825184	0
11.3354	0.0176868	148.307	0.809853	0
11.3387	0.0175217	146.606	0.838472	0
11.3403	0.0179045	147.256	0.829613	0
11.3257	0.0180132	146.739	0.827228	0
11.3149	0.0176954	146.856	0.831998	0
11.3227	0.0176859	147.873	0.805764	0
11.3209	0.017193	148.224	0.827228	0
11.3043	0.0175322	145.288	0.831658	0
11.3301	0.0178065	148.023	0.84256	0
11.3469	0.0181418	147.857	0.838812	0
11.31	0.0179688	148.224	0.844604	0
11.3125	0.0174845	147.006	0.807127	0
11.3319	0.017593	147.056	0.817007	0
11.3129	0.0176512	148.424	0.840516	0
11.3299	0.0181052	145.938	0.8136	0
11.3411	0.0178777	147.289	0.823481	0
11.3135	0.0181113	147.173	0.862321	0
11.3125	0.0175005	146.822	0.834724	0
11.3255	0.0179866	147.907	0.843242	0
11.3138	0.0178785	147.239	0.828932	0
11.3183	0.017926	146.889	0.811897	0
11.3463	0.018015	148.29	0.846649	0
11.3446	0.0177201	147.74	0.836768	0
11.3153	0.0171744	147.64	0.817348	0
11.3042	0.0175613	145.805	0.844264	0
11.3292	0.0176598	146.355	0.830295	0
11.3386	0.0175389	148.157	0.820414	0
11.3296	0.018093	147.373	0.860277	0
11.3128	0.0177222	147.89	0.829954	0
11.3111	0.0176171	145.922	0.822118	0
11.3515	0.0178674	146.122	0.834724	0
11.3802	0.0177857	148.574	0.849034	0
11.3141	0.0178759	146.856	0.817007	0
11.298	0.0176137	148.474	0.841538	0
11.3604	0.0178267	147.423	0.828932	0
11.3442	0.017636	146.856	0.834724	0
11.3024	0.0179409	146.339	0.828932	0
11.3219	0.0181518	146.789	0.840857	0
11.3284	0.0173901	147.79	0.840857	0
11.2964	0.0174151	146.305	0.817348	0
11.3022	0.0176655	147.273	0.842901	0
11.316	0.0175151	145.988	0.830636	0
11.3127	0.0173429	145.171	0.800654	0
11.311	0.0174977	148.724	0.81837	0
11.3486	0.0176751	147.89	0.841197	0
11.3584	0.0178049	146.922	0.81837	0
11.3195	0.0176237	148.24	0.842219	0
11.3201	0.0176821	147.84	0.81837	0
11.3144	0.0182414	146.872	0.840175	0
0	0	0	0	0
0	0	0	0	0
0	0	0	0	0
0	0	0	0	0
0	0	0	0	0
0	0	0	0	0
0	0	0	0	0
0	0	0	0	0
0	0	0	0	0
0	0	0	0	0
0	0	0	0	0
0	0	0	0	0
0	0	0	0	0
0	0	0	0	0
0	0	0	0	0
0	0	0	0	0
0	0	0	0	0
0	0	0	0	0
0	0	0	0	0
0	0	0	0	0
0	0	0	0	0
0	0	0	0	0
0	0	0	0	0
0	0	0	0	0
0	0	0	0	0
0	0	0	0	0
0	0	0	0	0
0	0	0	0	0
0	0	0	0	0
0	0	0	0	0
0	0	0	0	0
0	0	0	0	0
0	0	0	0	0
0	0	0	0	0
0	0	0	0	0
0	0	0	0	0
0	0	0	0	0
0	0	0	0	0
0	0	0	0	0
0	0	0	0	0
0	0	0	0	0
0	0	0	0	0
0	0	0	0	0
0	0	0	0	0
0	0	0	0	0
0	0	0	0	0
0	0	0	0	0
0	0	0	0	0
0	0	0	0	0
0	0	0	0	0
0	0	0	0	0
0	0	0	0	0
0	0	0	0	0
0	0	0	0	0
0	0	0	0	0
0	0	0	0	0
0	0	0	0	0
0	0	0	0	0
0	0	0	0	0
0	0	0	0	0
0	0	0	0	0
0	0	0	0	0
0	0	0	0	0
0	0	0	0	0
0	0	0	0	0
0	0	0	0	0
0	0	0	0	0
0	0	0	0	0
0	0	0	0	0
0	0	0	0	0
0	0	0	0	0
0	0	0	0	0
0	0	0	0	0
0	0	0	0	0
0	0	0	0	0
0	0	0	0	0
0	0	0	0	0
0	0	0	0	0
0	0	0	0	0
0	0	0	0	0
0	0	0	0	0
0	0	0	0	0
0	0	0	0	0
0	0	0	0	0
0	0	0	0	0
0	0	0	0	0
0	0	0	0	0
0	0	0	0	0
0	0	0	0	0
0	0	0	0	0
0	0	0	0	0
0	0	0	0	0
0	0	0	0	0
0	0	0	0	0
0	0	0	0	0
0	0	0	0	0
0	0	0	0	0
0	0	0	0	0
0	0	0	0	0
0	0	0	0	0
0	0	0	0	0
0	0	0	0	0
0	0	0	0	0
0	0	0	0	0
0	0	0	0	0
0	0	0	0	0
0	0	0	0	0
0	0	0	0	0
0	0	0	0	0
0	0	0	0	0
0	0	0	0	0
0	0	0	0	0
0	0	0	0	0
0	0	0	0	0
0	0	0	0	0
0	0	0	0	0
0	0	0	0	0
0	0	0	0	0
0	0	0	0	0
0	0	0	0	0
0	0	0	0	0
0	0	0	0	0
0	0	0	0	0
0	0	0	0	0
0	0	0	0	0
0	0	0	0	0
0	0	0	0	0
0	0	0	0	0
0	0	0	0	0
0	0	0	0	0
0	0	0	0	0
0	0	0	0	0
0	0	0	0	0
0	0	0	0	0
0	0	0	0	0
0	0	0	0	0
0	0	0	0	0
0	0	0	0	0
0	0	0	0	0
0	0	0	0	0
0	0	0	0	0
0	0	0	0	0
0	0	0	0	0
0	0	0	0	0
0	0	0	0	0
0	0	0	0	0
0	0	0	0	0
0	0	0	0	0
0	0	0	0	0
0	0	0	0	0
0	0	0	0	0
0	0	0	0	0
0	0	0	0	0
0	0	0	0	0
0	0	0	0	0
0	0	0	0	0
0	0	0	0	0
0	0	0	0	0
0	0	0	0	0
0	0	0	0	0
0	0	0	0	0
0	0	0	0	0
0	0	0	0	0
0	0	0	0	0
0	0	0	0	0
0	0	0	0	0
0	0	0	0	0
0	0	0	0	0
0	0	0	0	0
0	0	0	0	0
0	0	0	0	0
0	0	0	0	0
0	0	0	0	0
0	0	0	0	0
0	0	0	0	0
0	0	0	0	0
0	0	0	0	0
0	0	0	0	0
0	0	0	0	0
0	0	0	0	0
0	0	0	0	0
0	0	0	0	0
0	0	0	0	0
0	0	0	0	0
0	0	0	0	0
0	0	0	0	0
0	0	0	0	0
0	0	0	0	0
0	0	0	0	0
0	0	0	0	0
0	0	0	0	0
0	0	0	0	0
0	0	0	0	0
0	0	0	0	0
0	0	0	0	0
0	0	0	0	0
0	0	0	0	0
0	0	0	0	0
0	0	0	0	0
0	0	0	0	0
0	0	0	0	0
0	0	0	0	0
0	0	0	0	0
0	0	0	0	0
0	0	0	0	0
0	0	0	0	0
0	0	0	0	0
0	0	0	0	0
0	0	0	0	0
0	0	0	0	0
0	0	0	0	0
0	0	0	0	0
0	0	0	0	0
0	0	0	0	0
0	0	0	0	0
0	0	0	0	0
0	0	0	0	0
0	0	0	0	0
0	0	0	0	0
0	0	0	0	0
0	0	0	0	0
0	0	0	0	0
0	0	0	0	0
0	0	0	0	0
0	0	0	0	0
0	0	0	0	0
0	0	0	0	0
0	0	0	0	0
0	0	0	0	0
0	0	0	0	0
0	0	0	0	0
0	0	0	0	0
0	0	0	0	0
0	0	0	0	0
0	0	0	0	0
0	0	0	0	0
0	0	0	0	0
0	0	0	0	0
0	0	0	0	0
0	0	0	0	0
0	0	0	0	0
0	0	0	0	0
0	0	0	0	0
0	0	0	0	0
0	0	0	0	0
0	0	0	0	0
0	0	0	0	0
0	0	0	0	0
0	0	0	0	0
0	0	0	0	0
0	0	0	0	0
0	0	0	0	0
0	0	0	0	0
0	0	0	0	0
0	0	0	0	0
0	0	0	0	0
0	0	0	0	0
0	0	0	0	0
0	0	0	0	0
0	0	0	0	0
0	0	0	0	0
0	0	0	0	0
0	0	0	0	0
0	0	0	0	0
0	0	0	0	0
0	0	0	0	0
0	0	0	0	0
0	0	0	0	0
0	0	0	0	0
0	0	0	0	0
0	0	0	0	0
0	0	0	0	0
0	0	0	0	0
0	0	0	0	0
0	0	0	0	0
0	0	0	0	0
0	0	0	0	0
0	0	0	0	0
0	0	0	0	0
0	0	0	0	0
0	0	0	0	0
0	0	0	0	0
0	0	0	0	0
0	0	0	0	0
0	0	0	0	0
0	0	0	0	0
0	0	0	0	0
0	0	0	0	0
0	0	0	0	0
0	0	0	0	0
0	0	0	0	0
0	0	0	0	0
0	0	0	0	0
0	0	0	0	0
0	0	0	0	0
0	0	0	0	0
0	0	0	0	0
0	0	0	0	0
0	0	0	0	0
0	0	0	0	0
0	0	0	0	0
0	0	0	0	0
0	0	0	0	0
0	0	0	0	0
0	0	0	0	0
0	0	0	0	0
0	0	0	0	0
0	0	0	0	0
0	0	0	0	0
0	0	0	0	0
0	0	0	0	0
0	0	0	0	0
0	0	0	0	0
0	0	0	0	0
0	0	0	0	0
0	0	0	0	0
0	0	0	0	0
0	0	0	0	0
0	0	0	0	0
0	0	0	0	0
0	0	0	0	0
0	0	0	0	0
0	0	0	0	0
0	0	0	0	0
0	0	0	0	0
0	0	0	0	0
0	0	0	0	0
0	0	0	0	0
0	0	0	0	0
0	0	0	0	0
0	0	0	0	0
0	0	0	0	0
0	0	0	0	0
0	0	0	0	0
0	0	0	0	0
0	0	0	0	0
0	0	0	0	0
0	0	0	0	0
0	0	0	0	0
0	0	0	0	0
0	0	0	0	0
0	0	0	0	0
0	0	0	0	0
0	0	0	0	0
0	0	0	0	0
0	0	0	0	0
0	0	0	0	0
0	0	0	0	0
0	0	0	0	0
0	0	0	0	0
0	0	0	0	0
0	0	0	0	0
0	0	0	0	0
0	0	0	0	0
0	0	0	0	0
0	0	0	0	0
0	0	0	0	0
0	0	0	0	0
0	0	0	0	0
0	0	0	0	0
0	0	0	0	0
0	0	0	0	0
0	0	0	0	0
0	0	0	0	0
0	0	0	0	0
0	0	0	0	0
0	0	0	0	0
0	0	0	0	0
0	0	0	0	0
0	0	0	0	0
0	0	0	0	0
0	0	0	0	0
0	0	0	0	0
0	0	0	0	0
0	0	0	0	0
0	0	0	0	0
0	0	0	0	0
0	0	0	0	0
0	0	0	0	0
0	0	0	0	0
0	0	0	0	0
0	0	0	0	0
0	0	0	0	0
0	0	0	0	0
0	0	0	0	0
0	0	0	0	0
0	0	0	0	0
0	0	0	0	0
0	0	0	0	0
0	0	0	0	0
0	0	0	0	0
0	0	0	0	0
0	0	0	0	0
0	0	0	0	0
0	0	0	0	0
0	0	0	0	0
0	0	0	0	0
0	0	0	0	0
0	0	0	0	0
0	0	0	0	0
