a2610510.050181
Narit-cm 05/01/2026 09:35:02 05/01/2026 10:05:01 0045 0013.384714 0052.542598 00.0 00.0
0002397 0010 0000000 0010 05 0000000 0010 0000000 0010
1 0 1 01600 1 0000 3.75 00000.o 0 0 01 000 16 002397 0.500 BT0
1 2 1 02000 1 0000 3.75 00000.o 0 0 01 000 16 002397 0.500 S2A0
1 1 1 01600 1 0000 3.75 00000.o 0 0 00 000 00 002397 3.1746 BC0
1 3 1 02000 1 0000 3.75 00000.o 0 0 00 000 00 002397 3.1746 S2P0
1 5 0 01600 0 0000 1.00 00000.o 0 0 00 000 00 000000 0.000 OF0
0.000 .o Analog 0 	0.000 .o Analog StErr 0 	0.000 .o Photon Counting 0 	0.000 .o PC StErr 0 	0.000 .o Overflow Info 0 
35.1407	0.152375	168.294	0.863543	0
67.2731	0.285162	178.173	0.850929	0
189.371	1.36192	85.0897	1.25696	0
445.761	1.01041	0.233625	0.0623878	1
473.465	0.000154954	19.0905	0.646038	0
473.457	0	128.878	1.18332	0
473.457	0	98.3563	1.23276	0
473.457	0	13.9508	0.504898	0
473.457	6.37242E-6	5.97413	0.325576	0
473.457	0	20.3421	0.568649	0
473.457	0	54.4347	0.825701	0
473.457	0	108.903	0.976727	0
473.457	0	127.676	0.977409	0
473.457	0	98.5232	0.928317	0
473.457	0	79.4326	0.885361	0
473.457	0	82.1861	0.894225	0
473.457	0	89.8123	0.903089	0
473.457	0	97.3717	0.883998	0
473.457	0	102.778	0.886725	0
479.762	0.217174	114.36	0.911953	1
499.068	0.0928397	137.071	0.918771	1
499.989	0.00734409	159.683	0.882634	1
500	0	173.6	0.895248	1
500	0	182.795	0.885361	1
500	0	186.033	0.885361	1
499.908	0.0156405	187.868	0.919453	1
486.64	0.222971	186.516	0.867634	1
453.836	0.257369	186.667	0.880588	1
422.769	0.239204	186.316	0.878884	0
394.595	0.226186	185.715	0.880247	0
368.701	0.214192	183.513	0.860474	0
344.737	0.202597	183.846	0.868997	0
322.183	0.194879	182.194	0.879225	0
300.926	0.186469	181.41	0.86627	0
280.948	0.179179	181.343	0.866952	0
261.959	0.173404	181.26	0.862861	0
244.014	0.167238	179.641	0.856724	0
227.333	0.163464	179.925	0.836951	0
211.411	0.158784	179.474	0.852292	0
196.163	0.153577	179.074	0.849224	0
181.816	0.151106	178.123	0.843769	0
168.004	0.149025	178.139	0.843428	0
154.676	0.146865	176.587	0.855361	0
141.942	0.146907	175.937	0.828428	0
129.52	0.147355	176.804	0.863202	0
117.421	0.146425	175.369	0.844792	0
105.857	0.145692	175.519	0.849565	0
94.8616	0.143338	173.7	0.860133	0
84.4376	0.141366	174.285	0.851951	0
74.7609	0.137311	173.684	0.833201	0
65.8994	0.129092	174.351	0.848542	0
57.9435	0.119457	173.55	0.82911	0
50.9938	0.10989	174.084	0.831155	0
45.1235	0.0990998	173.951	0.842747	0
40.4531	0.0877878	171.431	0.831155	0
36.7754	0.0769703	171.915	0.833542	0
33.9493	0.0653431	171.081	0.843769	0
31.7957	0.0570922	172.566	0.840019	0
30.0974	0.0515664	170.597	0.829451	0
28.8062	0.0466616	169.228	0.843769	0
27.7641	0.0426151	167.576	0.832519	0
26.8532	0.0416223	167.559	0.83661	0
26.1267	0.0386445	167.843	0.825701	0
25.5804	0.0369287	167.559	0.83661	0
25.1017	0.0351411	165.29	0.838315	0
24.635	0.0366886	165.557	0.819223	0
24.2231	0.0352781	164.589	0.832519	0
23.8624	0.0344491	163.204	0.844451	0
23.581	0.0337077	162.904	0.837633	0
23.2978	0.0324169	164.522	0.82161	0
22.9838	0.0325255	161.018	0.831496	0
22.7231	0.0319513	162.737	0.82911	0
22.4993	0.0320462	162.737	0.863202	0
22.2867	0.0323758	161.752	0.8107	0
22.0868	0.0306931	161.235	0.828769	0
21.9387	0.0302826	161.469	0.818882	0
21.8043	0.030794	161.302	0.853315	0
21.6064	0.0308867	160.551	0.84036	0
21.3994	0.0297476	161.552	0.831496	0
21.2673	0.0298573	159.583	0.83661	0
21.1481	0.0300522	160.551	0.81036	0
20.9939	0.0298187	159.316	0.816496	0
20.8051	0.0294554	159.766	0.842065	0
20.6679	0.02885	157.981	0.831496	0
20.5498	0.0283987	158.515	0.824337	0
20.385	0.0294212	156.913	0.825701	0
20.2139	0.0303576	159.85	0.834224	0
20.0385	0.0309094	158.348	0.819223	0
19.8515	0.0306487	157.931	0.799109	0
19.693	0.0307536	156.729	0.822633	0
19.5317	0.0299815	159.566	0.835587	0
19.417	0.0298932	155.878	0.81786	0
19.2976	0.0300776	157.33	0.829451	0
19.1323	0.0294126	156.312	0.818882	0
18.9999	0.0283904	157.18	0.812746	0
18.9105	0.0285533	157.614	0.822633	0
18.7953	0.026965	157.146	0.831155	0
18.6561	0.027695	156.028	0.826383	0
18.5771	0.0270365	156.229	0.830133	0
18.5068	0.0271123	157.73	0.831155	0
18.4255	0.027253	155.144	0.838656	0
18.3441	0.027246	155.728	0.829451	0
18.2518	0.0273276	154.393	0.815814	0
18.2101	0.0268861	155.444	0.817519	0
18.2002	0.0268574	156.045	0.828428	0
18.1217	0.0263564	155.177	0.829792	0
18.0834	0.0257577	157.297	0.835587	0
18.0845	0.0259061	156.245	0.841042	0
17.9887	0.0258813	155.461	0.843088	0
17.9371	0.0253583	156.863	0.837974	0
18.016	0.0256502	155.778	0.821951	0
18.0892	0.0256805	156.829	0.834565	0
18.1217	0.0259291	155.878	0.805587	0
18.1442	0.0257837	154.56	0.838315	0
18.1697	0.0251806	155.478	0.789904	0
18.2269	0.0259237	155.578	0.826724	0
18.2319	0.0261907	157.163	0.831496	0
18.1882	0.026105	155.511	0.823655	0
18.1599	0.0266635	155.494	0.830474	0
18.1587	0.0262824	155.327	0.828769	0
18.1774	0.0262456	157.781	0.81411	0
18.1687	0.0265309	155.928	0.829792	0
18.1537	0.0267264	155.244	0.826042	0
18.1518	0.0256883	154.643	0.844451	0
18.0801	0.0260587	155.311	0.81786	0
17.9941	0.0261126	154.426	0.814451	0
17.9633	0.0263879	156.496	0.821951	0
17.9255	0.0264459	155.778	0.827405	0
17.8219	0.0271032	153.976	0.805246	0
17.7296	0.0266571	154.543	0.817178	0
17.6703	0.025722	154.91	0.8107	0
17.6409	0.0259628	152.941	0.802178	0
17.577	0.025782	153.759	0.822973	0
17.4556	0.025635	154.443	0.820928	0
17.3721	0.0262229	153.625	0.813769	0
17.2851	0.0266884	153.075	0.805246	0
17.1455	0.025296	156.262	0.82161	0
17.0006	0.025627	153.058	0.827405	0
16.8319	0.0258525	152.023	0.826724	0
16.6535	0.0256318	153.525	0.805246	0
16.5016	0.0249863	153.942	0.818201	0
16.3337	0.0246575	151.206	0.820246	0
16.2115	0.0240508	151.907	0.826383	0
16.1444	0.0237766	151.99	0.817519	0
16.0513	0.0236759	152.274	0.823655	0
15.97	0.0240086	149.403	0.809678	0
15.9283	0.0239532	152.09	0.849565	0
15.8729	0.0242729	151.373	0.8032	0
15.7773	0.0239557	152.708	0.829451	0
15.6693	0.0229248	149.971	0.822633	0
15.5568	0.0239715	149.67	0.825019	0
15.4956	0.0233136	149.504	0.826042	0
15.4427	0.0236345	148.602	0.815132	0
15.3512	0.0231445	150.521	0.815132	0
15.2672	0.0227769	151.039	0.835928	0
15.1945	0.0230993	149.737	0.812405	0
15.1104	0.0229922	149.42	0.823655	0
15.0348	0.022905	149.136	0.831837	0
14.9625	0.0224421	148.335	0.806609	0
14.8663	0.0226982	148.703	0.810019	0
14.7942	0.0223218	147.635	0.825019	0
14.7098	0.0228811	147.851	0.837633	0
14.5861	0.0230015	148.018	0.823655	0
14.4966	0.0218822	146.266	0.812405	0
14.4153	0.022323	146.834	0.812746	0
14.3362	0.0224771	146.783	0.818882	0
14.2713	0.0222416	147.05	0.811723	0
14.2039	0.0213524	146.166	0.821269	0
14.1277	0.0219625	147.618	0.813428	0
14.0656	0.0215244	146.85	0.8032	0
14.0199	0.0209744	146.967	0.819564	0
13.9685	0.0211784	146.183	0.805928	0
13.9646	0.0214236	146.166	0.826383	0
13.9657	0.0206797	145.282	0.81411	0
13.9082	0.0204848	145.081	0.819905	0
13.8857	0.020855	144.748	0.801155	0
13.8538	0.0208675	144.831	0.8107	0
13.7933	0.0206113	144.147	0.817519	0
13.7748	0.0210398	146.583	0.803541	0
13.7581	0.0202274	145.582	0.8107	0
13.7431	0.0204477	144.681	0.813428	0
13.7484	0.0208132	146.433	0.802859	0
13.7074	0.0207189	144.531	0.819905	0
13.684	0.0209312	145.232	0.807632	0
13.6572	0.0205904	145.031	0.814451	0
13.6182	0.0209484	145.749	0.805246	0
13.6123	0.0209758	143.546	0.827405	0
13.581	0.0206042	144.814	0.804564	0
13.5491	0.0199692	144.998	0.811041	0
13.5515	0.0202123	144.681	0.811723	0
13.5391	0.0203274	144.297	0.815473	0
13.5081	0.0207237	144.581	0.821269	0
13.4895	0.0203795	144.481	0.824337	0
13.4552	0.0204321	143.279	0.792973	0
13.4324	0.020271	143.796	0.800473	0
13.4691	0.0199885	144.08	0.803541	0
13.4607	0.019713	143.663	0.82161	0
13.4107	0.0206587	143.796	0.81411	0
13.4074	0.0204583	143.096	0.833883	0
13.3736	0.0200792	144.814	0.804564	0
13.3456	0.020222	143.596	0.81786	0
13.3289	0.0198696	143.963	0.804564	0
13.323	0.0205817	142.795	0.813087	0
13.3336	0.0197866	144.647	0.80695	0
13.3194	0.0200765	144.564	0.833201	0
13.2917	0.0197699	143.746	0.808314	0
13.2939	0.02031	143.997	0.814451	0
13.2994	0.0200299	142.612	0.846497	0
13.2637	0.0201571	143.947	0.812405	0
13.229	0.019964	143.446	0.835587	0
13.22	0.0198745	143.496	0.818882	0
13.2139	0.0203112	143.062	0.825019	0
13.2277	0.0198777	144.564	0.814791	0
13.2386	0.020135	143.146	0.827405	0
13.215	0.0197896	143.496	0.820587	0
13.1859	0.0199306	142.461	0.844451	0
13.1854	0.0194655	143.179	0.810019	0
13.1891	0.0204167	143.212	0.811041	0
13.1737	0.0204658	142.578	0.81786	0
13.1843	0.0202713	142.829	0.817519	0
13.161	0.0205522	142.762	0.805928	0
13.1107	0.0201205	142.945	0.813769	0
13.0972	0.020222	143.413	0.816155	0
13.102	0.0202613	143.312	0.81036	0
13.0985	0.0200136	143.73	0.811723	0
13.0901	0.0193934	143.596	0.842747	0
13.0961	0.0200068	142.929	0.817519	0
13.0985	0.0197992	143.429	0.821269	0
13.0596	0.0196898	142.078	0.811041	0
13.0325	0.0198457	144.197	0.805928	0
13.0828	0.0203586	142.495	0.81786	0
13.0967	0.0201941	142.395	0.805928	0
13.0357	0.0191326	143.379	0.823314	0
13.0233	0.0192537	142.528	0.797405	0
13.0624	0.0196948	141.794	0.818882	0
13.0483	0.0197962	142.395	0.7957	0
13.0066	0.0197547	143.963	0.808996	0
13.0271	0.0194912	142.745	0.819905	0
13.0071	0.0196575	142.762	0.813769	0
12.9518	0.0197293	142.461	0.801155	0
12.9882	0.0196488	141.644	0.820928	0
12.9866	0.0197708	143.746	0.829451	0
12.9338	0.0195693	142.795	0.820246	0
12.9568	0.0195806	142.144	0.817178	0
12.9779	0.0197489	141.877	0.82161	0
12.941	0.0194014	142.495	0.813087	0
12.9283	0.0197783	142.428	0.819223	0
12.9354	0.0196065	142.829	0.797064	0
12.9473	0.0196113	141.443	0.81786	0
12.9585	0.0190724	142.495	0.795018	0
12.9198	0.0193466	142.562	0.846838	0
12.919	0.0191463	142.478	0.816496	0
12.95	0.0194281	142.044	0.811041	0
12.927	0.0191876	142.144	0.821951	0
12.9176	0.0192542	142.461	0.806609	0
12.901	0.0197287	142.244	0.810019	0
12.8978	0.0195972	142.094	0.818882	0
12.9131	0.0198195	143.413	0.800132	0
12.9021	0.019582	140.709	0.795018	0
12.8962	0.0197593	142.178	0.823314	0
12.8828	0.0196934	140.325	0.81786	0
12.879	0.0197423	140.993	0.817519	0
12.9101	0.0197918	141.761	0.821269	0
12.9016	0.0197721	142.478	0.792632	0
12.899	0.0201313	141.577	0.82161	0
12.8905	0.0193679	142.345	0.808996	0
12.8423	0.0190413	142.311	0.822633	0
12.8412	0.0194317	142.361	0.833201	0
12.8608	0.0201497	144.431	0.836951	0
12.8676	0.0192936	141.41	0.822292	0
12.8658	0.0192062	141.293	0.8032	0
12.8572	0.0191683	143.196	0.81036	0
12.851	0.0195598	141.927	0.808655	0
12.832	0.0198996	141.911	0.797064	0
12.8209	0.0197998	141.977	0.827405	0
12.8081	0.0194081	143.196	0.834906	0
12.8136	0.0198465	141.377	0.792632	0
12.8207	0.0201512	141.026	0.817178	0
12.8218	0.0193439	142.311	0.822292	0
12.8246	0.019307	142.495	0.816496	0
12.795	0.019176	141.994	0.824678	0
12.8089	0.0189606	142.645	0.816837	0
12.8409	0.0194167	140.843	0.823314	0
12.7958	0.0197238	142.945	0.813428	0
12.7709	0.0193722	141.143	0.807632	0
12.7889	0.0192407	141.761	0.816155	0
12.779	0.0195892	142.094	0.824678	0
12.772	0.0192796	140.476	0.803882	0
12.7704	0.018888	143.713	0.813428	0
12.7947	0.0189576	141.343	0.81411	0
12.8124	0.0190907	142.612	0.801837	0
12.7711	0.019446	141.66	0.831496	0
12.7365	0.0190218	141.026	0.794336	0
12.727	0.0195203	140.759	0.805928	0
12.7265	0.0192855	141.594	0.818882	0
12.7569	0.0192572	142.428	0.835587	0
12.7811	0.0184778	141.393	0.830815	0
12.7386	0.0194873	141.694	0.803541	0
12.7332	0.0195306	142.261	0.8032	0
12.7362	0.0194432	141.01	0.808314	0
12.7148	0.0192121	142.929	0.802518	0
12.7282	0.0194633	141.377	0.818542	0
12.7184	0.0192562	140.642	0.805246	0
12.6976	0.0192831	141.443	0.815814	0
12.7143	0.0191754	140.96	0.818201	0
12.7214	0.0191457	142.311	0.831837	0
12.714	0.0190163	141.577	0.823996	0
12.7179	0.0189965	142.061	0.831837	0
12.7205	0.0196591	142.879	0.833542	0
12.7127	0.019571	141.794	0.796382	0
12.6942	0.0186611	142.795	0.805928	0
12.7047	0.0193739	140.726	0.819564	0
12.7111	0.0194295	140.108	0.804223	0
12.6823	0.0187719	139.892	0.853656	0
12.6979	0.0195034	142.178	0.815132	0
12.7438	0.0189387	141.477	0.8032	0
12.7323	0.0185766	141.026	0.814791	0
12.714	0.0194821	142.712	0.829792	0
12.7007	0.0193322	142.678	0.833542	0
12.6994	0.0191645	141.293	0.812405	0
12.7099	0.0192359	143.045	0.82911	0
12.7123	0.0194791	141.777	0.81411	0
12.7213	0.01886	141.343	0.814451	0
12.7137	0.0197593	141.727	0.801155	0
12.6835	0.0192707	142.745	0.8107	0
12.6845	0.0192949	141.594	0.814451	0
12.7046	0.0190153	141.627	0.808655	0
12.6758	0.0190427	140.459	0.813087	0
12.6517	0.0191052	141.393	0.7957	0
12.6785	0.0192113	142.912	0.823314	0
12.6866	0.0190392	141.026	0.796382	0
12.6611	0.0190158	141.944	0.807973	0
12.66	0.0189241	142.228	0.820928	0
12.6611	0.0188893	139.908	0.8107	0
12.6512	0.0186992	140.876	0.838997	0
12.666	0.0190708	142.728	0.809337	0
12.6629	0.0188366	141.377	0.816837	0
12.6436	0.0193305	141.377	0.808314	0
12.6666	0.0191557	141.577	0.827405	0
12.6875	0.0190754	141.627	0.801155	0
12.6564	0.0189968	142.144	0.831837	0
12.6434	0.0189569	142.461	0.825701	0
12.6737	0.0194997	140.676	0.809678	0
12.6883	0.0189723	142.979	0.82536	0
12.657	0.0192473	141.944	0.834906	0
12.6291	0.018758	141.51	0.817519	0
12.6614	0.0193812	140.442	0.807973	0
12.671	0.0189777	141.944	0.814451	0
12.6488	0.0194579	141.36	0.809337	0
12.6532	0.0191969	141.043	0.8107	0
12.671	0.0190742	140.976	0.811041	0
12.6556	0.0191337	141.293	0.817178	0
12.6207	0.019353	141.043	0.820246	0
12.6281	0.0186629	140.909	0.818201	0
12.6563	0.0186733	142.845	0.802859	0
12.6484	0.0191517	140.075	0.805246	0
12.6502	0.0192835	141.227	0.781722	0
12.6696	0.0192099	142.578	0.811723	0
12.6428	0.0197652	140.859	0.81786	0
12.6276	0.0190815	141.277	0.81786	0
12.6577	0.018683	140.909	0.809337	0
12.6537	0.0191279	141.227	0.804564	0
12.6068	0.0190169	140.075	0.816496	0
12.6188	0.0190979	141.293	0.822292	0
12.6606	0.0193713	142.111	0.813428	0
12.6298	0.0191294	140.876	0.834906	0
12.5892	0.0189276	139.007	0.825701	0
12.5874	0.018863	140.726	0.818882	0
12.5989	0.0192123	142.278	0.8032	0
12.6107	0.0191482	140.943	0.801837	0
12.635	0.0191482	141.327	0.819223	0
12.6329	0.0196487	140.526	0.797746	0
12.6106	0.0197114	140.859	0.837974	0
12.5974	0.0187168	141.894	0.824678	0
12.6162	0.0191811	143.262	0.817178	0
12.6248	0.0191045	141.21	0.822973	0
12.6159	0.0190524	140.192	0.8032	0
12.6124	0.0190348	141.393	0.822292	0
12.6129	0.0191796	143.379	0.827746	0
12.6278	0.018799	142.228	0.825019	0
12.6143	0.0187707	141.911	0.813087	0
12.6306	0.0191826	140.492	0.807291	0
12.6452	0.0195617	141.544	0.809337	0
12.5955	0.019651	141.31	0.815814	0
12.6038	0.0192596	141.594	0.815814	0
12.6557	0.0191681	141.56	0.806269	0
12.663	0.0191248	141.51	0.79945	0
12.6338	0.0192296	141.744	0.797064	0
12.5889	0.0192653	139.925	0.811041	0
12.5768	0.0190447	142.378	0.812064	0
12.6078	0.0187261	141.043	0.819905	0
12.6144	0.0193631	139.741	0.803541	0
12.6245	0.0190891	142.511	0.826383	0
12.6205	0.018708	140.092	0.816155	0
12.601	0.019073	141.11	0.836951	0
12.6167	0.018914	141.911	0.819564	0
12.6214	0.0193862	142.795	0.818201	0
12.6047	0.0194455	142.161	0.806609	0
12.6039	0.0191928	141.21	0.800814	0
12.5992	0.0194654	140.843	0.806609	0
12.5965	0.0191091	141.727	0.799109	0
12.6072	0.0198898	141.911	0.830474	0
12.6015	0.0197082	141.26	0.836269	0
12.6133	0.0196572	141.093	0.809678	0
12.6125	0.0191109	141.811	0.7957	0
12.5961	0.0191203	141.143	0.829451	0
12.5802	0.019166	140.426	0.8032	0
12.5823	0.018866	139.958	0.811723	0
12.6115	0.0187424	140.926	0.805246	0
12.5904	0.0191729	139.441	0.801837	0
12.5708	0.0187024	140.726	0.805587	0
12.6067	0.0189437	141.961	0.813428	0
12.6055	0.01955	140.943	0.821269	0
12.5928	0.0191121	140.242	0.80695	0
12.6048	0.0188151	139.424	0.803541	0
12.6031	0.0190547	141.594	0.823996	0
12.5923	0.0189481	140.492	0.808996	0
12.5617	0.01926	139.958	0.808314	0
12.5717	0.0192953	142.278	0.807632	0
12.6317	0.0193754	140.976	0.816837	0
12.6202	0.019048	141.961	0.810019	0
12.571	0.0191696	140.309	0.806269	0
12.5844	0.0191237	139.307	0.818542	0
12.6304	0.0188934	141.977	0.81036	0
12.6041	0.0192616	141.51	0.827746	0
12.5779	0.0191811	141.41	0.828428	0
12.5773	0.0190084	142.645	0.834224	0
12.5939	0.0195961	140.159	0.802178	0
12.6036	0.0192068	140.776	0.821269	0
12.6077	0.0195301	142.295	0.837292	0
12.6002	0.018842	141.293	0.807973	0
12.5886	0.0190635	141.21	0.815132	0
12.5849	0.0192216	140.592	0.811723	0
12.5934	0.0190101	141.393	0.811041	0
12.5881	0.0194453	141.61	0.831155	0
12.5678	0.0193898	140.192	0.808996	0
12.5818	0.0187133	140.926	0.807632	0
12.56	0.0188888	141.026	0.826042	0
12.5637	0.0189904	140.859	0.814791	0
12.5889	0.0192739	141.16	0.825701	0
12.5612	0.01921	141.193	0.798427	0
12.5758	0.0192579	141.31	0.827746	0
12.6061	0.0195991	140.993	0.836269	0
12.5571	0.0191506	141.277	0.814791	0
12.548	0.0193257	140.092	0.823314	0
12.6041	0.0192844	141.644	0.81411	0
12.595	0.0193862	141.71	0.821951	0
12.6001	0.0194273	140.809	0.826042	0
12.626	0.0195371	141.477	0.815814	0
12.5927	0.0191627	141.176	0.804223	0
12.5647	0.019081	140.759	0.812746	0
12.5466	0.0191281	141.894	0.810019	0
12.5461	0.0189859	142.962	0.800473	0
12.5614	0.0188716	141.544	0.806269	0
12.5498	0.0189519	140.509	0.823655	0
12.5492	0.0197344	140.592	0.822633	0
12.5805	0.0192517	142.161	0.828769	0
12.575	0.0197247	140.843	0.812064	0
12.5392	0.0188628	140.626	0.813769	0
12.5445	0.0187366	141.443	0.829792	0
12.5591	0.019051	140.609	0.835928	0
12.5628	0.0190178	142.295	0.831155	0
12.5906	0.0192133	141.21	0.820928	0
12.5824	0.0193811	138.657	0.829792	0
12.5645	0.019232	141.61	0.804223	0
12.5818	0.0190811	140.576	0.813769	0
12.5759	0.0190919	140.309	0.809678	0
12.566	0.0191885	143.463	0.815132	0
12.5497	0.0184071	140.576	0.837974	0
12.5311	0.0186994	140.859	0.823655	0
12.5637	0.0186698	141.443	0.806609	0
12.5835	0.0194007	140.909	0.825701	0
12.5412	0.0192198	141.994	0.808314	0
12.5544	0.0191353	141.777	0.816496	0
12.5619	0.0192287	140.426	0.829792	0
12.538	0.0192108	141.41	0.802859	0
12.572	0.0190368	140.375	0.789564	0
12.5869	0.018739	141.01	0.800814	0
12.534	0.0190263	141.16	0.825701	0
12.5139	0.0194195	142.345	0.82536	0
12.5518	0.018806	140.259	0.806269	0
12.563	0.0195254	140.809	0.801155	0
12.5353	0.0190811	140.025	0.816837	0
12.5322	0.0189918	141.777	0.812746	0
12.5394	0.0196057	140.642	0.805928	0
12.5318	0.0186298	140.409	0.800132	0
12.5267	0.0190855	141.176	0.799791	0
12.5305	0.0189983	140.392	0.837974	0
12.5397	0.0191698	141.577	0.816155	0
12.5431	0.0190099	139.675	0.80695	0
12.5475	0.0192146	140.926	0.835587	0
12.5316	0.0188864	140.075	0.810019	0
12.5428	0.0191417	140.292	0.81036	0
12.5688	0.0192257	141.11	0.846497	0
12.5345	0.0187128	140.459	0.809337	0
12.4962	0.0187315	141.227	0.826383	0
12.5177	0.0188135	142.078	0.832178	0
12.5387	0.0191047	141.143	0.823996	0
12.5218	0.0193103	141.143	0.821269	0
12.5397	0.0189928	140.776	0.832178	0
12.5626	0.0191479	141.527	0.822973	0
12.5502	0.0189188	140.559	0.810019	0
12.5326	0.018879	142.411	0.82161	0
12.4985	0.0187771	140.075	0.802859	0
12.482	0.0191528	142.395	0.797746	0
12.525	0.0192237	141.494	0.826383	0
12.5509	0.019596	138.74	0.811723	0
12.527	0.0193917	141.844	0.814791	0
12.5446	0.0186831	141.494	0.821951	0
12.5535	0.0192802	139.858	0.79945	0
12.5333	0.0186139	141.727	0.813769	0
12.5209	0.0187328	141.093	0.802518	0
12.5298	0.0186056	140.943	0.805246	0
12.5396	0.0190651	142.278	0.819223	0
12.5112	0.0187426	140.325	0.813428	0
12.5229	0.0188038	141.861	0.824678	0
12.5412	0.0190995	140.542	0.809337	0
12.5296	0.0192136	141.677	0.811723	0
12.5383	0.019245	142.278	0.819223	0
12.5279	0.0192127	140.242	0.818542	0
12.5219	0.0194457	140.242	0.816837	0
12.5622	0.0196048	141.243	0.812405	0
12.5515	0.0189605	140.743	0.819223	0
12.5101	0.0190555	139.892	0.814791	0
12.52	0.019246	141.894	0.824337	0
12.5325	0.019492	140.826	0.826724	0
12.5194	0.0190669	141.093	0.81036	0
12.5428	0.0187107	140.659	0.803541	0
12.55	0.018912	139.708	0.810019	0
12.5148	0.0191813	142.862	0.799791	0
12.5382	0.0187292	139.992	0.812746	0
12.5671	0.019394	141.026	0.80695	0
12.5156	0.0192334	140.609	0.823314	0
12.5109	0.0189766	141.443	0.831155	0
12.5181	0.018942	139.791	0.806609	0
12.5278	0.0186757	140.092	0.826042	0
12.5628	0.019109	140.192	0.806269	0
12.5315	0.0190623	139.841	0.807291	0
12.5342	0.0189339	139.458	0.801837	0
12.553	0.0191281	141.577	0.815473	0
12.5319	0.019238	140.426	0.809678	0
12.5632	0.0190478	141.143	0.830815	0
12.5439	0.0187353	139.391	0.796723	0
12.5052	0.018789	140.96	0.809678	0
12.5315	0.0190945	140.342	0.831837	0
12.5449	0.018622	141.961	0.812405	0
12.5386	0.0192802	140.342	0.793655	0
12.5091	0.0195165	139.775	0.806609	0
12.5141	0.0187357	142.345	0.813428	0
12.5449	0.0185756	140.442	0.805246	0
12.5232	0.0190011	141.06	0.79945	0
12.5008	0.019125	140.576	0.824678	0
12.5154	0.0192306	143.062	0.826042	0
12.5151	0.0189565	141.71	0.81786	0
12.5209	0.0192049	141.36	0.7957	0
12.52	0.0190153	140.96	0.803882	0
12.5027	0.019102	140.125	0.793995	0
12.5234	0.0192726	141.293	0.792973	0
12.5476	0.0184344	140.793	0.801155	0
12.508	0.0189474	140.676	0.808314	0
12.4924	0.0194001	140.809	0.804905	0
12.502	0.0192447	140.809	0.807291	0
12.4986	0.0195042	142.962	0.823655	0
12.4972	0.0192567	141.877	0.818201	0
12.5138	0.0185127	140.075	0.834224	0
12.5218	0.0188068	140.309	0.820587	0
12.5216	0.0189245	141.443	0.82536	0
12.5248	0.0190751	140.893	0.822633	0
12.522	0.0188667	140.809	0.799791	0
12.5153	0.0195302	141.494	0.812746	0
12.5238	0.0193025	142.244	0.81411	0
12.547	0.0191907	141.026	0.801155	0
12.5333	0.0188934	142.295	0.805246	0
12.4826	0.0186464	139.474	0.824337	0
12.4841	0.018994	140.392	0.828087	0
12.5084	0.0190716	141.644	0.802518	0
12.5032	0.0188944	140.058	0.802518	0
12.5212	0.0191909	141.794	0.813087	0
12.5589	0.0193818	141.11	0.820928	0
12.5346	0.0189771	140.025	0.817519	0
12.5004	0.0185821	142.011	0.816155	0
12.4997	0.0187565	142.061	0.804223	0
12.4865	0.0190459	142.011	0.817519	0
12.5053	0.0193942	141.11	0.805246	0
12.5175	0.0188564	140.776	0.80695	0
12.5014	0.0185927	141.894	0.824337	0
12.4993	0.018975	139.908	0.832519	0
12.5095	0.0189485	140.909	0.788882	0
12.529	0.0193179	141.627	0.818882	0
12.538	0.0189462	141.677	0.819905	0
12.5299	0.0192213	140.859	0.832519	0
12.5315	0.0194661	140.242	0.815132	0
12.5374	0.01911	142.161	0.811382	0
12.5252	0.0193371	141.043	0.788541	0
12.5196	0.0189455	142.044	0.7957	0
12.5246	0.0187112	141.143	0.793995	0
12.515	0.0191658	140.259	0.829792	0
12.5251	0.0189374	141.66	0.812405	0
12.5177	0.0193393	140.626	0.828769	0
12.4906	0.018815	141.21	0.7957	0
12.5195	0.0189479	140.576	0.805246	0
12.521	0.0193061	140.075	0.810019	0
12.4997	0.0187289	142.278	0.808314	0
12.5038	0.0189975	140.693	0.829451	0
12.4885	0.0190769	141.627	0.812746	0
12.4832	0.019084	141.544	0.802178	0
12.4957	0.0188585	139.658	0.799109	0
12.4903	0.018858	141.06	0.811382	0
12.5162	0.0189511	141.126	0.837292	0
12.5341	0.0189763	140.359	0.795018	0
12.5214	0.019085	140.592	0.827746	0
12.5289	0.0188962	140.793	0.81036	0
12.518	0.0195886	140.058	0.828428	0
12.5047	0.0194572	141.56	0.824337	0
12.5044	0.0189405	140.409	0.794336	0
12.4965	0.0190486	138.974	0.804905	0
12.5151	0.0191435	142.261	0.807973	0
12.526	0.0186903	140.476	0.807973	0
12.4781	0.0189731	140.175	0.785132	0
12.4604	0.0187139	140.042	0.792291	0
12.4863	0.0187025	139.291	0.821951	0
12.5166	0.0186603	142.144	0.82161	0
12.5178	0.0193376	139.958	0.835587	0
12.5107	0.0193319	141.343	0.822292	0
12.493	0.0194017	141.944	0.83661	0
12.4848	0.0188951	141.961	0.825019	0
12.5035	0.0187036	141.427	0.808655	0
12.4825	0.0194667	140.025	0.793314	0
12.4826	0.0195553	140.609	0.846156	0
12.5191	0.0190181	141.861	0.8032	0
12.5146	0.0189902	141.46	0.808314	0
12.5235	0.0195143	140.626	0.819223	0
12.5344	0.0188299	140.826	0.826042	0
12.5333	0.0190004	140.375	0.794677	0
12.5107	0.0188541	141.594	0.811382	0
12.4805	0.0189957	140.459	0.811723	0
12.4988	0.0194321	141.861	0.815814	0
12.5043	0.0188957	140.275	0.813087	0
12.4763	0.0187278	142.011	0.805246	0
12.4934	0.0187773	140.926	0.825019	0
12.5395	0.0190745	141.31	0.802178	0
12.5406	0.0190093	142.511	0.811382	0
12.4969	0.0196259	139.791	0.800473	0
12.5124	0.0188738	141.16	0.793995	0
12.5226	0.0189667	141.243	0.814791	0
12.4843	0.0192494	141.243	0.813769	0
12.491	0.0191266	141.794	0.7957	0
12.5278	0.0187758	140.542	0.804564	0
12.5164	0.0185727	141.31	0.812405	0
12.5095	0.0190346	141.11	0.807973	0
12.5156	0.0190868	141.527	0.7957	0
12.5249	0.0194838	140.659	0.822292	0
12.5318	0.0188091	140.476	0.825701	0
12.5156	0.019129	142.094	0.801155	0
12.5279	0.0191121	141.861	0.800473	0
12.5111	0.0187233	139.958	0.794677	0
12.4858	0.0192189	140.409	0.822292	0
12.4928	0.0192156	140.275	0.801496	0
12.4924	0.0187801	140.576	0.809678	0
12.4769	0.0191363	141.093	0.811041	0
12.5034	0.0191921	139.908	0.821951	0
12.5364	0.0191051	141.994	0.804905	0
12.5064	0.0189284	140.893	0.802859	0
12.4884	0.0193618	140.459	0.83661	0
12.493	0.0192382	141.927	0.813428	0
12.4811	0.0190799	140.259	0.815132	0
12.4868	0.0189301	139.825	0.827746	0
12.5057	0.0190774	142.044	0.843428	0
12.498	0.0185824	140.759	0.815473	0
12.495	0.0188325	140.242	0.825019	0
12.5194	0.0189656	139.424	0.797746	0
12.5209	0.0187718	141.393	0.830815	0
12.5273	0.0190276	141.227	0.834224	0
12.5298	0.0195395	140.359	0.834224	0
12.5071	0.0194854	142.795	0.815814	0
12.487	0.019024	140.309	0.806609	0
12.4838	0.018963	141.026	0.821951	0
12.5088	0.0187716	142.128	0.814451	0
12.5446	0.0188412	142.778	0.807291	0
12.516	0.0188796	140.626	0.808996	0
12.48	0.0189261	140.159	0.832519	0
12.5019	0.0189405	141.327	0.823655	0
12.51	0.0195627	142.345	0.820246	0
12.4986	0.0183455	141.026	0.813087	0
12.5128	0.0191354	141.677	0.815473	0
12.5068	0.0190576	141.227	0.793314	0
12.4842	0.0187029	140.025	0.809337	0
12.4836	0.0188093	138.773	0.810019	0
12.4728	0.0187211	140.642	0.814451	0
12.4727	0.0193014	139.625	0.825019	0
12.4877	0.0190294	140.058	0.813769	0
12.4632	0.0193212	141.877	0.801496	0
12.4749	0.0195482	141.777	0.811041	0
12.5412	0.0189019	140.509	0.813087	0
12.5127	0.0192183	141.36	0.8032	0
12.4575	0.0185278	141.494	0.832519	0
12.4869	0.0190799	140.242	0.801155	0
12.5114	0.0187668	142.028	0.793995	0
12.5076	0.0191532	141.527	0.811382	0
12.488	0.0195207	141.043	0.819223	0
12.4519	0.0190298	140.125	0.797746	0
12.4737	0.0190934	140.592	0.812064	0
12.5232	0.0190159	140.559	0.8032	0
12.4942	0.0187377	139.925	0.80695	0
12.4774	0.0190063	140.976	0.80695	0
12.4895	0.01909	143.246	0.792632	0
12.5134	0.0186765	141.26	0.81036	0
12.5389	0.0191547	142.244	0.815132	0
12.5134	0.0191711	142.511	0.798086	0
12.4809	0.0188739	140.843	0.804223	0
12.4947	0.0190204	140.693	0.828428	0
12.499	0.0191894	141.41	0.80695	0
12.4997	0.0192218	141.66	0.819905	0
12.5035	0.0193268	140.776	0.82536	0
12.4847	0.0190822	141.243	0.811041	0
12.4827	0.0193537	139.775	0.815132	0
12.4984	0.0189303	141.494	0.814451	0
12.5118	0.0190314	140.609	0.834565	0
12.5081	0.0193228	140.108	0.81786	0
12.5264	0.0190643	141.193	0.815814	0
12.5305	0.019508	140.125	0.823655	0
12.5091	0.0194721	142.111	0.8107	0
12.4829	0.0187967	140.426	0.811723	0
12.4599	0.0189977	142.461	0.814791	0
12.4689	0.0193178	140.459	0.824678	0
12.4675	0.0190441	140.476	0.798427	0
12.4894	0.0188926	140.859	0.804564	0
12.4953	0.0186524	140.075	0.818542	0
12.4728	0.0185255	142.778	0.816155	0
12.507	0.0188279	140.292	0.815814	0
12.5263	0.0191129	141.527	0.790586	0
12.5212	0.0185937	141.293	0.798427	0
12.5145	0.0193947	142.061	0.796723	0
12.4956	0.0188427	140.476	0.804564	0
12.5032	0.0188714	139.491	0.802518	0
12.5087	0.0187518	139.841	0.828769	0
12.4867	0.0189484	141.31	0.800132	0
12.4891	0.0191783	140.359	0.819564	0
12.4975	0.0184321	140.125	0.818201	0
12.5062	0.018916	139.658	0.828769	0
12.5338	0.0188317	140.592	0.8107	0
12.5456	0.0188688	139.358	0.807291	0
12.5073	0.0193457	139.574	0.834565	0
12.4624	0.018783	140.275	0.823996	0
12.4694	0.0189442	140.943	0.823655	0
12.5219	0.0186905	140.893	0.825701	0
12.5122	0.0184941	139.691	0.820587	0
12.4765	0.018794	140.943	0.807632	0
12.4958	0.0194358	140.576	0.821951	0
12.5058	0.0194659	140.893	0.795359	0
12.4767	0.0188198	141.227	0.816837	0
12.4686	0.0189665	140.375	0.804564	0
12.4862	0.0185479	141.927	0.828428	0
12.4992	0.0186768	139.741	0.842065	0
12.492	0.0186181	141.26	0.816496	0
12.5047	0.0190148	141.594	0.825701	0
12.5175	0.0187724	139.808	0.817178	0
12.4894	0.0191699	139.725	0.840701	0
12.4848	0.0188254	140.793	0.819905	0
12.4834	0.0189377	139.057	0.802178	0
12.4592	0.0192152	141.043	0.802518	0
12.474	0.0187594	140.459	0.813769	0
12.4785	0.0189654	141.494	0.831155	0
12.5029	0.0190974	140.843	0.830133	0
12.4986	0.019182	140.058	0.804223	0
12.4635	0.0189287	140.175	0.837974	0
12.4707	0.0187144	141.911	0.798086	0
12.4941	0.0189682	140.743	0.805587	0
12.5008	0.0189511	141.477	0.811041	0
12.4908	0.0188429	139.241	0.811723	0
12.4581	0.019462	139.875	0.804223	0
12.4836	0.0191002	141.343	0.829792	0
12.5068	0.0192577	140.259	0.797746	0
12.4718	0.0196435	140.592	0.820587	0
12.4547	0.0190894	140.576	0.823314	0
12.4896	0.019249	140.659	0.814451	0
12.512	0.0189881	140.709	0.815814	0
12.5086	0.0191751	141.076	0.820587	0
12.4929	0.0189836	139.474	0.792632	0
12.4797	0.0190723	140.743	0.818882	0
12.4797	0.0192381	140.325	0.827064	0
12.4825	0.0193919	140.626	0.810019	0
12.4763	0.0185701	137.989	0.828428	0
12.449	0.0191091	139.958	0.804905	0
12.4483	0.0189645	141.677	0.806609	0
12.5107	0.018884	140.592	0.806609	0
12.5123	0.019074	141.393	0.821269	0
12.4601	0.0187135	140.225	0.819223	0
12.4932	0.0184449	142.078	0.819905	0
12.5104	0.0192214	139.758	0.813087	0
12.4578	0.0188433	140.976	0.816155	0
12.486	0.0183063	140.876	0.821951	0
12.5008	0.0189384	142.445	0.829792	0
12.4603	0.0186729	140.743	0.820246	0
12.4631	0.0187429	140.175	0.826042	0
12.4936	0.0189113	140.342	0.812405	0
12.4755	0.0189523	141.243	0.836269	0
12.465	0.0191233	142.094	0.84036	0
12.5117	0.0191328	141.16	0.813428	0
12.5293	0.0194217	140.542	0.802518	0
12.5063	0.0189981	141.126	0.822633	0
12.509	0.0193194	140.209	0.836951	0
12.5118	0.0191002	140.209	0.818882	0
12.4766	0.019211	140.893	0.804223	0
12.4608	0.018572	141.777	0.812064	0
12.4641	0.0190522	141.043	0.829792	0
12.4728	0.0184722	140.509	0.823314	0
12.4723	0.0188181	139.574	0.807632	0
12.4758	0.0186766	141.377	0.819223	0
12.4854	0.0185995	140.876	0.819564	0
12.4963	0.018805	140.375	0.824337	0
12.4858	0.0187602	141.794	0.811041	0
12.4789	0.0186939	141.761	0.793314	0
12.5125	0.0188948	141.043	0.821269	0
12.5251	0.0185622	141.076	0.800473	0
12.4688	0.0188719	140.325	0.822292	0
12.4545	0.0191221	141.06	0.816837	0
12.5011	0.0189217	140.175	0.802518	0
12.5051	0.0194269	142.478	0.805928	0
12.4931	0.019351	141.143	0.811041	0
12.5034	0.0194981	141.126	0.800132	0
12.4791	0.0188987	140.342	0.818201	0
12.4798	0.0188567	140.709	0.81786	0
12.4926	0.0191471	140.442	0.819223	0
12.4824	0.0186507	142.311	0.816837	0
12.5048	0.0188391	140.142	0.827405	0
12.5005	0.0190225	140.793	0.812064	0
12.4929	0.0190885	140.793	0.812405	0
12.5182	0.0188808	139.574	0.81786	0
12.5035	0.0188808	140.609	0.81411	0
12.4832	0.0190035	140.943	0.812746	0
12.4779	0.0187088	140.592	0.807973	0
12.4838	0.0192801	141.243	0.804564	0
12.4903	0.0192066	139.608	0.816155	0
12.4921	0.0191974	141.71	0.822292	0
12.5237	0.0190881	140.893	0.809337	0
12.4922	0.0192802	141.143	0.817178	0
12.4553	0.0186419	140.242	0.779677	0
12.4923	0.019155	139.741	0.810019	0
12.4931	0.0191446	140.142	0.828769	0
12.4508	0.0190229	142.461	0.828428	0
12.4638	0.0193097	140.576	0.830815	0
12.4908	0.019027	138.657	0.791609	0
12.4825	0.0186381	141.26	0.799791	0
12.4758	0.0188394	140.125	0.800473	0
12.4831	0.0189526	142.228	0.813087	0
12.4871	0.0192991	138.373	0.803882	0
12.4892	0.0193494	139.875	0.805246	0
12.5219	0.0187321	140.926	0.813087	0
12.5246	0.0189614	142.144	0.819564	0
12.4967	0.018782	140.709	0.787177	0
12.4902	0.0192302	141.193	0.820246	0
12.5154	0.0191079	141.193	0.803541	0
12.5259	0.0196202	141.026	0.792291	0
12.511	0.0188126	141.176	0.809678	0
12.5145	0.0191297	141.093	0.811041	0
12.4996	0.0188049	140.325	0.808996	0
12.4823	0.0187779	141.06	0.805246	0
12.5058	0.0189502	140.175	0.808996	0
12.4843	0.0190184	140.492	0.824678	0
12.4766	0.0188661	141.176	0.829451	0
12.4915	0.0191526	141.744	0.814451	0
12.4673	0.0187689	140.426	0.812746	0
12.4649	0.0194239	140.759	0.805246	0
12.504	0.0190636	140.459	0.803541	0
12.5039	0.018937	140.392	0.800132	0
12.47	0.0190523	140.859	0.812746	0
12.4764	0.0191727	140.976	0.822973	0
12.493	0.0194272	140.926	0.788541	0
12.5117	0.019486	140.909	0.7957	0
12.5107	0.0189456	139.858	0.805587	0
12.4887	0.0198733	140.893	0.818542	0
12.5225	0.019227	141.677	0.8107	0
12.523	0.0190374	139.892	0.816155	0
12.4475	0.0190751	141.277	0.80695	0
12.4482	0.0186694	140.759	0.824678	0
12.495	0.0187557	140.259	0.813428	0
12.4839	0.0192045	140.459	0.820246	0
12.4584	0.0190857	139.641	0.79945	0
12.4785	0.0194713	140.909	0.819905	0
12.4978	0.0186942	139.875	0.812746	0
12.4835	0.0190292	142.428	0.823996	0
12.4696	0.0186498	141.277	0.820246	0
12.4621	0.0187109	139.858	0.797064	0
12.4518	0.0188935	140.709	0.834565	0
12.4728	0.0186871	141.393	0.822633	0
12.5165	0.0183907	141.644	0.81036	0
12.504	0.0188097	138.924	0.794336	0
12.474	0.0186967	140.242	0.792632	0
12.4922	0.0191749	139.574	0.814791	0
12.5107	0.0186635	139.975	0.801496	0
12.4884	0.0189214	140.926	0.814791	0
12.4642	0.0189994	139.558	0.814791	0
12.4686	0.018189	141.644	0.811041	0
12.4614	0.0189242	140.776	0.815132	0
12.4584	0.0181354	140.325	0.796723	0
12.4598	0.0187248	139.424	0.820246	0
12.4577	0.0186634	140.125	0.815814	0
12.4807	0.0185696	140.459	0.818542	0
12.4633	0.0187597	141.961	0.828769	0
12.4604	0.0190927	139.958	0.80695	0
12.5083	0.0190286	141.393	0.826383	0
12.5269	0.0188295	140.759	0.824337	0
12.4991	0.0193114	140.292	0.814791	0
12.4684	0.0183424	138.807	0.823996	0
12.4881	0.0186433	141.56	0.813428	0
12.4735	0.0191136	140.392	0.806269	0
12.4655	0.018794	140.092	0.806269	0
12.4921	0.0190454	140.943	0.821269	0
12.473	0.0189331	140.209	0.803541	0
12.4676	0.0186778	141.293	0.799791	0
12.485	0.0192252	141.56	0.815473	0
12.4663	0.0194032	140.976	0.809678	0
12.4672	0.0191268	140.576	0.831496	0
12.4736	0.0190491	139.741	0.805928	0
12.469	0.0186283	141.41	0.815814	0
12.4724	0.0187267	141.927	0.819223	0
12.4669	0.0193379	138.673	0.808996	0
12.4419	0.0192398	141.911	0.819223	0
12.4297	0.0189388	140.309	0.819564	0
12.4547	0.0191872	140.776	0.790927	0
12.4913	0.0188373	139.958	0.790586	0
12.4803	0.01856	141.126	0.83661	0
12.4578	0.0187632	141.393	0.830815	0
12.4974	0.0191917	142.078	0.828087	0
12.5185	0.0193818	141.477	0.788882	0
12.4662	0.0186447	140.108	0.809678	0
12.4685	0.0191239	141.877	0.82536	0
12.5035	0.0190679	141.026	0.804223	0
12.4958	0.0190764	140.509	0.821269	0
12.5048	0.01932	139.975	0.812405	0
12.4869	0.0191444	140.259	0.829451	0
12.4731	0.0191331	140.559	0.822292	0
12.5015	0.0185066	142.795	0.829792	0
12.4876	0.0192155	139.241	0.818201	0
12.4763	0.0190547	141.126	0.825701	0
12.4953	0.0191859	140.709	0.793655	0
12.4777	0.0193408	141.11	0.838997	0
12.4521	0.0189522	141.227	0.808655	0
12.4792	0.0187634	140.626	0.819905	0
12.4699	0.0187527	140.409	0.8032	0
12.4536	0.0187442	141.944	0.822633	0
12.4857	0.0191994	140.125	0.81036	0
12.4814	0.019229	141.694	0.83661	0
12.4688	0.0186996	141.193	0.817178	0
12.4784	0.0191413	140.359	0.811041	0
12.4634	0.0189117	140.375	0.808996	0
12.4897	0.0182764	141.994	0.805587	0
12.5259	0.0189459	140.075	0.83286	0
12.5021	0.0186714	141.06	0.8107	0
12.4775	0.0191765	141.71	0.808314	0
12.4804	0.0191507	140.526	0.789564	0
12.4722	0.0191554	139.908	0.812405	0
12.444	0.0193847	139.541	0.80695	0
12.4436	0.0189222	141.11	0.817178	0
12.4836	0.0188834	140.826	0.854338	0
12.4792	0.0187713	141.994	0.819564	0
12.4705	0.0187943	141.727	0.825019	0
12.4894	0.0191238	140.292	0.820587	0
12.4848	0.0187244	140.192	0.821951	0
12.4667	0.0191588	141.193	0.827746	0
12.4796	0.0192118	141.844	0.815132	0
12.485	0.0190421	138.673	0.822973	0
12.472	0.0190665	140.459	0.816837	0
12.4964	0.0187419	140.175	0.792973	0
12.511	0.0186431	141.544	0.812405	0
12.4891	0.0186266	142.562	0.819223	0
12.4899	0.0191231	141.877	0.807632	0
12.5039	0.0189917	142.211	0.793314	0
12.4812	0.0190328	141.143	0.813428	0
12.4798	0.0189275	139.174	0.836269	0
12.4975	0.0190474	142.628	0.827405	0
12.456	0.0196226	140.209	0.820587	0
12.4468	0.0186732	140.609	0.81411	0
12.4938	0.0184819	141.126	0.807632	0
12.465	0.018981	140.893	0.795018	0
12.4458	0.0187865	139.908	0.797746	0
12.4936	0.0187878	140.242	0.800814	0
12.4924	0.0184471	141.877	0.781041	0
12.4746	0.0187562	140.175	0.805246	0
12.4785	0.0191431	141.927	0.816155	0
12.4762	0.0190684	139.942	0.804223	0
12.4639	0.0192602	140.526	0.790245	0
12.4674	0.0188638	141.744	0.807973	0
12.4811	0.0188569	140.759	0.816837	0
12.4716	0.0192683	142.194	0.837974	0
12.4753	0.0185099	141.076	0.8107	0
12.4667	0.0187146	139.574	0.816496	0
12.4707	0.0188084	141.577	0.824678	0
12.5005	0.0187288	141.46	0.813769	0
12.4898	0.0193316	140.058	0.807632	0
12.4677	0.0187167	140.96	0.828769	0
12.4711	0.0193727	140.926	0.811723	0
12.4776	0.0192822	141.026	0.818542	0
12.4723	0.019123	138.74	0.801837	0
12.4845	0.0189063	141.777	0.818542	0
12.4794	0.0190111	141.143	0.799791	0
12.4674	0.0182004	142.161	0.823655	0
12.4906	0.0187469	140.826	0.802859	0
12.4804	0.019042	140.192	0.792632	0
12.4454	0.0191898	140.392	0.824337	0
12.4473	0.0188779	140.559	0.815132	0
12.4743	0.0191116	139.741	0.811382	0
12.4682	0.0185912	140.759	0.800132	0
12.4402	0.0184103	140.075	0.801155	0
12.4433	0.0186733	139.057	0.823996	0
12.4734	0.0185756	141.927	0.81411	0
12.4758	0.0186481	141.06	0.800814	0
12.4623	0.0192358	141.01	0.838315	0
12.4942	0.0190915	142.578	0.815814	0
12.4981	0.0188582	140.325	0.805587	0
12.4621	0.0192517	140.693	0.802518	0
12.4821	0.0186659	140.292	0.823314	0
12.4994	0.0191686	139.574	0.819564	0
12.4733	0.019078	140.459	0.812405	0
12.4697	0.0186092	141.143	0.828769	0
12.4938	0.0187734	140.776	0.794336	0
12.4698	0.0188578	140.342	0.826724	0
12.4308	0.0188039	140.509	0.804905	0
12.4583	0.0190186	140.709	0.822292	0
12.4906	0.0188758	140.159	0.82911	0
12.4615	0.0189321	141.243	0.800473	0
12.4282	0.0186106	140.592	0.824337	0
12.469	0.0187408	141.644	0.827405	0
12.501	0.0191201	139.858	0.811041	0
12.4477	0.0187708	140.642	0.81036	0
12.4436	0.0191063	140.225	0.810019	0
12.4893	0.018993	139.925	0.786154	0
12.4518	0.0189809	142.578	0.807973	0
12.4291	0.0191729	141.794	0.827064	0
12.4658	0.0190686	140.092	0.815814	0
12.4721	0.0188083	142.495	0.809678	0
12.4694	0.0189823	140.492	0.822973	0
12.4697	0.0192355	139.608	0.800132	0
12.457	0.0190287	140.375	0.802178	0
12.4623	0.0189037	141.093	0.798427	0
12.4712	0.0187212	141.126	0.789564	0
12.4544	0.0191479	141.577	0.82911	0
12.4926	0.019169	141.243	0.816496	0
12.4985	0.0196805	139.841	0.802859	0
12.4578	0.0191362	141.527	0.810019	0
12.4898	0.0186916	140.859	0.813087	0
12.4868	0.0188181	139.808	0.816496	0
12.4552	0.0185626	139.541	0.820928	0
12.4682	0.0189043	141.327	0.802518	0
12.4994	0.0187223	141.343	0.829451	0
12.4778	0.0186412	140.442	0.79195	0
12.4673	0.0186672	139.191	0.806609	0
12.4835	0.0189002	140.826	0.824678	0
12.4842	0.018882	140.542	0.815814	0
12.4988	0.0186893	142.028	0.819564	0
12.4776	0.018874	141.343	0.804564	0
12.4251	0.0185393	139.491	0.825701	0
12.4399	0.0188911	140.893	0.831837	0
12.4775	0.0194163	140.993	0.822973	0
12.4445	0.0186561	140.492	0.801155	0
12.4403	0.0190372	139.708	0.807973	0
12.4728	0.0186949	141.21	0.823314	0
12.4886	0.019087	141.544	0.802859	0
12.5037	0.0191666	139.908	0.815814	0
12.4865	0.0192402	140.209	0.804564	0
12.4935	0.0186663	140.809	0.806609	0
12.5067	0.0190781	140.976	0.826724	0
12.4797	0.0190499	140.743	0.817178	0
12.4727	0.0192482	140.292	0.788882	0
12.4821	0.0187463	141.894	0.811041	0
12.4663	0.0193954	140.993	0.804564	0
12.464	0.0191577	141.16	0.819564	0
12.4695	0.0188132	140.626	0.806269	0
12.4733	0.0187649	140.993	0.8032	0
12.4546	0.0194795	139.791	0.805928	0
12.4455	0.0190691	141.794	0.819223	0
12.4778	0.0191019	139.791	0.812405	0
12.4755	0.018845	141.911	0.814451	0
12.464	0.0189352	140.676	0.812064	0
12.4661	0.0190108	140.809	0.830815	0
12.4345	0.0187022	141.076	0.828769	0
12.4501	0.0189166	140.275	0.824678	0
12.491	0.0186159	141.844	0.837633	0
12.4786	0.0188634	140.976	0.817519	0
12.4611	0.0191735	140.876	0.81036	0
12.487	0.0191967	140.159	0.815132	0
12.4848	0.0186151	140.042	0.802178	0
12.452	0.0188024	141.544	0.811723	0
12.473	0.0187281	140.592	0.808996	0
12.4675	0.0191197	141.761	0.813428	0
12.422	0.0190742	141.21	0.815473	0
12.4489	0.0191038	141.393	0.816837	0
12.4884	0.0188619	142.211	0.795018	0
12.4792	0.0195144	140.125	0.820928	0
12.4734	0.0190879	140.609	0.805587	0
12.4666	0.0183491	142.194	0.7957	0
12.4855	0.0192783	142.178	0.791268	0
12.506	0.0188912	139.141	0.816837	0
12.4849	0.0186716	140.008	0.806609	0
12.468	0.0189241	140.092	0.815132	0
12.4808	0.0185648	140.058	0.816837	0
12.4882	0.0186622	141.56	0.783427	0
12.5038	0.01876	141.994	0.800132	0
12.4894	0.0185839	140.175	0.834565	0
12.4592	0.0190669	141.393	0.831155	0
12.4633	0.0189898	140.576	0.8107	0
12.4735	0.0191413	141.644	0.842747	0
12.4815	0.0186681	142.178	0.813087	0
12.4909	0.0190537	142.645	0.826042	0
12.4738	0.0197949	140.476	0.811382	0
12.4678	0.0188896	140.826	0.832519	0
12.4791	0.0187855	140.876	0.798427	0
12.4861	0.0182342	140.392	0.81786	0
12.4772	0.0187478	140.826	0.848542	0
12.4647	0.0189193	141.076	0.817178	0
12.4702	0.0191601	141.894	0.818542	0
12.4853	0.0196304	141.66	0.82536	0
12.4907	0.019192	140.225	0.81411	0
12.4791	0.0193215	139.574	0.803541	0
12.4518	0.0187035	141.026	0.800132	0
12.4515	0.0186755	141.21	0.808314	0
12.4863	0.0189305	139.691	0.803541	0
12.4781	0.0188886	139.341	0.816837	0
12.4593	0.0192153	140.659	0.822973	0
12.4789	0.0195133	140.776	0.81786	0
12.4622	0.0187941	140.876	0.838315	0
12.4616	0.0187369	141.377	0.827746	0
12.491	0.0188674	139.458	0.796041	0
12.4785	0.0190813	141.377	0.815132	0
12.4671	0.0191463	141.61	0.808996	0
12.4792	0.018719	142.762	0.796723	0
12.4788	0.0191357	140.843	0.832178	0
12.4873	0.0189563	140.709	0.814791	0
12.4693	0.0192393	140.108	0.816837	0
12.4455	0.0185973	141.327	0.812064	0
12.4843	0.0188591	139.625	0.805587	0
12.4783	0.0189952	140.976	0.817178	0
12.4709	0.0196539	140.492	0.813087	0
12.4763	0.0191038	140.809	0.832519	0
12.4513	0.0188817	140.909	0.786154	0
12.4739	0.0185577	140.642	0.806609	0
12.4985	0.0184973	141.026	0.815473	0
12.455	0.0187827	139.892	0.831155	0
12.417	0.0185704	140.659	0.809337	0
12.4692	0.0187873	140.743	0.807632	0
12.5064	0.0191783	139.908	0.835246	0
12.4699	0.0188254	141.227	0.830474	0
12.4468	0.018581	142.161	0.814791	0
12.4984	0.0189265	140.642	0.810019	0
12.5003	0.0192058	140.058	0.804905	0
12.4552	0.0192225	141.977	0.822292	0
12.4853	0.0190377	140.225	0.81036	0
12.5018	0.0192291	142.645	0.804905	0
12.4694	0.0188637	139.107	0.816837	0
12.4601	0.0188942	141.36	0.811041	0
12.4849	0.0185138	139.992	0.797405	0
12.4692	0.0192283	141.327	0.825019	0
12.4432	0.0188271	140.426	0.843769	0
12.4659	0.0188585	141.143	0.80695	0
12.4877	0.0188754	140.559	0.809337	0
12.4693	0.0188279	139.841	0.835246	0
12.4645	0.0193627	140.726	0.818542	0
12.4733	0.0185995	141.176	0.808996	0
12.4778	0.0194707	140.325	0.805246	0
12.4782	0.0191539	141.176	0.820587	0
12.4602	0.019404	140.743	0.816837	0
12.4663	0.0187044	141.26	0.812064	0
12.4946	0.0188398	141.227	0.806269	0
12.4971	0.0195377	141.46	0.840019	0
12.4617	0.019209	140.492	0.813087	0
12.4408	0.0193142	140.592	0.826042	0
12.4778	0.0191525	141.277	0.834906	0
12.4775	0.0190262	140.459	0.815814	0
12.4452	0.0187094	139.408	0.807291	0
12.4333	0.0190996	139.658	0.802518	0
12.414	0.0191649	138.924	0.828428	0
12.4239	0.0190632	140.342	0.831837	0
12.4606	0.0191271	140.242	0.828087	0
12.4702	0.0186475	140.125	0.828428	0
12.4498	0.0188668	141.911	0.802178	0
12.4463	0.0188797	141.01	0.822633	0
12.4646	0.0190275	140.426	0.812064	0
12.4612	0.018937	140.225	0.793655	0
12.4575	0.0188665	140.559	0.802178	0
12.4687	0.0186023	141.977	0.836951	0
12.4793	0.0189803	141.443	0.820587	0
12.4599	0.0189816	141.894	0.809678	0
12.4592	0.0187248	142.929	0.80695	0
12.4799	0.0191554	139.758	0.804223	0
12.4688	0.0190221	141.06	0.801155	0
12.4884	0.0191579	140.759	0.804905	0
12.497	0.0185669	141.16	0.816155	0
12.4529	0.0184345	140.409	0.807632	0
12.4516	0.0183082	141.777	0.834906	0
12.4818	0.0189634	141.777	0.782063	0
12.4534	0.0189538	140.309	0.830133	0
12.4392	0.0190622	141.143	0.822633	0
12.4507	0.018854	141.66	0.81786	0
12.4619	0.0185583	141.694	0.815132	0
12.4695	0.0188038	140.392	0.799791	0
12.463	0.0189188	140.509	0.797746	0
12.4718	0.0191562	141.527	0.821951	0
12.4962	0.0190475	140.676	0.815814	0
12.493	0.0188707	139.791	0.824678	0
12.4746	0.0187325	141.227	0.78445	0
12.4995	0.0188418	140.209	0.805587	0
12.4902	0.0190469	139.675	0.81036	0
12.4614	0.0189693	141.293	0.805587	0
12.4619	0.0185767	140.592	0.818542	0
12.4411	0.0187892	140.509	0.811723	0
12.4747	0.0189552	140.159	0.8032	0
12.4981	0.0187355	140.859	0.819564	0
12.4749	0.0184026	140.476	0.823996	0
12.4784	0.0186591	141.11	0.827746	0
12.4737	0.0194574	140.209	0.802178	0
12.4712	0.0196971	141.026	0.82536	0
12.4834	0.0193317	139.307	0.815132	0
12.4856	0.0191987	141.393	0.816496	0
12.4853	0.0192664	141.093	0.826383	0
12.4921	0.0193198	142.595	0.816837	0
12.4635	0.0195096	140.426	0.834565	0
12.4433	0.0189893	141.977	0.81411	0
12.4683	0.0190061	141.227	0.794336	0
12.502	0.0185192	141.11	0.826042	0
12.5008	0.0189384	141.66	0.8107	0
12.4859	0.0188321	139.808	0.820246	0
12.4894	0.0191709	141.21	0.800473	0
12.4773	0.0194358	142.011	0.804564	0
12.4484	0.0195603	140.993	0.819564	0
12.4741	0.0191268	141.577	0.829451	0
12.5018	0.0186449	140.476	0.803541	0
12.4722	0.0192695	140.392	0.817519	0
12.4562	0.018955	141.894	0.815132	0
12.4652	0.0193318	139.574	0.816496	0
12.4592	0.0189948	141.01	0.808996	0
12.4554	0.0191942	140.726	0.813428	0
12.4607	0.0193084	140.96	0.826383	0
12.4514	0.0194897	141.577	0.812746	0
12.4603	0.0188451	141.01	0.818542	0
12.4807	0.0190588	141.26	0.805587	0
12.4797	0.0191151	141.994	0.818882	0
12.4532	0.0190509	141.46	0.818201	0
12.4405	0.0196342	141.977	0.804564	0
12.4651	0.0194222	141.26	0.811723	0
12.4739	0.019013	141.06	0.813087	0
12.4764	0.0185504	142.178	0.821269	0
12.4819	0.0184156	140.008	0.833542	0
12.4645	0.0195541	140.826	0.808996	0
12.4751	0.0186614	141.06	0.804564	0
12.4705	0.0191766	140.809	0.834906	0
12.4586	0.0189295	140.726	0.807291	0
12.4688	0.0190099	141.794	0.814791	0
12.4854	0.0192287	139.641	0.799109	0
12.4887	0.0191593	140.709	0.806609	0
12.4751	0.0192246	141.126	0.809337	0
12.4823	0.0191173	142.161	0.810019	0
12.4767	0.0189361	140.442	0.834565	0
12.4455	0.0190503	140.659	0.824678	0
12.4498	0.0191807	139.992	0.821269	0
12.4597	0.0189357	141.744	0.806269	0
12.4709	0.0185393	140.96	0.813769	0
12.4739	0.0185428	139.641	0.804223	0
12.4707	0.0189473	140.008	0.825019	0
12.4671	0.0191648	141.36	0.819223	0
12.4648	0.0190251	140.909	0.841042	0
12.4617	0.0191881	140.743	0.800814	0
12.4408	0.0188621	140.859	0.833542	0
12.4391	0.0187006	141.243	0.800132	0
12.4693	0.0189723	140.409	0.816155	0
12.4803	0.0187033	140.809	0.802178	0
12.4745	0.0195156	140.309	0.796723	0
12.481	0.0189641	140.576	0.811723	0
12.4885	0.0184836	141.176	0.819905	0
12.462	0.0184772	139.524	0.795359	0
12.4426	0.0186736	140.476	0.806609	0
12.4694	0.0192535	139.992	0.782745	0
12.483	0.0194503	139.391	0.81786	0
12.4692	0.0195569	140.125	0.81411	0
12.4752	0.0187272	141.544	0.811041	0
12.464	0.0190094	140.008	0.832178	0
12.4421	0.0186678	140.342	0.800473	0
12.4696	0.0191789	139.975	0.816496	0
12.4834	0.0188611	141.026	0.802859	0
12.4579	0.0190716	140.325	0.802859	0
12.4555	0.0191558	140.642	0.811723	0
12.4722	0.0187674	139.958	0.808655	0
12.4623	0.0192321	141.176	0.814791	0
12.4425	0.0191258	139.825	0.797405	0
12.4551	0.0190678	140.893	0.824337	0
12.4691	0.0188661	140.909	0.793314	0
12.4612	0.018875	141.927	0.82536	0
12.4384	0.0190622	140.375	0.8107	0
12.4286	0.0191158	139.625	0.814451	0
12.4509	0.0186278	140.709	0.816837	0
12.4761	0.0191194	141.243	0.830815	0
12.4656	0.0193285	141.026	0.799791	0
12.4468	0.0195261	140.309	0.789564	0
12.4459	0.0193147	141.393	0.815473	0
12.4548	0.0191921	142.311	0.807291	0
12.4756	0.0185384	141.911	0.802518	0
12.4663	0.0187375	140.492	0.813087	0
12.4423	0.0188273	139.875	0.803882	0
12.459	0.0187814	140.793	0.799791	0
12.4744	0.0193813	140.025	0.819223	0
12.4588	0.0196	139.574	0.815132	0
12.4557	0.0194722	140.509	0.808314	0
12.4493	0.0191056	140.125	0.788882	0
12.4692	0.0186966	141.193	0.797746	0
12.4983	0.0190809	140.843	0.836951	0
12.4892	0.0185659	140.926	0.821269	0
12.5022	0.0189961	141.16	0.807291	0
12.4854	0.01913	141.527	0.796382	0
12.4541	0.0188893	140.609	0.801155	0
12.4533	0.0192432	141.427	0.824678	0
12.4628	0.0191599	141.093	0.813428	0
12.4409	0.0191338	138.924	0.7882	0
12.4087	0.0187511	140.693	0.81786	0
12.4382	0.0189868	139.057	0.825019	0
12.4698	0.0187795	141.227	0.805928	0
12.4541	0.0186168	140.726	0.81411	0
12.4458	0.0191017	141.677	0.829451	0
12.4533	0.0183311	140.743	0.826383	0
12.4694	0.0189058	140.192	0.817178	0
12.4736	0.0192129	140.159	0.81786	0
12.469	0.0191748	139.524	0.821951	0
12.4706	0.0190343	140.459	0.802859	0
12.4792	0.019306	139.808	0.81786	0
12.4591	0.0189844	140.409	0.815473	0
12.4482	0.0184133	141.393	0.802518	0
12.4614	0.0185296	140.159	0.804564	0
12.4413	0.0186425	141.343	0.796041	0
12.4475	0.0189961	141.176	0.807973	0
12.4838	0.0191207	140.642	0.825701	0
12.4711	0.0181822	140.359	0.838656	0
12.4404	0.0190029	141.327	0.820246	0
12.4522	0.0189005	141.193	0.827746	0
12.4683	0.0186393	140.159	0.804223	0
12.4573	0.0187754	142.194	0.836269	0
12.4518	0.0189511	140.225	0.805587	0
12.4622	0.0189934	140.826	0.816496	0
12.4924	0.0188728	141.143	0.820587	0
12.4605	0.0187639	141.06	0.825701	0
12.4378	0.018951	141.277	0.817519	0
12.4544	0.0188241	141.56	0.797405	0
12.4674	0.0197115	141.71	0.814791	0
12.5076	0.0195004	142.829	0.828769	0
12.49	0.0186579	141.176	0.823314	0
12.4415	0.0190465	140.092	0.809678	0
12.4488	0.0185268	139.257	0.811041	0
12.4578	0.0191041	141.46	0.804905	0
12.4515	0.0187131	141.46	0.816837	0
12.4333	0.0188522	140.509	0.815473	0
12.4631	0.0191955	141.293	0.813769	0
12.4996	0.019037	141.093	0.813428	0
12.479	0.0189141	140.676	0.841042	0
12.4317	0.0187327	139.524	0.799109	0
12.4459	0.0189277	141.41	0.806269	0
12.4661	0.0187168	140.993	0.808655	0
12.4409	0.0193352	139.675	0.818201	0
12.4688	0.0188188	141.861	0.812064	0
12.5	0.0185724	141.126	0.823314	0
12.4676	0.019367	141.01	0.827064	0
12.4334	0.0189448	140.859	0.808314	0
12.4254	0.0186564	141.56	0.826724	0
12.4412	0.0188779	141.143	0.808996	0
12.4504	0.019196	138.99	0.822292	0
12.4376	0.018798	140.492	0.814451	0
12.4407	0.0187659	140.442	0.818201	0
12.4519	0.0192852	138.657	0.811041	0
12.4565	0.0193521	139.441	0.802178	0
12.4678	0.0191423	141.36	0.808314	0
12.4509	0.0190623	140.576	0.805587	0
12.4414	0.0187839	141.527	0.818201	0
12.4473	0.0191618	139.992	0.818882	0
12.4676	0.0187899	140.609	0.833201	0
12.4923	0.0194996	140.125	0.822633	0
12.4788	0.0196717	140.609	0.826383	0
12.4571	0.0189903	141.126	0.816155	0
12.4552	0.018939	142.495	0.820246	0
12.4476	0.018753	140.642	0.813087	0
12.4427	0.0188877	140.876	0.818201	0
12.4515	0.0188544	140.726	0.807973	0
12.4625	0.0189887	140.659	0.81411	0
12.4752	0.0192002	142.361	0.834906	0
12.4682	0.0188437	140.576	0.822292	0
12.449	0.0192237	142.662	0.823655	0
12.471	0.0187722	140.125	0.805928	0
12.4748	0.0190771	141.744	0.796723	0
12.4704	0.0184453	140.709	0.810019	0
12.4921	0.0190764	142.161	0.800473	0
12.4906	0.0189703	141.126	0.808314	0
12.4516	0.0185875	139.858	0.804905	0
12.4409	0.0188302	139.841	0.799109	0
12.4574	0.0190423	139.608	0.803882	0
12.4639	0.019317	141.093	0.804564	0
12.4705	0.01874	139.942	0.806609	0
12.4802	0.0187532	139.992	0.803882	0
12.4673	0.0189657	140.426	0.808314	0
12.4403	0.0185835	140.042	0.843769	0
12.4711	0.0190428	142.128	0.819905	0
12.5033	0.0190676	139.291	0.792291	0
12.4667	0.0186905	140.576	0.817519	0
12.4645	0.0194455	141.377	0.802518	0
12.4699	0.018924	140.092	0.832519	0
12.4553	0.0191753	139.508	0.827405	0
12.4734	0.019187	140.492	0.82161	0
12.4735	0.0191426	140.426	0.814451	0
12.4473	0.0192577	141.193	0.813769	0
12.432	0.0190367	139.625	0.817178	0
12.4263	0.0188976	142.044	0.811041	0
12.4293	0.0191862	141.227	0.809678	0
12.4343	0.0187075	140.826	0.808996	0
12.4442	0.0191069	139.775	0.817178	0
12.4588	0.0190726	140.943	0.800132	0
12.4317	0.0186688	140.058	0.799791	0
12.4459	0.0187626	140.776	0.815473	0
12.478	0.0192222	141.026	0.805928	0
12.4516	0.0189924	139.841	0.806269	0
12.4352	0.0183751	141.176	0.813087	0
12.4644	0.0188373	141.11	0.806609	0
12.4834	0.018792	140.96	0.804564	0
12.4636	0.0189141	141.494	0.812746	0
12.4561	0.0193142	141.076	0.842406	0
12.4562	0.0188095	141.093	0.801837	0
12.4409	0.0185266	141.644	0.825701	0
12.4221	0.0192209	140.642	0.813087	0
12.4468	0.0195229	140.125	0.812405	0
12.4873	0.019027	140.042	0.796041	0
12.4748	0.0191473	139.207	0.801837	0
12.4591	0.0187362	141.343	0.821269	0
12.4636	0.0184938	141.477	0.780018	0
12.4684	0.0190483	141.51	0.804905	0
12.4518	0.0188083	138.74	0.843428	0
12.4308	0.0191359	141.861	0.824678	0
12.4231	0.0190015	141.026	0.822292	0
12.4425	0.0185745	139.591	0.82536	0
12.4588	0.0192604	141.994	0.802178	0
12.4554	0.0191551	140.709	0.843428	0
12.4508	0.0194271	141.36	0.820246	0
12.4583	0.0193746	140.309	0.837633	0
12.4652	0.019277	141.377	0.803541	0
12.4519	0.0188497	141.61	0.79945	0
12.4457	0.0192005	141.527	0.804223	0
12.4551	0.0191804	140.559	0.832178	0
12.477	0.0195964	139.858	0.812405	0
12.4739	0.0187867	141.811	0.801155	0
12.441	0.0187332	140.559	0.862179	0
12.4307	0.0190731	140.476	0.813769	0
12.449	0.0185398	140.108	0.807632	0
12.4585	0.0188022	141.51	0.821951	0
12.4467	0.0187222	140.192	0.816155	0
12.4278	0.019016	139.908	0.814791	0
12.4479	0.0191582	141.06	0.800473	0
12.4603	0.0190909	140.225	0.794677	0
12.4762	0.0189072	140.042	0.807973	0
12.5062	0.0189504	141.243	0.811041	0
12.4744	0.0189322	140.542	0.816155	0
12.4367	0.0188926	139.091	0.835246	0
12.4383	0.0188234	141.527	0.844792	0
12.4613	0.0192747	142.161	0.826724	0
12.4483	0.0190818	140.476	0.834565	0
12.4173	0.0191774	140.542	0.813769	0
12.4513	0.0190024	140.325	0.83286	0
12.5137	0.0191865	140.592	0.809337	0
12.4991	0.0194254	140.859	0.813769	0
12.4476	0.019087	142.895	0.818882	0
12.4496	0.0189382	140.325	0.818882	0
12.4497	0.0187346	141.277	0.81411	0
12.4268	0.018742	140.042	0.788541	0
12.4381	0.0181889	140.075	0.844451	0
12.4587	0.0190611	141.727	0.800132	0
12.4611	0.0191368	141.51	0.823996	0
12.4776	0.0185834	139.958	0.823314	0
12.4438	0.0189494	139.741	0.812405	0
12.4225	0.0189069	141.143	0.807291	0
12.4411	0.0188526	139.808	0.827064	0
12.4262	0.0188295	141.11	0.826042	0
12.4059	0.0193365	139.708	0.812405	0
12.451	0.0189069	141.377	0.827746	0
12.48	0.018467	140.576	0.82161	0
12.447	0.0188935	139.491	0.811041	0
12.4519	0.0194204	142.111	0.810019	0
12.4582	0.018769	140.96	0.824337	0
12.4373	0.0186257	142.144	0.811723	0
12.4442	0.0189042	141.677	0.8107	0
12.4727	0.0189439	139.458	0.819905	0
12.4617	0.0189641	141.494	0.8107	0
12.4534	0.0190262	141.277	0.802859	0
12.4685	0.0191728	140.559	0.82161	0
12.4978	0.0196591	142.378	0.812064	0
12.4925	0.0188697	140.058	0.821269	0
12.4418	0.0189875	140.659	0.807291	0
12.459	0.01854	140.776	0.822633	0
12.4873	0.0188286	142.778	0.832178	0
12.4694	0.0191513	140.142	0.815473	0
12.4456	0.0190314	140.459	0.81786	0
12.4749	0.0185269	141.176	0.814451	0
12.4909	0.0191487	140.943	0.836269	0
12.4567	0.0192923	139.908	0.807291	0
12.463	0.0189364	139.975	0.797746	0
12.4715	0.0190443	141.494	0.820587	0
12.4632	0.0192333	141.06	0.819905	0
12.4625	0.0185843	141.677	0.813087	0
12.4291	0.0193315	140.309	0.801837	0
12.421	0.0184988	139.708	0.793995	0
12.4611	0.0188268	140.776	0.82536	0
12.46	0.0187737	140.209	0.818201	0
12.4547	0.0187939	140.826	0.820246	0
12.5108	0.0190733	140.976	0.816496	0
12.4993	0.0186748	141.143	0.820928	0
12.4679	0.0191203	141.527	0.814451	0
12.4813	0.0186669	140.576	0.811723	0
12.4689	0.0181591	139.057	0.803882	0
12.441	0.0188333	143.146	0.819223	0
12.4619	0.0187044	139.207	0.823655	0
12.4695	0.0193125	139.758	0.818201	0
12.4512	0.0192436	142.345	0.813087	0
12.4499	0.0188154	140.776	0.811041	0
12.4614	0.018634	140.576	0.799109	0
12.4517	0.0182121	140.242	0.831155	0
12.4413	0.0188327	140.159	0.807632	0
12.4615	0.0192429	141.861	0.8032	0
12.4674	0.0194487	141.527	0.79195	0
12.4516	0.019191	140.642	0.82161	0
12.467	0.0192686	141.677	0.826724	0
12.4651	0.0190252	141.076	0.829451	0
12.4373	0.0190379	141.377	0.838656	0
12.4694	0.0191023	142.328	0.810019	0
12.4625	0.0188489	140.392	0.805587	0
12.4352	0.0190108	139.675	0.793314	0
12.4566	0.0188098	142.044	0.814791	0
12.453	0.0187047	139.291	0.814451	0
12.4626	0.0189249	141.393	0.820928	0
12.468	0.0197523	139.691	0.795359	0
12.4302	0.0195776	141.01	0.805246	0
12.4515	0.018628	142.244	0.817178	0
12.4756	0.0186909	141.277	0.820246	0
12.4475	0.0189268	142.345	0.81036	0
12.4485	0.0187929	141.677	0.805928	0
12.4515	0.01863	141.594	0.819905	0
12.4397	0.0185178	140.96	0.803882	0
12.4262	0.0186603	141.31	0.809678	0
12.4011	0.0193602	139.291	0.819223	0
12.4185	0.0187456	142.645	0.821269	0
12.4545	0.0187653	139.942	0.81411	0
12.4753	0.0194219	140.659	0.81786	0
12.4815	0.0190153	140.542	0.801837	0
12.4693	0.0188246	139.174	0.828428	0
12.4776	0.0189263	141.911	0.811041	0
12.4739	0.018602	140.776	0.822292	0
12.4538	0.0188847	140.225	0.80695	0
12.4559	0.0186085	140.743	0.80695	0
12.4473	0.0190099	140.759	0.830133	0
12.4309	0.0187645	140.559	0.799109	0
12.4599	0.0188056	140.275	0.829792	0
12.4731	0.0189241	139.508	0.8107	0
12.4489	0.0189121	140.175	0.824678	0
12.4642	0.0191981	140.793	0.819564	0
12.4758	0.0187938	140.96	0.840019	0
12.4403	0.0184969	140.209	0.8107	0
12.4748	0.0191863	139.808	0.798427	0
12.5001	0.0190409	141.677	0.82161	0
12.4477	0.019235	140.642	0.803541	0
12.4499	0.0187192	139.825	0.813428	0
12.4867	0.0191917	140.025	0.820246	0
12.4849	0.0192217	141.343	0.805587	0
12.4702	0.0188325	140.426	0.809337	0
12.456	0.0195109	141.51	0.801837	0
12.4473	0.0189452	141.093	0.809337	0
12.4587	0.0193785	140.509	0.840019	0
12.4554	0.0187975	141.811	0.808314	0
12.4259	0.0194447	139.257	0.827746	0
12.4184	0.0188983	140.843	0.799109	0
12.4545	0.0183727	140.876	0.81036	0
12.4796	0.0188776	141.377	0.817519	0
12.4635	0.0191389	140.809	0.81036	0
12.4667	0.0189079	141.176	0.789564	0
12.4699	0.0192579	139.441	0.826383	0
12.4591	0.0193965	140.008	0.813087	0
12.4433	0.0192156	140.976	0.816155	0
12.4344	0.0191509	141.744	0.8107	0
12.4452	0.0189693	140.726	0.800132	0
12.4304	0.0184175	140.259	0.824337	0
12.4142	0.0187192	140.843	0.812746	0
12.4682	0.0189054	141.343	0.812064	0
12.5077	0.01873	140.693	0.814451	0
12.4615	0.0190095	140.492	0.823655	0
12.4335	0.0190589	139.691	0.812064	0
12.447	0.0192995	139.958	0.805587	0
12.4608	0.0189867	141.644	0.805246	0
12.4502	0.0189145	139.775	0.806269	0
12.4233	0.0187263	139.207	0.803882	0
12.4297	0.0189767	141.827	0.828769	0
12.4703	0.0190244	140.459	0.827064	0
12.4874	0.0190593	141.377	0.839337	0
12.4882	0.0194044	139.992	0.814451	0
12.4858	0.0193226	140.359	0.814451	0
12.4646	0.0189985	139.975	0.81411	0
12.4558	0.0194947	139.775	0.805928	0
12.4567	0.0190327	142.795	0.818542	0
12.461	0.0188768	140.659	0.815132	0
12.4804	0.019041	140.909	0.80695	0
12.4993	0.0191878	140.743	0.826724	0
12.4863	0.0187285	139.324	0.794677	0
0	0	0	0	0
0	0	0	0	0
0	0	0	0	0
0	0	0	0	0
0	0	0	0	0
0	0	0	0	0
0	0	0	0	0
0	0	0	0	0
0	0	0	0	0
0	0	0	0	0
0	0	0	0	0
0	0	0	0	0
0	0	0	0	0
0	0	0	0	0
0	0	0	0	0
0	0	0	0	0
0	0	0	0	0
0	0	0	0	0
0	0	0	0	0
0	0	0	0	0
0	0	0	0	0
0	0	0	0	0
0	0	0	0	0
0	0	0	0	0
0	0	0	0	0
0	0	0	0	0
0	0	0	0	0
0	0	0	0	0
0	0	0	0	0
0	0	0	0	0
0	0	0	0	0
0	0	0	0	0
0	0	0	0	0
0	0	0	0	0
0	0	0	0	0
0	0	0	0	0
0	0	0	0	0
0	0	0	0	0
0	0	0	0	0
0	0	0	0	0
0	0	0	0	0
0	0	0	0	0
0	0	0	0	0
0	0	0	0	0
0	0	0	0	0
0	0	0	0	0
0	0	0	0	0
0	0	0	0	0
0	0	0	0	0
0	0	0	0	0
0	0	0	0	0
0	0	0	0	0
0	0	0	0	0
0	0	0	0	0
0	0	0	0	0
0	0	0	0	0
0	0	0	0	0
0	0	0	0	0
0	0	0	0	0
0	0	0	0	0
0	0	0	0	0
0	0	0	0	0
0	0	0	0	0
0	0	0	0	0
0	0	0	0	0
0	0	0	0	0
0	0	0	0	0
0	0	0	0	0
0	0	0	0	0
0	0	0	0	0
0	0	0	0	0
0	0	0	0	0
0	0	0	0	0
0	0	0	0	0
0	0	0	0	0
0	0	0	0	0
0	0	0	0	0
0	0	0	0	0
0	0	0	0	0
0	0	0	0	0
0	0	0	0	0
0	0	0	0	0
0	0	0	0	0
0	0	0	0	0
0	0	0	0	0
0	0	0	0	0
0	0	0	0	0
0	0	0	0	0
0	0	0	0	0
0	0	0	0	0
0	0	0	0	0
0	0	0	0	0
0	0	0	0	0
0	0	0	0	0
0	0	0	0	0
0	0	0	0	0
0	0	0	0	0
0	0	0	0	0
0	0	0	0	0
0	0	0	0	0
0	0	0	0	0
0	0	0	0	0
0	0	0	0	0
0	0	0	0	0
0	0	0	0	0
0	0	0	0	0
0	0	0	0	0
0	0	0	0	0
0	0	0	0	0
0	0	0	0	0
0	0	0	0	0
0	0	0	0	0
0	0	0	0	0
0	0	0	0	0
0	0	0	0	0
0	0	0	0	0
0	0	0	0	0
0	0	0	0	0
0	0	0	0	0
0	0	0	0	0
0	0	0	0	0
0	0	0	0	0
0	0	0	0	0
0	0	0	0	0
0	0	0	0	0
0	0	0	0	0
0	0	0	0	0
0	0	0	0	0
0	0	0	0	0
0	0	0	0	0
0	0	0	0	0
0	0	0	0	0
0	0	0	0	0
0	0	0	0	0
0	0	0	0	0
0	0	0	0	0
0	0	0	0	0
0	0	0	0	0
0	0	0	0	0
0	0	0	0	0
0	0	0	0	0
0	0	0	0	0
0	0	0	0	0
0	0	0	0	0
0	0	0	0	0
0	0	0	0	0
0	0	0	0	0
0	0	0	0	0
0	0	0	0	0
0	0	0	0	0
0	0	0	0	0
0	0	0	0	0
0	0	0	0	0
0	0	0	0	0
0	0	0	0	0
0	0	0	0	0
0	0	0	0	0
0	0	0	0	0
0	0	0	0	0
0	0	0	0	0
0	0	0	0	0
0	0	0	0	0
0	0	0	0	0
0	0	0	0	0
0	0	0	0	0
0	0	0	0	0
0	0	0	0	0
0	0	0	0	0
0	0	0	0	0
0	0	0	0	0
0	0	0	0	0
0	0	0	0	0
0	0	0	0	0
0	0	0	0	0
0	0	0	0	0
0	0	0	0	0
0	0	0	0	0
0	0	0	0	0
0	0	0	0	0
0	0	0	0	0
0	0	0	0	0
0	0	0	0	0
0	0	0	0	0
0	0	0	0	0
0	0	0	0	0
0	0	0	0	0
0	0	0	0	0
0	0	0	0	0
0	0	0	0	0
0	0	0	0	0
0	0	0	0	0
0	0	0	0	0
0	0	0	0	0
0	0	0	0	0
0	0	0	0	0
0	0	0	0	0
0	0	0	0	0
0	0	0	0	0
0	0	0	0	0
0	0	0	0	0
0	0	0	0	0
0	0	0	0	0
0	0	0	0	0
0	0	0	0	0
0	0	0	0	0
0	0	0	0	0
0	0	0	0	0
0	0	0	0	0
0	0	0	0	0
0	0	0	0	0
0	0	0	0	0
0	0	0	0	0
0	0	0	0	0
0	0	0	0	0
0	0	0	0	0
0	0	0	0	0
0	0	0	0	0
0	0	0	0	0
0	0	0	0	0
0	0	0	0	0
0	0	0	0	0
0	0	0	0	0
0	0	0	0	0
0	0	0	0	0
0	0	0	0	0
0	0	0	0	0
0	0	0	0	0
0	0	0	0	0
0	0	0	0	0
0	0	0	0	0
0	0	0	0	0
0	0	0	0	0
0	0	0	0	0
0	0	0	0	0
0	0	0	0	0
0	0	0	0	0
0	0	0	0	0
0	0	0	0	0
0	0	0	0	0
0	0	0	0	0
0	0	0	0	0
0	0	0	0	0
0	0	0	0	0
0	0	0	0	0
0	0	0	0	0
0	0	0	0	0
0	0	0	0	0
0	0	0	0	0
0	0	0	0	0
0	0	0	0	0
0	0	0	0	0
0	0	0	0	0
0	0	0	0	0
0	0	0	0	0
0	0	0	0	0
0	0	0	0	0
0	0	0	0	0
0	0	0	0	0
0	0	0	0	0
0	0	0	0	0
0	0	0	0	0
0	0	0	0	0
0	0	0	0	0
0	0	0	0	0
0	0	0	0	0
0	0	0	0	0
0	0	0	0	0
0	0	0	0	0
0	0	0	0	0
0	0	0	0	0
0	0	0	0	0
0	0	0	0	0
0	0	0	0	0
0	0	0	0	0
0	0	0	0	0
0	0	0	0	0
0	0	0	0	0
0	0	0	0	0
0	0	0	0	0
0	0	0	0	0
0	0	0	0	0
0	0	0	0	0
0	0	0	0	0
0	0	0	0	0
0	0	0	0	0
0	0	0	0	0
0	0	0	0	0
0	0	0	0	0
0	0	0	0	0
0	0	0	0	0
0	0	0	0	0
0	0	0	0	0
0	0	0	0	0
0	0	0	0	0
0	0	0	0	0
0	0	0	0	0
0	0	0	0	0
0	0	0	0	0
0	0	0	0	0
0	0	0	0	0
0	0	0	0	0
0	0	0	0	0
0	0	0	0	0
0	0	0	0	0
0	0	0	0	0
0	0	0	0	0
0	0	0	0	0
0	0	0	0	0
0	0	0	0	0
0	0	0	0	0
0	0	0	0	0
0	0	0	0	0
0	0	0	0	0
0	0	0	0	0
0	0	0	0	0
0	0	0	0	0
0	0	0	0	0
0	0	0	0	0
0	0	0	0	0
0	0	0	0	0
0	0	0	0	0
0	0	0	0	0
0	0	0	0	0
0	0	0	0	0
0	0	0	0	0
0	0	0	0	0
0	0	0	0	0
0	0	0	0	0
0	0	0	0	0
0	0	0	0	0
0	0	0	0	0
0	0	0	0	0
0	0	0	0	0
0	0	0	0	0
0	0	0	0	0
0	0	0	0	0
0	0	0	0	0
0	0	0	0	0
0	0	0	0	0
0	0	0	0	0
0	0	0	0	0
0	0	0	0	0
0	0	0	0	0
0	0	0	0	0
0	0	0	0	0
0	0	0	0	0
0	0	0	0	0
0	0	0	0	0
0	0	0	0	0
0	0	0	0	0
0	0	0	0	0
0	0	0	0	0
0	0	0	0	0
0	0	0	0	0
0	0	0	0	0
0	0	0	0	0
0	0	0	0	0
0	0	0	0	0
0	0	0	0	0
0	0	0	0	0
0	0	0	0	0
0	0	0	0	0
0	0	0	0	0
0	0	0	0	0
0	0	0	0	0
0	0	0	0	0
0	0	0	0	0
0	0	0	0	0
0	0	0	0	0
0	0	0	0	0
0	0	0	0	0
0	0	0	0	0
0	0	0	0	0
0	0	0	0	0
0	0	0	0	0
0	0	0	0	0
0	0	0	0	0
0	0	0	0	0
0	0	0	0	0
0	0	0	0	0
0	0	0	0	0
0	0	0	0	0
0	0	0	0	0
0	0	0	0	0
0	0	0	0	0
0	0	0	0	0
0	0	0	0	0
0	0	0	0	0
0	0	0	0	0
0	0	0	0	0
0	0	0	0	0
0	0	0	0	0
0	0	0	0	0
0	0	0	0	0
0	0	0	0	0
0	0	0	0	0
0	0	0	0	0
0	0	0	0	0
0	0	0	0	0
0	0	0	0	0
