a2610511.350173
Narit-cm 05/01/2026 11:05:02 05/01/2026 11:35:01 0045 0013.384714 0052.542598 00.0 00.0
0002390 0010 0000000 0010 05 0000000 0010 0000000 0010
1 0 1 01600 1 0000 3.75 00000.o 0 0 01 000 16 002390 0.500 BT0
1 2 1 02000 1 0000 3.75 00000.o 0 0 01 000 16 002390 0.500 S2A0
1 1 1 01600 1 0000 3.75 00000.o 0 0 00 000 00 002390 3.1746 BC0
1 3 1 02000 1 0000 3.75 00000.o 0 0 00 000 00 002390 3.1746 S2P0
1 5 0 01600 0 0000 1.00 00000.o 0 0 00 000 00 000000 0.000 OF0
0.000 .o Analog 0 	0.000 .o Analog StErr 0 	0.000 .o Photon Counting 0 	0.000 .o PC StErr 0 	0.000 .o Overflow Info 0 
31.9116	0.118215	150.628	0.832413	0
53.9685	0.16966	164.084	0.860149	0
119.982	0.730216	84.0669	1.19298	0
318.04	1.52078	0.384937	0.0986158	0
494.772	0.259704	24.8368	0.73551	1
499.929	0.0269053	141.138	1.31077	1
494.373	0.202075	132.921	1.33611	1
493.06	0.21652	28.2343	0.7427	1
499.871	0.0336304	16.3515	0.53143	1
499.978	0.0156981	33.0711	0.701268	1
499.989	0.0110994	74.2259	0.946095	1
500	0	132.117	1.07073	1
499.989	0.0111057	159.331	1.068	1
500	0	132.837	1.0091	1
500	0	108.987	0.985131	1
500	0	105.874	0.989925	1
500	0	104.167	0.991294	1
500	0	108.402	0.972804	1
500	0	109.623	0.95671	1
499.855	0.0209926	116.703	0.967325	1
481.287	0.278	137.054	0.96938	1
440.586	0.28506	163.498	0.978967	0
403.359	0.25934	180.033	0.941644	0
370.193	0.235613	192.351	0.906717	0
340.769	0.212935	195.916	0.921441	0
314.556	0.193303	197.975	0.920757	0
291.079	0.177364	196.904	0.916305	0
270.175	0.162762	197.339	0.922469	0
251.444	0.148393	195.816	0.905348	0
234.628	0.136775	194.695	0.927605	0
219.433	0.127898	192.067	0.884803	0
205.493	0.120862	189.054	0.886515	0
192.539	0.114101	187.247	0.90843	0
180.409	0.109167	186.427	0.909114	0
168.921	0.104801	183.649	0.904321	0
157.981	0.10074	182.527	0.868709	0
147.643	0.0965314	180.351	0.901924	0
137.894	0.0926872	177.305	0.881036	0
128.718	0.0902056	178.025	0.875215	0
120.028	0.0883214	174.192	0.871791	0
111.738	0.0864101	173.272	0.912196	0
103.751	0.0837302	173.222	0.874873	0
96.1298	0.0817942	170.862	0.859807	0
88.8749	0.0795204	171.13	0.853643	0
81.9014	0.0778039	168.82	0.872476	0
75.1661	0.0769121	166.862	0.84611	0
68.7905	0.0761508	166.276	0.853301	0
62.7708	0.0744384	166.209	0.852273	0
57.0993	0.0720211	164.1	0.849192	0
51.8811	0.0688892	162.678	0.872133	0
47.1819	0.0658008	161.456	0.852958	0
42.9722	0.0618202	158.895	0.855013	0
39.2085	0.0580339	156.469	0.819059	0
35.9528	0.0549914	157.121	0.831728	0
33.1888	0.0501996	152.854	0.833098	0
30.8832	0.04535	152.1	0.82351	0
29.0022	0.0422969	151.063	0.822141	0
27.4844	0.0394129	148.921	0.822483	0
26.2293	0.0359666	148.987	0.817005	0
25.2233	0.0330747	148.301	0.810841	0
24.4365	0.0308137	145.439	0.81495	0
23.7811	0.0294206	144.552	0.807759	0
23.2281	0.0284559	144.385	0.803993	0
22.7729	0.0275552	143.314	0.815292	0
22.4071	0.0267277	140.268	0.796117	0
22.053	0.0257938	141.941	0.809814	0
21.7654	0.0244592	140.1	0.817689	0
21.5517	0.0246618	141.138	0.822141	0
21.2784	0.0243978	139.883	0.807759	0
20.9993	0.0241898	137.908	0.810841	0
20.8241	0.0249646	139.364	0.807759	0
20.6788	0.0245393	136.971	0.797144	0
20.4208	0.0238381	136.703	0.825222	0
20.1824	0.0229889	136.77	0.834468	0
20.0412	0.0234106	136.017	0.800226	0
19.9285	0.0242025	136.536	0.801596	0
19.8108	0.0236268	135.699	0.809814	0
19.6323	0.0231384	135.615	0.809471	0
19.4848	0.0227105	135.213	0.810841	0
19.3841	0.022897	135.18	0.835837	0
19.2631	0.0225394	135.28	0.794405	0
19.2296	0.0219684	134.611	0.826935	0
19.207	0.023122	133.707	0.807759	0
19.1399	0.0228139	134.745	0.811526	0
19.0737	0.0223705	132.603	0.811526	0
18.9661	0.0226574	133.439	0.795775	0
18.9072	0.0225044	133.925	0.814265	0
18.9272	0.0228848	134.494	0.80639	0
18.8659	0.0225674	132.87	0.807074	0
18.7677	0.0221746	132.669	0.80502	0
18.7283	0.0220395	132.753	0.792351	0
18.666	0.0218298	133.105	0.808102	0
18.6123	0.0219389	131.515	0.825222	0
18.5642	0.0219427	131.632	0.801938	0
18.4958	0.0220073	132.418	0.802623	0
18.4639	0.0218993	132.402	0.825907	0
18.438	0.021937	132.368	0.786187	0
18.3614	0.0223572	133.071	0.825565	0
18.336	0.0218738	132.435	0.782078	0
18.3226	0.0222317	132.552	0.801596	0
18.2891	0.0219235	131.515	0.808444	0
18.2585	0.0216364	131.18	0.794405	0
18.2083	0.0219088	132.452	0.807759	0
18.1884	0.0221687	130.879	0.807417	0
18.1807	0.0213778	131.699	0.818374	0
18.1288	0.0212222	130.828	0.790638	0
18.1091	0.0217426	132.485	0.799199	0
18.0878	0.0218319	130.762	0.805362	0
18.0751	0.0216268	132.067	0.810841	0
18.0729	0.0216172	132.218	0.796802	0
18.0042	0.0213875	131.649	0.801938	0
17.9456	0.0218611	131.916	0.796802	0
17.9573	0.0217946	130.929	0.796802	0
17.9493	0.0214986	132.117	0.813923	0
17.8752	0.0219445	130.36	0.804678	0
17.8183	0.021688	131.916	0.795432	0
17.7885	0.0213236	130.226	0.776257	0
17.7496	0.0210526	130.594	0.789954	0
17.7378	0.021516	131.247	0.821114	0
17.7223	0.0213291	130.611	0.801596	0
17.6907	0.0204959	129.071	0.798856	0
17.6492	0.0209563	131.431	0.802281	0
17.6122	0.0211267	130.611	0.797144	0
17.5722	0.021019	131.163	0.801596	0
17.5493	0.0220545	129.657	0.814265	0
17.5107	0.0218834	130.661	0.790296	0
17.4557	0.0208038	128.787	0.829674	0
17.4085	0.0212976	130.092	0.795775	0
17.385	0.0210409	130.544	0.805705	0
17.3418	0.0206195	129.372	0.804335	0
17.292	0.0207015	129.69	0.798856	0
17.2724	0.0210752	129.941	0.807074	0
17.2189	0.0210242	130.092	0.817689	0
17.1376	0.0208592	130.276	0.792693	0
17.0911	0.0204292	130.042	0.786187	0
17.0747	0.0207505	129.305	0.809129	0
17.0017	0.0204392	128.017	0.790981	0
16.9205	0.021174	129.774	0.811868	0
16.8817	0.0204807	128.72	0.802965	0
16.8044	0.0208679	128.552	0.809129	0
16.7432	0.020389	128.402	0.779339	0
16.7122	0.0205424	127.582	0.793378	0
16.6484	0.0202715	128.854	0.818374	0
16.5378	0.0199829	127.799	0.810499	0
16.4816	0.0204255	127.749	0.802965	0
16.4661	0.0202234	128.151	0.784133	0
16.3715	0.020226	126.979	0.814265	0
16.2695	0.019801	126.778	0.794747	0
16.2258	0.0196248	126.778	0.783448	0
16.1687	0.0202995	125.255	0.790296	0
16.1133	0.0201408	127.515	0.797487	0
16.0839	0.0194468	127.548	0.79646	0
16.0409	0.0193489	126.176	0.809129	0
15.9873	0.0193156	126.494	0.804335	0
15.9493	0.0195922	126.276	0.784475	0
15.9024	0.0194135	126.377	0.800569	0
15.8192	0.0188611	125.824	0.811183	0
15.7086	0.0188515	126.059	0.792351	0
15.6687	0.0192825	125.004	0.785502	0
15.6558	0.0191277	125.757	0.774545	0
15.5781	0.0193034	125.556	0.794405	0
15.5557	0.0195155	124.268	0.813238	0
15.5356	0.0192806	125.54	0.794747	0
15.4308	0.0191552	123.331	0.805362	0
15.3565	0.0188442	123.079	0.782078	0
15.3665	0.0193444	125.774	0.773175	0
15.3314	0.0187191	124.603	0.802965	0
15.2656	0.0190333	124.285	0.788584	0
15.2462	0.0188962	123.699	0.77386	0
15.2199	0.0184795	124.653	0.787557	0
15.1827	0.0191018	124.368	0.78242	0
15.1315	0.0186218	123.715	0.771463	0
15.0894	0.0185713	123.649	0.789611	0
15.0846	0.018747	123.464	0.786529	0
15.0608	0.0185252	123.498	0.794063	0
15.0094	0.0186164	122.326	0.792008	0
14.975	0.0181274	123.013	0.769409	0
14.9593	0.0185725	123.766	0.811183	0
14.9572	0.0186451	123.95	0.810499	0
14.9226	0.0185282	123.498	0.800911	0
14.8534	0.0186459	122.946	0.808787	0
14.8275	0.018481	123.732	0.800911	0
14.8297	0.0183748	121.975	0.808102	0
14.7806	0.0184795	123.23	0.81358	0
14.7533	0.0184238	122.962	0.797829	0
14.7381	0.0180808	121.623	0.792693	0
14.685	0.0184702	124.335	0.804335	0
14.6736	0.0185481	121.64	0.78516	0
14.6684	0.0182163	122.912	0.790981	0
14.6538	0.0175823	122.393	0.802623	0
14.6549	0.018106	122.895	0.789269	0
14.6167	0.0178343	121.975	0.778312	0
14.5665	0.0177626	123.063	0.811183	0
14.5869	0.0177538	121.372	0.798856	0
14.5864	0.0177656	121.925	0.781393	0
14.5408	0.0179406	122.477	0.791323	0
14.523	0.0186463	120.854	0.802623	0
14.5331	0.0176374	122.025	0.800226	0
14.5026	0.0176157	120.134	0.805705	0
14.457	0.0178442	121.439	0.794747	0
14.444	0.0180334	120.937	0.790296	0
14.4283	0.0182836	121.674	0.785845	0
14.4322	0.0182821	121.105	0.801253	0
14.4274	0.01823	120.937	0.811526	0
14.4033	0.0178542	120.854	0.79646	0
14.3878	0.0181899	121.423	0.796802	0
14.3705	0.0179828	121.188	0.798856	0
14.348	0.0182503	121.64	0.803993	0
14.3255	0.0181647	121.205	0.806732	0
14.311	0.0181942	122.075	0.792008	0
14.3012	0.0179766	120.251	0.784133	0
14.2867	0.017975	120.536	0.788584	0
14.2826	0.0176357	121.941	0.797144	0
14.2856	0.0180013	121.205	0.791666	0
14.2487	0.0179473	119.883	0.780024	0
14.2016	0.0176683	121.707	0.788926	0
14.1973	0.0179444	121.088	0.792351	0
14.209	0.0177981	121.925	0.794063	0
14.2014	0.0175824	119.883	0.783105	0
14.1703	0.0176425	121.356	0.797487	0
14.1413	0.0179423	119.816	0.774887	0
14.1182	0.0182602	121.238	0.786187	0
14.1204	0.0183876	119.866	0.800226	0
14.1172	0.0175287	121.389	0.786872	0
14.1123	0.0171471	121.038	0.79372	0
14.0923	0.017974	119.665	0.801596	0
14.041	0.0176806	119.498	0.787899	0
14.0363	0.017841	119.397	0.772833	0
14.0414	0.0180212	118.895	0.80365	0
14.0333	0.01772	119.197	0.779339	0
14.0296	0.0175995	122.042	0.80502	0
14.0069	0.0175208	119.866	0.813238	0
13.986	0.0173348	119.916	0.791666	0
14.0031	0.0178983	118.929	0.797487	0
14.0199	0.0174656	119.916	0.792693	0
13.9881	0.0172718	120.887	0.80365	0
14.0018	0.0180293	119.197	0.798514	0
14.0235	0.0177729	120.1	0.79509	0
13.9927	0.0181509	119.531	0.816662	0
13.9799	0.0176727	120.318	0.799884	0
13.9731	0.017724	119.649	0.790981	0
13.9481	0.0176215	119.464	0.800226	0
13.9641	0.018086	118.728	0.801938	0
13.9678	0.0178093	119.431	0.796117	0
13.9595	0.0176234	119.381	0.792351	0
13.9497	0.0175981	118.192	0.790638	0
13.9168	0.0173831	120.301	0.787214	0
13.9169	0.017544	119.715	0.779339	0
13.9146	0.0168916	119.95	0.798514	0
13.8875	0.0172569	120.1	0.794063	0
13.8899	0.0173867	119.096	0.786872	0
13.8944	0.017427	119.079	0.788584	0
13.9094	0.0175525	120.05	0.809129	0
13.9276	0.0178559	119.515	0.793035	0
13.9015	0.0179394	120.033	0.807759	0
13.8816	0.0175308	119.264	0.776942	0
13.8863	0.0171732	119.983	0.778312	0
13.8776	0.0171934	118.243	0.79646	0
13.878	0.0171888	119.247	0.793378	0
13.9108	0.0170045	118.075	0.785845	0
13.8898	0.0172011	120.318	0.805362	0
13.8459	0.0172329	119.297	0.79509	0
13.8561	0.0174984	118.929	0.788242	0
13.8535	0.0175764	118.745	0.77249	0
13.8346	0.0174368	119.213	0.784817	0
13.8385	0.0174104	120.234	0.786872	0
13.8723	0.0173994	119.18	0.787557	0
13.8859	0.0173175	119.297	0.786529	0
13.8589	0.0173427	118.142	0.783105	0
13.8441	0.017335	118.895	0.801596	0
13.8379	0.017417	118.795	0.808102	0
13.8438	0.0169707	118.912	0.783105	0
13.8541	0.0171138	117.506	0.775915	0
13.8569	0.0175797	120.05	0.78379	0
13.8491	0.0175993	118.628	0.787899	0
13.8145	0.0174208	118.209	0.786872	0
13.8133	0.0174806	119.732	0.788584	0
13.8314	0.0179411	118.577	0.79646	0
13.8233	0.0170342	119.649	0.788242	0
13.8274	0.0173232	120.385	0.809471	0
13.8213	0.0174664	117.958	0.789954	0
13.8208	0.0172078	118.979	0.785845	0
13.8355	0.0171506	119.816	0.805705	0
13.8302	0.0174768	118.711	0.80502	0
13.7952	0.0173231	118.762	0.777284	0
13.8128	0.0174352	118.711	0.787899	0
13.8538	0.0168231	118.862	0.804678	0
13.8181	0.0177726	119.146	0.801253	0
13.7922	0.017612	118.745	0.791323	0
13.7901	0.0176207	117.925	0.788584	0
13.7585	0.0175102	118.276	0.797144	0
13.7883	0.0169237	119.95	0.789269	0
13.8253	0.0168749	118.226	0.811526	0
13.7719	0.0174002	119.364	0.789954	0
13.7588	0.0171532	119.331	0.790981	0
13.7903	0.0172114	118.895	0.792351	0
13.7844	0.0174562	118.644	0.776257	0
13.7907	0.0172645	118.377	0.771463	0
13.8122	0.0172243	120.033	0.79372	0
13.8032	0.0175119	117.925	0.802281	0
13.7779	0.0173827	118.996	0.783105	0
13.7712	0.0176421	118.628	0.792008	0
13.7877	0.017283	118.845	0.786529	0
13.7911	0.0174014	117.623	0.783448	0
13.7663	0.0171199	118.075	0.796802	0
13.7763	0.0172716	118.343	0.805705	0
13.7841	0.0178103	119.582	0.794747	0
13.776	0.0172102	118.36	0.804335	0
13.7565	0.0175458	119.632	0.787899	0
13.7446	0.0173278	118.293	0.792693	0
13.7605	0.0176596	117.724	0.820429	0
13.7558	0.0173549	119.163	0.784133	0
13.7468	0.0174039	119.013	0.786529	0
13.7571	0.0171305	118.812	0.780708	0
13.7682	0.0174802	117.657	0.797829	0
13.7548	0.0174192	118.912	0.785845	0
13.7671	0.0171887	118.159	0.778996	0
13.7809	0.0168296	119.13	0.80365	0
13.7588	0.0172219	119.146	0.777969	0
13.7205	0.0174205	119.414	0.781393	0
13.7362	0.017008	118.929	0.800226	0
13.7793	0.0176273	119.916	0.790638	0
13.7502	0.0168787	117.774	0.793035	0
13.7463	0.0174121	118.862	0.770094	0
13.768	0.0176439	119.213	0.780366	0
13.7497	0.0170589	118.059	0.803993	0
13.7594	0.017209	117.69	0.799541	0
13.764	0.0173918	119.063	0.792693	0
13.7348	0.0168323	118.142	0.776257	0
13.742	0.0172141	119.431	0.793035	0
13.7584	0.0170537	119.515	0.795775	0
13.7428	0.0171316	116.653	0.775915	0
13.7195	0.0170652	118.477	0.793378	0
13.739	0.0170345	120.1	0.775572	0
13.7704	0.0175403	118.36	0.777627	0
13.7651	0.0175656	117.305	0.784133	0
13.7541	0.0177134	119.9	0.802623	0
13.744	0.0172599	118.561	0.776599	0
13.7226	0.0174694	117.824	0.784133	0
13.7396	0.0174618	119.28	0.776942	0
13.7664	0.0174449	119.548	0.780366	0
13.7547	0.0176641	118.862	0.803308	0
13.7297	0.0177402	117.004	0.782078	0
13.7202	0.0172894	118.962	0.794405	0
13.7273	0.0171227	118.728	0.806732	0
13.7314	0.0169299	119.347	0.789954	0
13.7179	0.0171609	117.289	0.763245	0
13.7098	0.0173532	119.699	0.802281	0
13.726	0.0173071	119.331	0.798514	0
13.7229	0.0173741	120.134	0.792008	0
13.7146	0.0172425	119.063	0.796117	0
13.7311	0.0171346	119.197	0.771463	0
13.7386	0.0168833	119.213	0.808102	0
13.7217	0.0173679	118.477	0.786187	0
13.7391	0.0173257	119.531	0.798514	0
13.7518	0.0174639	118.611	0.787214	0
13.7173	0.0172293	117.891	0.788926	0
13.7145	0.0175205	119.213	0.799541	0
13.7251	0.0171685	118.377	0.797487	0
13.7247	0.0172063	117.556	0.787557	0
13.7158	0.016915	119.448	0.81358	0
13.7037	0.0169931	117.238	0.799541	0
13.7321	0.0171912	120.117	0.80639	0
13.7261	0.0176362	118.745	0.787899	0
13.7234	0.0173961	119.448	0.777969	0
13.7559	0.0171081	118.561	0.767012	0
13.7471	0.0166628	119.096	0.764615	0
13.7396	0.0174211	117.975	0.797487	0
13.7378	0.0177879	120.05	0.798514	0
13.7045	0.0174464	117.64	0.788584	0
13.7018	0.0173203	118.142	0.783448	0
13.7306	0.0172395	120.084	0.798172	0
13.7087	0.017611	117.841	0.789611	0
13.6901	0.0170558	119.95	0.832413	0
13.708	0.0174777	118.477	0.790981	0
13.7073	0.017791	120.084	0.781051	0
13.7048	0.0181087	117.858	0.771463	0
13.7155	0.0171521	119.13	0.797144	0
13.7046	0.0174338	120.017	0.784475	0
13.7094	0.0171326	118.778	0.788242	0
13.7383	0.0173825	119.364	0.79646	0
13.7402	0.0174962	118.728	0.777969	0
13.7182	0.0176031	119.916	0.79646	0
13.7047	0.0172781	117.69	0.777284	0
13.7275	0.0171693	118.544	0.785502	0
13.7157	0.0171997	117.439	0.799199	0
13.678	0.0176465	119.029	0.798856	0
13.7068	0.0177288	118.628	0.789269	0
13.7232	0.0172275	119.833	0.791323	0
13.696	0.0169772	117.623	0.799199	0
13.702	0.0168152	119.615	0.781736	0
13.7176	0.0171982	119.916	0.801253	0
13.7098	0.017113	118.594	0.806047	0
13.7164	0.0173455	118.644	0.790981	0
13.7314	0.0171026	118.879	0.79646	0
13.7163	0.0178906	117.439	0.790638	0
13.6879	0.0174805	119.983	0.774545	0
13.6986	0.0174106	118.343	0.787899	0
13.7269	0.0173822	119.18	0.793035	0
13.7228	0.0174841	118.762	0.805705	0
13.7184	0.0175855	118.51	0.777969	0
13.7313	0.0174895	117.406	0.796802	0
13.7107	0.0172967	119.431	0.789269	0
13.6813	0.0170723	117.874	0.791323	0
13.7014	0.0172422	117.439	0.823168	0
13.7083	0.0173693	117.205	0.795432	0
13.6854	0.0169883	117.874	0.791666	0
13.6848	0.0170597	118.41	0.779339	0
13.6942	0.0173677	118.962	0.780708	0
13.7211	0.0169443	118.544	0.812896	0
13.7172	0.0171501	118.226	0.795432	0
13.6852	0.0173223	119.866	0.797144	0
13.7056	0.0169382	120.234	0.792351	0
13.7098	0.0172751	119.665	0.80639	0
13.6865	0.0171664	117.791	0.801253	0
13.695	0.0173225	118.427	0.794405	0
13.7176	0.0171548	118.577	0.824195	0
13.7211	0.0169451	119.515	0.785502	0
13.7171	0.0169635	119.481	0.786872	0
13.7067	0.0174312	117.623	0.776942	0
13.6827	0.0173278	117.322	0.801596	0
13.6807	0.0174972	119.866	0.790981	0
13.6943	0.0169313	118.41	0.799199	0
13.6851	0.0168183	118.577	0.807417	0
13.6908	0.0171334	118.444	0.804335	0
13.7166	0.0172195	118.126	0.777969	0
13.6784	0.0170625	118.678	0.792693	0
13.6477	0.0172403	118.745	0.778312	0
13.703	0.017067	118.812	0.800911	0
13.721	0.0170305	118.393	0.821114	0
13.6791	0.0169319	118.644	0.80639	0
13.6899	0.0174651	118.51	0.774887	0
13.707	0.0172883	118.494	0.784475	0
13.6838	0.0175336	119.029	0.792693	0
13.693	0.0173816	118.845	0.774887	0
13.6996	0.0169256	118.377	0.785845	0
13.6862	0.0172929	119.23	0.789269	0
13.6831	0.0174782	117.289	0.788242	0
13.6932	0.0172088	119.347	0.799541	0
13.6998	0.0174621	117.456	0.794747	0
13.7047	0.0174667	119.866	0.798856	0
13.7041	0.0171459	117.757	0.801938	0
13.6886	0.0176204	120.1	0.80365	0
13.6943	0.0171376	119.414	0.796802	0
13.7005	0.0170448	117.59	0.807074	0
13.6858	0.0170036	118.276	0.790296	0
13.6661	0.0172027	118.343	0.796802	0
13.672	0.0173165	117.69	0.799541	0
13.7004	0.0172698	118.059	0.782763	0
13.6977	0.0172719	118.243	0.79646	0
13.679	0.0172885	118.31	0.782763	0
13.6728	0.0176335	117.858	0.792693	0
13.6695	0.0174568	117.858	0.789954	0
13.6559	0.0170239	119.565	0.796802	0
13.6657	0.0174116	119.498	0.770436	0
13.687	0.0170438	117.69	0.790638	0
13.6909	0.0172711	118.728	0.784475	0
13.6827	0.0172254	118.51	0.797144	0
13.688	0.0170883	119.347	0.785502	0
13.688	0.0169725	117.54	0.788584	0
13.6667	0.0174622	118.075	0.786529	0
13.6861	0.0172246	118.192	0.782763	0
13.6978	0.016938	118.795	0.781051	0
13.6607	0.0172065	116.686	0.805705	0
13.6687	0.0168374	118.377	0.790638	0
13.69	0.0171346	116.351	0.805362	0
13.6784	0.0167545	118.31	0.798172	0
13.6709	0.0170514	118.644	0.779681	0
13.6759	0.0172885	117.69	0.781051	0
13.6696	0.0173431	118.594	0.800569	0
13.6659	0.0175428	118.276	0.791666	0
13.6763	0.0172332	118.678	0.789611	0
13.6829	0.0171704	117.339	0.793035	0
13.6786	0.0169501	117.891	0.789954	0
13.6713	0.0169038	117.64	0.783105	0
13.6669	0.0173522	118.31	0.779339	0
13.6663	0.0172939	118.895	0.80502	0
13.6725	0.0174293	118.31	0.783448	0
13.6779	0.0174556	116.87	0.771806	0
13.7095	0.0174089	118.979	0.78242	0
13.7045	0.0173759	118.577	0.787214	0
13.6633	0.0170817	118.042	0.797487	0
13.6567	0.0173636	118.259	0.785845	0
13.6617	0.0177196	117.724	0.817347	0
13.6633	0.0169861	118.628	0.797487	0
13.6843	0.0173995	119.481	0.776599	0
13.6898	0.017347	118.644	0.788584	0
13.663	0.0177187	119.397	0.794405	0
13.6727	0.0176842	117.573	0.798856	0
13.6819	0.0173565	117.841	0.79372	0
13.6511	0.0173877	119.213	0.795775	0
13.6424	0.0168505	118.393	0.78379	0
13.66	0.0169256	118.762	0.777969	0
13.6688	0.0169853	117.222	0.796117	0
13.674	0.0171682	118.946	0.790981	0
13.6825	0.0169329	117.791	0.80502	0
13.6747	0.0171522	117.891	0.784475	0
13.6787	0.0170112	117.356	0.794063	0
13.6921	0.0169908	118.594	0.791323	0
13.6823	0.0174411	119.414	0.794747	0
13.6851	0.0173788	118.494	0.806047	0
13.6897	0.0174438	118.444	0.818032	0
13.6696	0.0178442	117.824	0.79646	0
13.6734	0.016712	118.611	0.783448	0
13.6845	0.0165237	117.891	0.776599	0
13.6778	0.0173017	119.013	0.794405	0
13.6801	0.016895	117.523	0.80365	0
13.6918	0.0173423	119.314	0.784817	0
13.6951	0.0169152	118.008	0.798172	0
13.6842	0.0169287	115.967	0.788242	0
13.6716	0.017171	118.393	0.777627	0
13.6857	0.0169752	118.276	0.793378	0
13.69	0.0173173	117.975	0.783105	0
13.655	0.0170561	118.477	0.780708	0
13.6457	0.016985	118.209	0.782078	0
13.663	0.0172677	116.669	0.778654	0
13.6653	0.0170823	119.95	0.80502	0
13.6885	0.0167057	120.318	0.808444	0
13.701	0.0170591	118.711	0.802281	0
13.671	0.0171619	117.255	0.777627	0
13.6587	0.017354	119.397	0.786529	0
13.6717	0.0170758	118.444	0.767697	0
13.6949	0.0174786	118.845	0.802281	0
13.6932	0.0171034	119.799	0.799541	0
13.667	0.0171602	117.674	0.788242	0
13.6613	0.0168602	118.996	0.792693	0
13.684	0.0168239	118.059	0.790981	0
13.6968	0.017322	119.163	0.799541	0
13.666	0.0173859	119.247	0.798856	0
13.6614	0.0174698	117.372	0.770778	0
13.6762	0.0173304	118.092	0.794747	0
13.6692	0.017194	118.31	0.763588	0
13.6928	0.017311	119.699	0.808102	0
13.6876	0.0171224	117.69	0.777969	0
13.6449	0.0173648	117.858	0.802281	0
13.6403	0.0171943	117.841	0.791666	0
13.6676	0.0175031	119.699	0.792693	0
13.6735	0.0171509	117.423	0.774203	0
13.6616	0.0170098	118.577	0.789269	0
13.6763	0.0170104	117.741	0.794405	0
13.6833	0.0170201	119.063	0.795775	0
13.6585	0.0166617	118.912	0.785502	0
13.6493	0.0169655	119.615	0.794063	0
13.6667	0.0173574	118.594	0.776942	0
13.6789	0.0169095	117.322	0.809814	0
13.6771	0.0174981	117.757	0.785845	0
13.6749	0.0176109	118.695	0.784817	0
13.6852	0.0175999	118.577	0.782078	0
13.6869	0.0171715	118.51	0.801596	0
13.6554	0.017274	117.255	0.789954	0
13.6439	0.0173231	118.36	0.769751	0
13.6637	0.0174769	119.615	0.778312	0
13.6691	0.0175006	118.845	0.797487	0
13.6753	0.0173989	118.644	0.801596	0
13.6932	0.017363	119.816	0.798514	0
13.6885	0.0174003	118.343	0.792693	0
13.6521	0.0174952	118.192	0.757424	0
13.6489	0.0172606	118.912	0.772148	0
13.6502	0.0174284	118.946	0.79509	0
13.6375	0.0169673	117.975	0.787899	0
13.6385	0.0172541	117.707	0.788926	0
13.6434	0.0172889	119.649	0.807074	0
13.6468	0.0172572	117.908	0.799541	0
13.656	0.0174615	118.912	0.800911	0
13.6449	0.0171073	117.707	0.78242	0
13.6337	0.0172651	118.862	0.797487	0
13.647	0.0173071	118.393	0.799199	0
13.6492	0.0173871	117.573	0.798514	0
13.6646	0.01773	118.176	0.785845	0
13.6556	0.0176934	118.192	0.80639	0
13.6366	0.0172811	118.611	0.801253	0
13.6601	0.0172428	117.958	0.804678	0
13.6614	0.0176725	117.741	0.775572	0
13.6623	0.0174664	118.092	0.77523	0
13.6809	0.0172388	117.556	0.788926	0
13.6494	0.0173705	118.812	0.788584	0
13.6308	0.0173878	120.285	0.789611	0
13.6631	0.0171939	117.155	0.799884	0
13.6509	0.0167355	118.343	0.793378	0
13.6247	0.0174997	118.126	0.77249	0
13.6789	0.017538	119.063	0.779339	0
13.6895	0.0174248	118.611	0.802623	0
13.6408	0.0170756	117.423	0.80502	0
13.6428	0.0174797	118.025	0.768039	0
13.6685	0.0167789	119.615	0.812553	0
13.6689	0.0169078	117.49	0.804335	0
13.6701	0.017065	117.188	0.78379	0
13.6855	0.016959	118.879	0.790981	0
13.6813	0.0172179	118.845	0.773175	0
13.6566	0.017254	117.64	0.805705	0
13.6657	0.0169975	118.276	0.784133	0
13.6714	0.0173237	118.209	0.775915	0
13.6546	0.0173269	118.209	0.798514	0
13.6455	0.0166839	117.573	0.77249	0
13.6591	0.0173534	118.059	0.786529	0
13.6546	0.0171747	117.757	0.773518	0
13.6499	0.0173018	120.703	0.799199	0
13.6796	0.0173566	117.573	0.798856	0
13.6608	0.0167342	117.172	0.802281	0
13.634	0.0171134	120.234	0.776257	0
13.6717	0.0167756	118.377	0.791666	0
13.6981	0.0169612	118.243	0.799199	0
13.6618	0.0172497	119.197	0.787214	0
13.6421	0.0168834	117.908	0.780024	0
13.6431	0.0172952	117.841	0.791323	0
13.6183	0.0171392	117.372	0.797829	0
13.6279	0.0173066	118.008	0.786872	0
13.6517	0.0170642	117.841	0.796117	0
13.649	0.0169438	118.962	0.786872	0
13.6597	0.017002	118.293	0.809814	0
13.6693	0.017749	118.477	0.778996	0
13.6276	0.0174681	119.582	0.777627	0
13.6293	0.0175447	117.188	0.792008	0
13.6818	0.0174042	118.427	0.787557	0
13.6807	0.0170042	118.025	0.812553	0
13.6555	0.0172393	118.243	0.774545	0
13.6434	0.0173778	118.393	0.795775	0
13.6291	0.0171862	118.929	0.796802	0
13.6685	0.0171009	116.77	0.790638	0
13.6996	0.0175573	119.18	0.804335	0
13.671	0.0170729	118.711	0.793378	0
13.6448	0.0169597	118.075	0.778996	0
13.6486	0.0170721	119.515	0.767354	0
13.6693	0.0172621	117.774	0.793035	0
13.6763	0.0171136	119.146	0.788584	0
13.6726	0.0170767	117.172	0.802623	0
13.6669	0.0172382	118.51	0.78516	0
13.6542	0.0176243	118.51	0.802965	0
13.6397	0.0171814	117.356	0.78516	0
13.6337	0.0173436	116.837	0.787214	0
13.6622	0.0170627	118.996	0.796802	0
13.6643	0.0178462	117.925	0.782078	0
13.6407	0.0175451	118.41	0.802281	0
13.6502	0.0176708	119.615	0.782763	0
13.657	0.0173489	117.724	0.789954	0
13.6357	0.0172927	119.381	0.777969	0
13.6312	0.0174881	117.021	0.775915	0
13.6483	0.0175397	118.36	0.780366	0
13.6795	0.0170846	119.013	0.799884	0
13.6812	0.0174752	116.736	0.795775	0
13.6514	0.0174893	117.372	0.77386	0
13.6627	0.0169605	118.879	0.792351	0
13.682	0.0174866	118.611	0.794747	0
13.6751	0.0175767	118.209	0.781736	0
13.6652	0.0171993	118.996	0.779339	0
13.6671	0.0174067	119.096	0.794747	0
13.6485	0.0171803	116.854	0.771121	0
13.6525	0.0173892	119.364	0.812896	0
13.6802	0.0171793	117.891	0.788926	0
13.6509	0.0168906	117.121	0.778312	0
13.649	0.0172994	120.117	0.786872	0
13.6923	0.0171369	119.782	0.800569	0
13.6758	0.0169379	117.858	0.790981	0
13.6445	0.0170602	119.029	0.793035	0
13.6555	0.017316	118.343	0.794747	0
13.6698	0.0171199	119.9	0.775572	0
13.658	0.0173725	118.644	0.789611	0
13.6355	0.0172067	117.506	0.792351	0
13.6639	0.0173826	118.31	0.786529	0
13.6943	0.0173368	118.377	0.800569	0
13.6783	0.0172253	117.975	0.783448	0
13.658	0.0171527	117.456	0.790981	0
13.6667	0.0171965	117.339	0.778312	0
13.6759	0.0174334	116.686	0.782763	0
13.6765	0.0172449	118.209	0.772148	0
13.6761	0.0169615	118.41	0.771121	0
13.6456	0.0172114	118.042	0.795432	0
13.6401	0.0170909	118.243	0.79509	0
13.6441	0.0173225	118.192	0.799199	0
13.6372	0.017306	118.209	0.799199	0
13.6555	0.0171835	119.347	0.800911	0
13.6588	0.016981	120.151	0.782078	0
13.6368	0.0167581	117.138	0.78379	0
13.6299	0.0167865	119.264	0.773175	0
13.6542	0.0174345	118.628	0.78242	0
13.6658	0.0172602	119.029	0.79372	0
13.6669	0.0177608	117.573	0.79372	0
13.6534	0.0175445	117.523	0.795432	0
13.6335	0.0170339	118.644	0.798514	0
13.6478	0.0173503	118.594	0.789269	0
13.6654	0.0173659	118.025	0.807417	0
13.6695	0.017639	121.322	0.788242	0
13.6768	0.0171247	119.063	0.800911	0
13.6544	0.0170673	119.197	0.801596	0
13.6507	0.0166219	118.544	0.781051	0
13.6582	0.0170686	117.172	0.787899	0
13.6392	0.0172642	119.013	0.794405	0
13.6518	0.0167361	118.31	0.789269	0
13.6802	0.0170815	118.661	0.806047	0
13.662	0.0173929	118.778	0.798172	0
13.6559	0.0175013	118.41	0.795432	0
13.6657	0.0171983	117.757	0.787899	0
13.6555	0.017083	117.808	0.788584	0
13.6561	0.0167508	118.41	0.803993	0
13.6609	0.0173958	117.841	0.790638	0
13.6413	0.0174438	117.121	0.794747	0
13.6343	0.0175912	120.653	0.796802	0
13.644	0.017201	118.36	0.781736	0
13.6524	0.0178358	118.745	0.778996	0
13.6852	0.0174841	118.745	0.795432	0
13.6869	0.017095	118.611	0.76393	0
13.6524	0.0165981	119.347	0.783448	0
13.6356	0.0169243	117.858	0.802965	0
13.6437	0.0173329	118.695	0.789611	0
13.6733	0.0175876	118.36	0.795775	0
13.6717	0.0169531	118.912	0.80639	0
13.6405	0.0173941	118.326	0.778654	0
13.6242	0.0171855	118.895	0.807759	0
13.6184	0.0174641	118.711	0.773518	0
13.6161	0.0173614	118.025	0.792351	0
13.6418	0.0175955	119.13	0.764272	0
13.6443	0.0171279	117.841	0.79372	0
13.6325	0.0174394	117.64	0.811868	0
13.6459	0.0171276	117.707	0.778654	0
13.6345	0.0171699	117.791	0.784475	0
13.6312	0.0172101	118.293	0.790296	0
13.6348	0.0169357	119.264	0.802281	0
13.6244	0.0172182	117.456	0.780366	0
13.6447	0.0174295	117.004	0.799541	0
13.6596	0.0174529	116.921	0.782078	0
13.6478	0.016947	118.695	0.80365	0
13.6416	0.0169944	119.046	0.811868	0
13.638	0.0173503	118.41	0.794747	0
13.6535	0.0176499	118.326	0.786872	0
13.664	0.0174667	118.812	0.787899	0
13.6562	0.0170736	117.975	0.800911	0
13.6443	0.0171461	118.611	0.807417	0
13.648	0.0174892	118.343	0.783105	0
13.6478	0.0173643	118.427	0.783105	0
13.6403	0.0171222	118.895	0.802281	0
13.6458	0.017102	117.958	0.78242	0
13.6345	0.0168776	117.69	0.782763	0
13.6224	0.0178726	117.64	0.779339	0
13.6535	0.017203	117.874	0.79646	0
13.6701	0.0170514	118.326	0.778654	0
13.6515	0.0168012	117.707	0.800226	0
13.6482	0.0170958	117.757	0.78516	0
13.6505	0.0172113	118.929	0.781736	0
13.6382	0.0170765	117.573	0.795775	0
13.6427	0.017494	118.226	0.813238	0
13.6597	0.017557	118.762	0.772833	0
13.668	0.0171149	119.582	0.78242	0
13.6793	0.0170277	118.544	0.772148	0
13.6612	0.0173323	117.172	0.811526	0
13.6276	0.0171687	118.293	0.789269	0
13.6473	0.0169279	118.343	0.796802	0
13.6481	0.0170175	119.197	0.796802	0
13.6593	0.0176567	117.824	0.801253	0
13.6877	0.0175221	120.134	0.80502	0
13.656	0.0170564	117.908	0.790296	0
13.6273	0.0170164	118.142	0.827277	0
13.6319	0.0174492	118.343	0.817689	0
13.6273	0.017386	119.565	0.785502	0
13.6304	0.0174632	118.126	0.799199	0
13.6496	0.0171137	117.858	0.785845	0
13.6601	0.0171913	118.895	0.796802	0
13.6621	0.0169931	120.351	0.788584	0
13.6629	0.0172751	116.854	0.791323	0
13.6413	0.0170639	118.594	0.799884	0
13.6321	0.01692	117.607	0.79372	0
13.6521	0.017255	118.092	0.788926	0
13.6585	0.0170011	119.113	0.804335	0
13.6389	0.0173358	118.377	0.789954	0
13.6638	0.0168619	119.063	0.785845	0
13.6947	0.0171975	117.858	0.778996	0
13.6764	0.017188	118.795	0.787899	0
13.6618	0.0175259	117.64	0.765985	0
13.6532	0.0170605	118.477	0.788926	0
13.6229	0.0172365	118.36	0.782078	0
13.6294	0.0171953	120.368	0.807074	0
13.6707	0.0171764	118.377	0.802281	0
13.6515	0.0173771	119.096	0.797144	0
13.6468	0.0173391	119.582	0.796802	0
13.6607	0.0173252	119.364	0.80365	0
13.6427	0.0172072	119.079	0.784817	0
13.6401	0.0171187	118.996	0.798172	0
13.6567	0.0169874	118.41	0.789611	0
13.6567	0.0172229	118.36	0.780708	0
13.6455	0.0173052	118.527	0.790981	0
13.6609	0.017398	118.226	0.796117	0
13.6671	0.0175572	117.423	0.798856	0
13.6248	0.0173116	118.594	0.794063	0
13.6207	0.0171102	117.573	0.801253	0
13.6659	0.0174861	117.556	0.806732	0
13.6708	0.0172741	118.711	0.787557	0
13.6586	0.0170921	118.962	0.801596	0
13.6568	0.016863	119.515	0.772833	0
13.6244	0.016784	117.54	0.78516	0
13.6191	0.0166136	117.791	0.794747	0
13.6635	0.0170699	118.594	0.797144	0
13.6613	0.0165941	117.791	0.799541	0
13.6297	0.0174119	119.079	0.793378	0
13.6335	0.0174357	118.31	0.773175	0
13.6422	0.0170166	118.51	0.793378	0
13.6605	0.0171432	117.824	0.80502	0
13.6755	0.0173604	119.381	0.782763	0
13.6504	0.0169482	118.142	0.772148	0
13.626	0.0169583	118.644	0.786187	0
13.6442	0.0170759	119.732	0.786529	0
13.6724	0.0171438	118.243	0.797144	0
13.6898	0.017069	117.975	0.796802	0
13.6706	0.0175493	119.548	0.761876	0
13.6482	0.0173208	117.423	0.80365	0
13.645	0.0169691	118.444	0.782763	0
13.6243	0.0174234	118.176	0.778996	0
13.6406	0.0169465	119.264	0.781393	0
13.6838	0.0175878	117.707	0.775572	0
13.6716	0.0173928	118.929	0.792008	0
13.6411	0.0172193	118.912	0.77249	0
13.6214	0.0169737	118.979	0.802281	0
13.6238	0.0171335	119.28	0.79372	0
13.6351	0.0166287	116.703	0.77249	0
13.6099	0.0174986	116.971	0.788584	0
13.6073	0.0172271	117.423	0.789954	0
13.6382	0.0167788	119.264	0.790296	0
13.6362	0.0170347	117.004	0.802281	0
13.6422	0.0168598	118.209	0.802965	0
13.6682	0.0174169	119.347	0.796117	0
13.6496	0.017176	118.444	0.797144	0
13.6257	0.0171836	117.791	0.796802	0
13.6479	0.0173199	116.954	0.792008	0
13.6408	0.017206	118.812	0.783448	0
13.619	0.0173746	118.192	0.784817	0
13.6463	0.0171027	118.728	0.7653	0
13.6499	0.0170978	117.272	0.773518	0
13.6386	0.0173455	117.155	0.788584	0
13.6527	0.0166353	119.029	0.776599	0
13.6577	0.0173467	118.008	0.770436	0
13.649	0.0171454	119.063	0.788926	0
13.6369	0.0178883	117.105	0.775572	0
13.6384	0.0172299	116.904	0.771121	0
13.6565	0.0170503	119.933	0.796117	0
13.6659	0.0170852	119.113	0.79509	0
13.6601	0.017055	118.51	0.807759	0
13.6431	0.0172618	118.343	0.786872	0
13.6162	0.017186	117.506	0.786529	0
13.6223	0.0168636	120.05	0.801253	0
13.6594	0.0172523	118.377	0.779339	0
13.64	0.0171102	118.176	0.803993	0
13.6377	0.0175672	118.644	0.788584	0
13.6383	0.0175149	117.54	0.804678	0
13.6283	0.0170766	119.197	0.790638	0
13.6435	0.0170503	117.506	0.813923	0
13.6463	0.0172415	117.004	0.783448	0
13.6313	0.0169152	118.795	0.780708	0
13.6311	0.0175795	117.205	0.789954	0
13.6355	0.0174484	118.477	0.793035	0
13.6341	0.0173309	118.444	0.775915	0
13.6297	0.0176361	117.791	0.792008	0
13.6409	0.0169667	118.845	0.79372	0
13.6321	0.0173437	118.142	0.786187	0
13.6205	0.0172162	118.494	0.790638	0
13.633	0.01751	117.506	0.760848	0
13.6423	0.0174092	118.795	0.788926	0
13.6467	0.0174068	117.674	0.794747	0
13.6478	0.0169985	119.013	0.787899	0
13.6463	0.017143	117.222	0.771121	0
13.6214	0.0173174	118.192	0.774203	0
13.6276	0.017477	117.925	0.804678	0
13.6728	0.0174897	119.866	0.79509	0
13.6657	0.0168437	118.075	0.809129	0
13.6053	0.0174614	120.251	0.784475	0
13.6251	0.0171858	119.23	0.788926	0
13.6722	0.0172668	117.774	0.809129	0
13.6393	0.0174361	119.649	0.787214	0
13.6324	0.0169844	117.255	0.801596	0
13.6568	0.0173192	117.774	0.784817	0
13.6324	0.017624	118.527	0.812896	0
13.6191	0.0171429	119.013	0.788926	0
13.6358	0.0167173	118.159	0.787899	0
13.6271	0.017029	117.757	0.787899	0
13.6307	0.0173382	117.322	0.775915	0
13.648	0.0171909	117.356	0.783448	0
13.6431	0.0171749	118.644	0.808444	0
13.6186	0.0171583	118.41	0.797829	0
13.6291	0.0176662	118.025	0.778654	0
13.6675	0.0169813	119.615	0.790981	0
13.6542	0.0174628	119.414	0.792351	0
13.6321	0.0169515	118.243	0.79646	0
13.646	0.0168519	117.54	0.780708	0
13.6473	0.0167462	117.573	0.801938	0
13.6342	0.0172453	117.724	0.757767	0
13.6303	0.0174608	118.126	0.778654	0
13.6275	0.0173577	117.456	0.778654	0
13.6368	0.0174893	117.941	0.781393	0
13.6643	0.0172879	119.264	0.774887	0
13.6597	0.0171081	118.879	0.790638	0
13.6219	0.0170388	120.318	0.799884	0
13.6303	0.0171932	119.13	0.796802	0
13.6569	0.0171275	118.51	0.785502	0
13.6687	0.0172312	117.808	0.811868	0
13.6585	0.0172997	116.669	0.792351	0
13.6217	0.0175056	118.377	0.765642	0
13.6225	0.0172958	117.791	0.811183	0
13.65	0.0171655	118.159	0.778654	0
13.6524	0.0171301	118.042	0.784133	0
13.6535	0.0175458	118.845	0.796802	0
13.6499	0.0170349	118.326	0.794405	0
13.6375	0.01795	117.975	0.786529	0
13.6381	0.0173082	117.456	0.778654	0
13.6474	0.0171338	119.113	0.755027	0
13.6367	0.0172317	117.908	0.769066	0
13.6215	0.0169483	117.54	0.789269	0
13.655	0.0172637	118.444	0.783105	0
13.6587	0.017036	117.339	0.78379	0
13.6065	0.0169233	118.226	0.784475	0
13.6184	0.0174069	116.686	0.780708	0
13.6569	0.0176084	118.226	0.79509	0
13.6415	0.0174802	119.515	0.795775	0
13.6322	0.0170482	118.176	0.789954	0
13.6385	0.0170698	120.167	0.796802	0
13.6581	0.0172833	118.762	0.800911	0
13.641	0.0173385	118.092	0.782078	0
13.6145	0.0170979	117.121	0.794747	0
13.649	0.0173133	118.611	0.784133	0
13.6731	0.0171119	119.565	0.787557	0
13.6544	0.0168822	118.778	0.797487	0
13.6263	0.0175799	118.812	0.775572	0
13.6414	0.0173917	117.891	0.800226	0
13.6729	0.0172891	118.444	0.786187	0
13.6498	0.0173096	118.762	0.77249	0
13.6226	0.0176561	118.544	0.787899	0
13.6428	0.0170025	117.423	0.781736	0
13.6362	0.0171414	117.774	0.780366	0
13.6232	0.0172875	118.293	0.787557	0
13.6376	0.0167471	119.013	0.802281	0
13.6615	0.0171597	118.862	0.795432	0
13.6549	0.0172133	118.946	0.810156	0
13.6402	0.0168876	116.904	0.774887	0
13.6472	0.0171782	118.661	0.765642	0
13.6568	0.0171103	116.904	0.791323	0
13.6601	0.0172659	118.962	0.800911	0
13.661	0.0171393	116.971	0.800911	0
13.6405	0.0176894	117.105	0.773175	0
13.6374	0.0173395	117.757	0.785502	0
13.6594	0.0175721	118.929	0.787214	0
13.6605	0.0174379	118.41	0.796802	0
13.6378	0.0172368	117.121	0.785845	0
13.6309	0.0171171	118.142	0.778312	0
13.6591	0.0171382	119.598	0.788584	0
13.6796	0.0167908	117.841	0.780024	0
13.6277	0.0172757	117.088	0.793035	0
13.6087	0.0173862	119.079	0.781051	0
13.6452	0.016752	118.946	0.778996	0
13.6537	0.0167735	117.975	0.793035	0
13.6537	0.0171766	118.527	0.799884	0
13.6413	0.0169645	118.561	0.799199	0
13.611	0.0168487	118.979	0.786187	0
13.6243	0.0168535	118.293	0.80639	0
13.6533	0.017034	118.912	0.777284	0
13.6382	0.0165039	116.117	0.776599	0
13.6197	0.0171266	119.95	0.794405	0
13.606	0.0170711	117.456	0.797829	0
13.6062	0.0171179	117.958	0.784133	0
13.643	0.0171259	119.23	0.798514	0
13.63	0.0172417	117.038	0.774203	0
13.614	0.016886	118.661	0.810499	0
13.6483	0.0169335	118.276	0.780366	0
13.6538	0.0168868	119.163	0.792351	0
13.6437	0.0168406	117.523	0.79372	0
13.6195	0.0167787	118.678	0.788242	0
13.6183	0.0169581	118.226	0.789954	0
13.6407	0.017062	118.41	0.777627	0
13.621	0.0173186	117.607	0.784133	0
13.623	0.0169294	118.628	0.796117	0
13.6767	0.0173978	119.079	0.789954	0
13.6771	0.0179179	120.201	0.803308	0
13.6417	0.0179889	117.088	0.798514	0
13.6335	0.0170744	119.113	0.808787	0
13.636	0.0169838	118.795	0.783448	0
13.6284	0.0169514	117.506	0.78242	0
13.6405	0.0173766	118.996	0.802281	0
13.6583	0.0172213	118.561	0.781393	0
13.6535	0.0172868	120.452	0.785845	0
13.6579	0.0172649	120.318	0.787899	0
13.6494	0.0166095	117.958	0.786529	0
13.6476	0.0169399	119.013	0.794063	0
13.658	0.0172183	117.757	0.798514	0
13.6325	0.0170962	118.477	0.785845	0
13.6222	0.0173371	118.075	0.79646	0
13.6554	0.0170021	119.247	0.784475	0
13.6593	0.0174227	117.105	0.814608	0
13.6307	0.0172282	118.661	0.78379	0
13.6365	0.0172058	117.138	0.783105	0
13.6483	0.0170909	120.485	0.783448	0
13.6215	0.0173602	118.828	0.788926	0
13.6068	0.0175641	119.397	0.790638	0
13.6222	0.0171936	118.109	0.798172	0
13.6327	0.0170345	118.042	0.789611	0
13.6312	0.0174741	118.845	0.794405	0
13.6397	0.0168087	118.226	0.798514	0
13.6533	0.0170995	118.31	0.792008	0
13.6241	0.0171616	118.377	0.801253	0
13.6225	0.0172593	120.251	0.784133	0
13.6535	0.0167071	117.456	0.787557	0
13.6456	0.0168701	119.146	0.790296	0
13.64	0.0169384	118.293	0.795432	0
13.6399	0.0167971	119.833	0.779681	0
13.6606	0.0174161	117.874	0.801596	0
13.6609	0.0173417	118.544	0.781393	0
13.6093	0.0174617	119.13	0.798172	0
13.6	0.0172782	118.276	0.798856	0
13.6351	0.0175547	117.707	0.780366	0
13.6539	0.0174041	118.226	0.788584	0
13.6506	0.0168095	117.975	0.777284	0
13.6399	0.0167963	118.192	0.79372	0
13.653	0.01747	118.075	0.808444	0
13.6697	0.0175283	118.126	0.776942	0
13.6504	0.0171793	117.874	0.792351	0
13.6394	0.0173116	119.799	0.801253	0
13.659	0.0168307	118.41	0.79509	0
13.6447	0.0166073	117.607	0.803308	0
13.6348	0.017306	118.644	0.797829	0
13.649	0.0170005	118.259	0.789269	0
13.6405	0.0169199	117.222	0.790296	0
13.6472	0.0168424	117.975	0.785845	0
13.6866	0.0171642	118.862	0.79372	0
13.6795	0.0174376	118.577	0.786529	0
13.6456	0.0172355	119.063	0.769409	0
13.6447	0.0172521	116.803	0.787214	0
13.6559	0.0173612	118.31	0.78379	0
13.6784	0.0172596	118.092	0.791323	0
13.6528	0.0172009	118.728	0.803308	0
13.6093	0.0172083	118.762	0.794747	0
13.6408	0.0172647	117.808	0.784817	0
13.6595	0.0174848	118.628	0.787214	0
13.6523	0.0170237	118.243	0.784475	0
13.6448	0.0173551	119.766	0.779681	0
13.6364	0.0172675	117.205	0.796117	0
13.6478	0.0171996	118.611	0.794405	0
13.6634	0.0171102	118.226	0.795775	0
13.6509	0.016814	118.243	0.781051	0
13.6381	0.0171294	118.946	0.790296	0
13.6534	0.0170499	118.293	0.786187	0
13.6649	0.0172997	118.812	0.809129	0
13.6496	0.0168923	118.561	0.783105	0
13.6374	0.0171253	117.49	0.775572	0
13.6266	0.0169931	117.356	0.802965	0
13.6468	0.0172871	119.079	0.803308	0
13.6836	0.0172212	118.176	0.78516	0
13.642	0.0173113	118.326	0.802623	0
13.6265	0.0173206	119.079	0.778312	0
13.6633	0.017197	118.762	0.799199	0
13.6462	0.017325	117.59	0.777284	0
13.6194	0.0172527	116.887	0.793378	0
13.6239	0.0173342	119.23	0.794405	0
13.6274	0.0167676	117.406	0.773518	0
13.6464	0.0169185	118.075	0.791666	0
13.6409	0.0173854	117.205	0.790296	0
13.6132	0.0171318	118.226	0.76256	0
13.6341	0.0174261	118.527	0.800911	0
13.6324	0.0167809	118.192	0.797487	0
13.6162	0.0172472	118.293	0.776599	0
13.6682	0.0170958	117.707	0.784817	0
13.665	0.0169642	119.063	0.786872	0
13.6332	0.0172276	117.958	0.789954	0
13.6696	0.0176815	118.527	0.792351	0
13.6688	0.0171422	118.895	0.788926	0
13.628	0.0170509	117.172	0.749549	0
13.6417	0.0172747	118.293	0.793378	0
13.6441	0.0177004	116.72	0.814608	0
13.6382	0.0178854	118.812	0.770778	0
13.6679	0.0171413	117.238	0.790981	0
13.6587	0.0171307	119.23	0.786529	0
13.6461	0.0172733	117.908	0.793035	0
13.6382	0.0174925	117.523	0.784475	0
13.6445	0.0170733	118.31	0.802965	0
13.669	0.0173786	118.845	0.777627	0
13.6559	0.0169801	117.238	0.803993	0
13.6344	0.0171602	117.623	0.77249	0
13.6392	0.0173011	119.364	0.774203	0
13.6373	0.0167417	116.669	0.785502	0
13.6393	0.0174458	118.494	0.788584	0
13.6594	0.0171862	118.527	0.802965	0
13.6356	0.0172835	118.109	0.776942	0
13.6196	0.0172133	119.448	0.767354	0
13.6311	0.0173886	119.063	0.782763	0
13.6287	0.0175468	118.042	0.792351	0
13.6434	0.0171331	118.979	0.80502	0
13.6468	0.0171129	116.971	0.803993	0
13.6144	0.0171574	118.008	0.79372	0
13.6196	0.017096	118.912	0.788242	0
13.641	0.0170991	119.297	0.773175	0
13.6279	0.017005	119.213	0.806732	0
13.648	0.0169769	117.741	0.782078	0
13.6507	0.0173271	116.669	0.801253	0
13.6276	0.0170591	119.883	0.796802	0
13.6394	0.017219	118.226	0.780366	0
13.6578	0.0171263	118.494	0.79646	0
13.6637	0.0173503	117.188	0.784817	0
13.6494	0.0170418	118.778	0.792008	0
13.632	0.0173074	117.439	0.797829	0
13.6287	0.0170362	117.423	0.787557	0
13.6581	0.0170949	118.895	0.794063	0
13.6741	0.0173798	118.946	0.804335	0
13.6487	0.0175934	117.623	0.780366	0
13.6365	0.0172704	118.611	0.783448	0
13.6317	0.0170607	117.891	0.800569	0
13.6231	0.0169011	118.544	0.795775	0
13.6334	0.017271	119.364	0.790981	0
13.6516	0.0169406	120.084	0.820429	0
13.668	0.0172203	117.439	0.792693	0
13.6485	0.0169983	118.444	0.798514	0
13.6238	0.0172432	117.54	0.775572	0
13.6353	0.0174797	118.527	0.776599	0
13.6548	0.0170853	118.059	0.794063	0
13.6243	0.0172189	117.339	0.790981	0
13.613	0.0174552	117.121	0.797829	0
13.6283	0.0171546	118.527	0.786187	0
13.6381	0.0173739	118.711	0.800911	0
13.6568	0.0174848	118.36	0.770778	0
13.6712	0.018018	119.013	0.803993	0
13.6683	0.0173783	117.925	0.776599	0
13.6369	0.0172086	116.987	0.799884	0
13.6198	0.0170623	117.64	0.785845	0
13.6417	0.0172641	118.126	0.810499	0
13.6526	0.0167732	118.393	0.789954	0
13.6484	0.017453	119.799	0.790981	0
13.6593	0.017369	118.611	0.787557	0
13.653	0.0173609	118.259	0.784475	0
13.645	0.017306	117.958	0.780024	0
13.6309	0.016804	118.092	0.779339	0
13.6146	0.0172069	117.506	0.784817	0
13.627	0.0173909	116.653	0.772148	0
13.6231	0.0167157	117.975	0.781051	0
13.5899	0.0173393	117.556	0.810156	0
13.6319	0.0172672	118.477	0.799884	0
13.6687	0.0171918	119.933	0.796802	0
13.6488	0.0168428	117.322	0.783448	0
13.6419	0.0173578	118.209	0.797487	0
13.6386	0.0169403	118.544	0.775915	0
13.6222	0.0171036	117.874	0.786187	0
13.6465	0.0169225	118.059	0.786872	0
13.6705	0.0172956	119.632	0.793035	0
13.6389	0.0174035	117.774	0.804678	0
13.6111	0.0170343	116.87	0.805705	0
13.633	0.0171085	117.975	0.799884	0
13.645	0.0168541	117.172	0.792693	0
13.6105	0.0175775	119.046	0.809471	0
13.6154	0.0171875	117.289	0.781051	0
13.6565	0.0176285	117.707	0.800911	0
13.6575	0.0170907	119.347	0.789611	0
13.6263	0.0169918	118.561	0.790638	0
13.6328	0.0172317	118.259	0.784133	0
13.667	0.0170155	117.071	0.784475	0
13.658	0.0173865	118.192	0.788584	0
13.6286	0.0170418	117.121	0.813238	0
13.6522	0.0174135	118.762	0.796117	0
13.6666	0.0174472	117.021	0.793378	0
13.6296	0.0171896	118.812	0.782078	0
13.629	0.0172791	119.046	0.798172	0
13.6343	0.0173243	117.908	0.780024	0
13.6274	0.0172934	118.527	0.824195	0
13.6181	0.0169801	118.979	0.794747	0
13.6384	0.0175596	118.695	0.787214	0
13.654	0.0170059	119.28	0.794063	0
13.6471	0.0174526	118.828	0.779681	0
13.6434	0.017125	118.795	0.811868	0
13.6232	0.0174101	118.075	0.788926	0
13.6409	0.0171113	118.812	0.775915	0
13.6598	0.0168807	118.544	0.765642	0
13.6486	0.017562	117.172	0.78242	0
13.6601	0.0174762	118.025	0.792693	0
13.6516	0.017136	116.971	0.80639	0
13.6325	0.0172862	116.653	0.813238	0
13.6201	0.0173128	119.28	0.797144	0
13.6255	0.0172151	118.762	0.798514	0
13.6321	0.0173362	119.28	0.779681	0
13.625	0.01709	117.824	0.783105	0
13.6393	0.0171988	117.975	0.800569	0
13.6529	0.0171883	118.594	0.804335	0
13.6369	0.0171661	118.176	0.803308	0
13.6468	0.0167938	119.331	0.789954	0
13.6799	0.0176838	118.209	0.823853	0
13.6472	0.0174102	117.858	0.805705	0
13.6129	0.0172237	119.079	0.797487	0
13.6586	0.0172197	118.159	0.796802	0
13.6643	0.0167311	118.159	0.782763	0
13.6293	0.0181359	118.544	0.796117	0
13.6332	0.0170426	117.975	0.786529	0
13.6322	0.018066	119.13	0.779339	0
13.6329	0.0174931	117.64	0.768724	0
13.629	0.0168776	117.741	0.788926	0
13.6326	0.0170846	117.64	0.79372	0
13.6459	0.0172784	118.477	0.815977	0
13.6527	0.0169352	118.929	0.785502	0
13.6547	0.0175084	118.109	0.782763	0
13.6439	0.0174435	119.414	0.779339	0
13.6405	0.0173953	116.536	0.782078	0
13.6433	0.0171317	120.268	0.801596	0
13.6284	0.0169064	118.494	0.79509	0
13.6381	0.0170934	118.226	0.782078	0
13.6632	0.0173147	118.41	0.782763	0
13.6385	0.0178224	118.008	0.758109	0
13.6482	0.0175774	119.481	0.777627	0
13.6652	0.0174995	116.987	0.793035	0
13.6317	0.0168952	118.946	0.797487	0
13.6269	0.0173887	118.343	0.800226	0
13.6259	0.0173367	117.607	0.778996	0
13.6242	0.0168827	119.665	0.785502	0
13.6531	0.0172781	118.343	0.808102	0
13.6685	0.0172275	117.423	0.785502	0
13.6369	0.0175244	118.544	0.782078	0
13.6332	0.0173838	119.799	0.788926	0
13.6566	0.0172037	118.912	0.781393	0
13.6739	0.0171145	118.728	0.789611	0
13.6666	0.0176647	118.41	0.796117	0
13.6425	0.0172525	117.423	0.799541	0
13.636	0.0171227	118.427	0.791323	0
13.6647	0.0171315	117.724	0.78242	0
13.6632	0.0168316	119.13	0.809129	0
13.616	0.0170139	117.808	0.809471	0
13.6101	0.0173208	117.824	0.816662	0
13.6279	0.0174429	117.64	0.778996	0
13.5991	0.0171737	117.623	0.784817	0
13.5811	0.0170753	117.774	0.793378	0
13.6026	0.0172292	118.293	0.787557	0
13.6172	0.0173688	118.059	0.794747	0
13.6286	0.017365	119.498	0.790296	0
13.6343	0.0173476	118.996	0.799884	0
13.6302	0.0173877	119.297	0.800569	0
13.6477	0.0171571	118.343	0.778996	0
13.6718	0.0173677	117.791	0.797144	0
13.6479	0.0168261	118.075	0.799199	0
13.6058	0.0171277	118.059	0.789269	0
13.6345	0.017266	119.582	0.796802	0
13.6613	0.0171909	119.464	0.790981	0
13.6472	0.0172175	117.038	0.790296	0
13.6424	0.017186	117.657	0.813923	0
13.6381	0.0173047	117.356	0.799541	0
13.6507	0.0173142	117.925	0.774887	0
13.6591	0.0172642	118.477	0.792008	0
13.6499	0.0172291	117.523	0.796802	0
13.6422	0.0173087	119.665	0.786872	0
13.6467	0.0170554	117.506	0.774203	0
13.6337	0.0170394	118.259	0.789954	0
13.6343	0.0173095	119.096	0.794747	0
13.6478	0.0170779	118.678	0.780024	0
13.6515	0.0172719	118.159	0.79372	0
13.6581	0.016995	118.51	0.794405	0
13.6748	0.0171542	117.791	0.791323	0
13.6447	0.0169939	118.059	0.768381	0
13.6148	0.0173377	119.582	0.79509	0
13.6184	0.0173555	117.339	0.790981	0
13.6386	0.0171422	120.201	0.794405	0
13.6771	0.0169911	117.791	0.775572	0
13.6585	0.0176004	119.766	0.781736	0
13.6131	0.0173873	117.523	0.80639	0
13.641	0.017341	119.414	0.792693	0
13.6702	0.017185	117.573	0.790981	0
13.6398	0.0170735	119.297	0.780708	0
13.6337	0.0167687	118.577	0.782078	0
13.6425	0.0168942	118.544	0.790981	0
13.6205	0.0173986	117.724	0.778654	0
13.6001	0.0171622	117.674	0.78242	0
13.6198	0.017177	119.23	0.766669	0
13.6474	0.0169614	118.444	0.782078	0
13.6453	0.0170669	119.18	0.806732	0
13.6402	0.0171287	117.004	0.80502	0
13.6464	0.0172861	118.879	0.785845	0
13.6386	0.0172137	116.251	0.776257	0
13.6175	0.0170249	119.9	0.787214	0
13.636	0.0170268	118.059	0.801938	0
13.6187	0.0172037	117.439	0.778312	0
13.6048	0.0170546	118.527	0.797144	0
13.6409	0.0171518	118.042	0.77523	0
13.6261	0.0172489	118.41	0.800226	0
13.5962	0.0165546	117.305	0.792008	0
13.6437	0.0170927	118.929	0.790981	0
13.6529	0.0174255	117.64	0.780708	0
13.6301	0.0175068	119.146	0.806047	0
13.6548	0.0174193	118.377	0.769066	0
13.6607	0.0173357	118.862	0.802623	0
13.6498	0.0174975	118.142	0.798172	0
13.6609	0.0170686	118.795	0.78242	0
13.6761	0.0170595	118.695	0.802281	0
13.6549	0.0172325	117.573	0.779339	0
13.6083	0.0171393	116.669	0.781393	0
13.6049	0.0170647	118.912	0.774887	0
13.6307	0.0176682	117.824	0.782763	0
13.6478	0.0171817	119.113	0.79372	0
13.6407	0.0176873	118.444	0.795432	0
13.6152	0.0173286	118.36	0.797487	0
13.6218	0.0173371	118.812	0.783105	0
13.6635	0.0168567	118.025	0.810499	0
13.6501	0.0172459	119.715	0.796117	0
13.6123	0.0170283	117.188	0.781393	0
13.6381	0.0166911	119.682	0.78516	0
13.6614	0.016693	117.657	0.810156	0
13.633	0.0170789	117.473	0.800569	0
13.6056	0.0169984	118.377	0.770094	0
13.6446	0.0172548	119.079	0.783448	0
13.6591	0.0175376	118.343	0.782763	0
13.6524	0.017424	117.021	0.787214	0
13.6642	0.0178347	118.176	0.790296	0
13.6531	0.0173664	116.904	0.792351	0
13.6323	0.0173273	118.393	0.795775	0
13.6363	0.0171698	118.36	0.790638	0
13.6446	0.0172179	118.377	0.805705	0
13.6405	0.016823	117.021	0.784475	0
13.6401	0.0175147	118.427	0.786529	0
13.6317	0.0172984	118.494	0.801938	0
13.6253	0.0173279	118.393	0.811183	0
13.6476	0.0174947	117.088	0.790296	0
13.6474	0.0168539	119.096	0.774545	0
13.6499	0.0172265	117.105	0.782078	0
13.66	0.0172873	118.393	0.794747	0
13.6328	0.01687	116.837	0.791323	0
13.6225	0.0172363	117.724	0.78516	0
13.6624	0.0173242	117.54	0.80502	0
13.6519	0.0171721	117.406	0.795432	0
13.6226	0.0172271	119.665	0.786872	0
13.6432	0.0171151	118.427	0.786187	0
13.6454	0.0172094	117.423	0.787557	0
13.6352	0.0172438	119.397	0.800569	0
13.6608	0.0171589	119.967	0.785845	0
13.6412	0.016969	117.138	0.79646	0
13.6072	0.017202	118.31	0.80365	0
13.6129	0.0172374	117.623	0.778312	0
13.6283	0.0172502	117.858	0.789611	0
13.6307	0.0177167	117.657	0.773518	0
13.6277	0.0170834	118.427	0.802623	0
13.6504	0.0172036	117.64	0.793035	0
13.6668	0.0174535	119.548	0.777284	0
13.6468	0.0173574	118.795	0.796117	0
13.619	0.0172222	119.782	0.790296	0
13.6256	0.0171408	118.862	0.78242	0
13.6439	0.0172869	119.331	0.800569	0
13.6548	0.0173597	118.126	0.799884	0
13.656	0.0170931	118.544	0.79509	0
13.6345	0.0172779	118.929	0.785502	0
13.6314	0.0171506	119.079	0.795432	0
13.6395	0.0170625	117.105	0.767697	0
13.6319	0.016782	118.31	0.78379	0
13.63	0.0168149	118.745	0.786872	0
13.6469	0.0168654	117.59	0.781736	0
13.6375	0.0170997	117.188	0.802281	0
13.6045	0.017549	118.628	0.783105	0
13.6076	0.0169232	118.176	0.788926	0
13.6229	0.0167907	118.444	0.796802	0
13.6285	0.0171604	117.255	0.775915	0
13.6398	0.0165544	117.992	0.773518	0
13.6441	0.0169479	118.561	0.792008	0
13.6327	0.0169315	118.544	0.808102	0
13.6102	0.0172192	119.364	0.799199	0
13.6353	0.0173302	119.297	0.801596	0
13.6591	0.0168145	119.464	0.776599	0
13.6668	0.0172448	117.841	0.789954	0
13.6686	0.0177025	118.661	0.803993	0
13.6447	0.0169093	118.477	0.788584	0
13.6389	0.017534	118.979	0.789954	0
13.6601	0.0174379	118.661	0.811183	0
13.6426	0.0174659	118.192	0.770436	0
13.6276	0.017272	118.929	0.776257	0
13.63	0.0171135	117.891	0.79509	0
13.6044	0.0169747	118.661	0.79509	0
13.615	0.0169882	117.121	0.797829	0
13.6439	0.0170691	117.64	0.803993	0
13.6389	0.0170309	119.331	0.764957	0
13.6264	0.016985	118.209	0.80365	0
13.6157	0.0176594	119.247	0.786187	0
13.6049	0.0173854	117.757	0.771806	0
13.6333	0.017189	118.661	0.792351	0
13.6544	0.0170891	118.276	0.79646	0
13.6179	0.017222	118.946	0.791666	0
13.6172	0.0171135	119.28	0.800226	0
13.6389	0.0174371	116.569	0.791666	0
13.6381	0.0177607	118.46	0.786872	0
13.6367	0.0172165	118.544	0.778996	0
13.6324	0.0172752	118.025	0.793035	0
13.6402	0.0173272	120.167	0.803308	0
13.6427	0.0175189	118.494	0.807759	0
13.6433	0.0171384	118.243	0.800911	0
13.6475	0.0171976	120.117	0.792351	0
13.64	0.0170123	117.925	0.783448	0
13.6485	0.0170929	118.025	0.799199	0
13.6533	0.0171401	118.577	0.774545	0
13.6399	0.0171332	118.661	0.798172	0
13.6324	0.0169209	117.707	0.785502	0
13.6363	0.017286	117.69	0.777969	0
13.6237	0.0176843	117.858	0.80365	0
13.6095	0.0171288	117.791	0.807074	0
13.6246	0.0172597	118.912	0.806732	0
13.6519	0.0172482	117.858	0.768724	0
13.6685	0.0170514	118.494	0.773175	0
13.6432	0.01725	119.247	0.794063	0
13.6096	0.0178439	117.64	0.789611	0
13.6322	0.0171399	119.849	0.805705	0
13.6193	0.0170606	118.778	0.785502	0
13.6135	0.017383	118.159	0.781051	0
13.6405	0.0171706	117.858	0.788584	0
13.6272	0.0172059	117.59	0.790638	0
13.65	0.0170847	117.556	0.817689	0
13.6767	0.0172975	117.657	0.775572	0
13.6455	0.0170636	117.707	0.793035	0
13.6201	0.0174631	116.502	0.79372	0
13.6223	0.0173193	118.393	0.810841	0
13.6494	0.0172297	117.874	0.773518	0
13.6604	0.0176044	118.46	0.794747	0
13.6435	0.0172918	118.059	0.774203	0
13.6326	0.0171497	118.728	0.80502	0
13.6323	0.0174541	118.678	0.797144	0
13.6476	0.0172932	117.824	0.801253	0
13.6387	0.0171224	118.879	0.788242	0
13.6334	0.0172495	118.996	0.787557	0
13.6695	0.0168448	118.226	0.78516	0
13.6613	0.0172035	117.004	0.781736	0
13.6512	0.01738	118.862	0.797487	0
13.6351	0.0173054	116.87	0.789611	0
13.6253	0.0172141	119.833	0.805705	0
13.6511	0.0171906	118.159	0.780708	0
13.6418	0.0170049	118.159	0.800226	0
13.6222	0.017354	117.925	0.808787	0
13.6246	0.0170603	116.636	0.78242	0
13.6249	0.0171118	117.255	0.789954	0
13.6253	0.0170928	118.226	0.797144	0
13.6406	0.0169255	118.879	0.780024	0
13.6355	0.0170461	117.172	0.791666	0
13.6282	0.0168162	118.577	0.785502	0
13.6384	0.0168165	118.293	0.814608	0
13.633	0.0172481	119.046	0.786529	0
13.6298	0.0164113	117.808	0.776942	0
13.6403	0.0172202	117.49	0.773175	0
13.6567	0.0173382	118.711	0.802965	0
13.652	0.0172517	118.326	0.811183	0
13.6332	0.0171168	116.218	0.787557	0
13.6416	0.0170642	118.293	0.784475	0
13.6308	0.0169177	117.925	0.800226	0
13.6175	0.0175391	119.079	0.801596	0
13.6268	0.0172885	116.954	0.77249	0
13.6105	0.016942	119.146	0.813923	0
13.6242	0.0175358	118.812	0.791323	0
13.6316	0.0175153	118.243	0.789954	0
13.6349	0.0174579	119.046	0.791666	0
13.6442	0.0172845	119.079	0.793378	0
13.619	0.0169612	118.477	0.787899	0
13.634	0.0171845	117.021	0.779681	0
13.6684	0.0168922	118.962	0.786187	0
13.6718	0.0173756	118.929	0.798856	0
13.6492	0.0171298	118.159	0.790296	0
13.6289	0.0170765	117.69	0.771806	0
13.6456	0.0169592	118.176	0.78379	0
13.6532	0.0169798	117.891	0.788926	0
13.6367	0.0173666	118.427	0.774203	0
13.6334	0.0172781	119.665	0.801253	0
13.6434	0.0171251	117.105	0.813238	0
13.6613	0.0176784	119.381	0.796117	0
13.6631	0.0170827	118.226	0.802623	0
13.6439	0.0171471	119.063	0.786529	0
13.6366	0.0174385	116.753	0.791666	0
13.6581	0.0175094	119.096	0.824538	0
13.6687	0.0169019	117.523	0.780366	0
13.6435	0.01772	118.393	0.798172	0
13.6412	0.0173406	118.561	0.800911	0
13.6634	0.0176057	117.841	0.78379	0
13.6415	0.0176069	117.423	0.777969	0
13.6141	0.017694	119.163	0.793378	0
13.6378	0.0174554	117.858	0.816662	0
13.6273	0.017065	118.176	0.776257	0
13.6147	0.0174459	119.9	0.808444	0
13.6371	0.0171184	119.18	0.795775	0
13.6335	0.0169165	117.975	0.777627	0
13.6558	0.0173144	117.69	0.774545	0
13.648	0.0169805	118.059	0.78379	0
13.6081	0.017023	117.105	0.786529	0
13.624	0.0176511	119.013	0.802965	0
13.6569	0.0176474	117.858	0.783448	0
13.6616	0.0173236	118.828	0.782078	0
13.6595	0.0171791	118.192	0.790296	0
13.6522	0.0172523	117.958	0.786872	0
13.6281	0.0173805	118.46	0.79646	0
13.6197	0.0171483	118.192	0.796117	0
13.6329	0.0168108	118.109	0.799199	0
13.65	0.0171336	118.962	0.789611	0
13.6638	0.0172342	119.029	0.796802	0
13.6547	0.01732	117.59	0.789611	0
13.6226	0.0172962	117.757	0.801938	0
13.6276	0.017399	118.678	0.777284	0
13.6694	0.0169282	117.473	0.784817	0
13.6585	0.0174434	118.36	0.780708	0
13.6233	0.0170668	118.51	0.777284	0
13.6328	0.0167935	119.029	0.797487	0
13.6487	0.0169744	116.837	0.812211	0
13.6405	0.0173474	120.301	0.788926	0
13.6298	0.0174661	118.795	0.788584	0
13.6538	0.0167356	118.159	0.778996	0
13.653	0.0174235	119.046	0.790296	0
13.6232	0.0172516	118.862	0.789269	0
13.6417	0.0174731	118.762	0.787557	0
13.6594	0.0172717	117.757	0.774545	0
13.6439	0.0173779	118.577	0.784133	0
13.6337	0.0173945	117.439	0.793035	0
13.6356	0.017155	118.259	0.80502	0
13.6534	0.0173553	118.711	0.804678	0
13.6653	0.0170215	117.958	0.788926	0
13.6657	0.0176586	118.326	0.774887	0
13.6444	0.0173753	117.992	0.784817	0
13.6132	0.0171601	118.46	0.790981	0
13.6211	0.0174859	118.176	0.810841	0
13.6249	0.0171988	118.795	0.792008	0
13.636	0.0170002	119.816	0.799199	0
13.643	0.0167603	119.498	0.790981	0
13.6197	0.0168306	117.707	0.797829	0
13.6223	0.0171527	118.979	0.795432	0
13.673	0.0175168	116.921	0.790981	0
13.6643	0.0171523	118.845	0.795775	0
13.6273	0.0172911	117.54	0.800226	0
13.6437	0.0175483	117.958	0.774203	0
13.6387	0.016961	118.611	0.797144	0
13.6217	0.0173295	119.297	0.781736	0
13.6446	0.0170561	118.879	0.819401	0
13.6545	0.016838	118.276	0.795432	0
13.6318	0.0169846	119.264	0.781736	0
13.6075	0.0172501	118.762	0.781736	0
13.6121	0.0174818	116.854	0.771463	0
13.625	0.0170498	118.025	0.774203	0
13.6447	0.0171542	118.661	0.812896	0
13.6534	0.0173101	118.812	0.778654	0
13.6493	0.0172512	117.289	0.792693	0
13.6446	0.017356	117.222	0.775572	0
13.6618	0.0176914	117.105	0.790296	0
13.6576	0.0175068	117.322	0.797829	0
13.6312	0.0167858	119.331	0.810499	0
13.6247	0.016984	119.314	0.80639	0
13.6297	0.0172414	118.912	0.81358	0
13.6431	0.0168825	118.36	0.790296	0
13.6513	0.016856	118.577	0.78242	0
13.6318	0.0167619	117.138	0.777969	0
13.6305	0.0176742	118.226	0.792693	0
13.6702	0.017713	117.389	0.771121	0
13.643	0.0171783	117.858	0.797487	0
13.6028	0.0175421	117.473	0.782078	0
13.6361	0.0169264	118.828	0.800911	0
13.6643	0.0171521	116.753	0.783105	0
13.647	0.0168438	118.393	0.794405	0
13.641	0.0175884	119.749	0.790296	0
13.6272	0.0177638	116.117	0.80502	0
13.6213	0.0175859	118.711	0.79372	0
13.643	0.0174681	116.72	0.797144	0
13.6485	0.017088	118.561	0.805705	0
13.6444	0.017309	119.849	0.794063	0
13.6594	0.0172439	117.774	0.799884	0
13.6596	0.0170574	118.962	0.805705	0
13.6545	0.0170098	118.845	0.787899	0
13.6513	0.016949	117.925	0.779681	0
13.6534	0.0174663	118.762	0.786529	0
13.6528	0.0175057	117.824	0.787214	0
13.6542	0.0170664	118.678	0.791323	0
13.6631	0.0169929	118.259	0.801938	0
13.6576	0.0168536	118.259	0.80502	0
13.6474	0.016919	117.188	0.759136	0
13.6368	0.0172412	118.226	0.788926	0
13.619	0.0173498	119.197	0.80502	0
13.6299	0.017251	118.996	0.802965	0
13.6363	0.0171593	118.644	0.790296	0
13.6248	0.0170493	118.276	0.769751	0
13.6367	0.0171859	118.025	0.79372	0
13.6323	0.017067	117.406	0.778996	0
13.6258	0.0165758	119.414	0.774203	0
13.641	0.0174509	118.025	0.771121	0
13.6526	0.0168444	118.377	0.791323	0
13.6434	0.0173778	118.561	0.793035	0
13.6321	0.0173433	116.904	0.794063	0
13.6214	0.0171427	118.142	0.79372	0
13.6123	0.0170663	117.774	0.781051	0
13.6251	0.0175818	118.343	0.781393	0
13.6309	0.0168991	118.611	0.779681	0
13.658	0.0173246	119.013	0.80639	0
13.668	0.0175301	118.477	0.78516	0
13.638	0.017042	118.477	0.767697	0
13.6431	0.0177531	117.657	0.782078	0
13.6421	0.0175504	118.176	0.778654	0
13.6269	0.0170148	118.025	0.794063	0
13.6375	0.0175188	116.837	0.808102	0
13.6277	0.017147	118.226	0.810841	0
13.617	0.0172864	117.757	0.792693	0
13.6466	0.0172536	118.31	0.818374	0
13.6433	0.0172576	118.728	0.79372	0
13.6149	0.0171296	118.929	0.79372	0
13.6554	0.0172051	117.925	0.766669	0
13.6623	0.0172469	117.741	0.789611	0
13.6298	0.01757	118.059	0.777969	0
13.6351	0.0173448	118.126	0.78516	0
13.6233	0.0170848	118.159	0.806047	0
13.6128	0.0171012	118.427	0.771463	0
13.6395	0.0172693	118.092	0.790296	0
13.6482	0.0172403	118.444	0.796802	0
13.6461	0.0172979	118.075	0.799541	0
13.6306	0.017171	116.636	0.784133	0
13.6321	0.0169531	118.059	0.789269	0
13.6732	0.0171049	118.343	0.807417	0
13.6549	0.0171744	117.69	0.798172	0
13.6159	0.0171238	117.423	0.788584	0
13.6524	0.016976	117.272	0.765642	0
13.6677	0.0171597	118.577	0.78516	0
13.6606	0.0168421	119.782	0.77386	0
13.6564	0.0173597	118.477	0.761191	0
13.6368	0.0170748	119.096	0.812211	0
13.6404	0.0173572	117.473	0.781393	0
13.6703	0.0170412	119.364	0.800911	0
0	0	0	0	0
0	0	0	0	0
0	0	0	0	0
0	0	0	0	0
0	0	0	0	0
0	0	0	0	0
0	0	0	0	0
0	0	0	0	0
0	0	0	0	0
0	0	0	0	0
0	0	0	0	0
0	0	0	0	0
0	0	0	0	0
0	0	0	0	0
0	0	0	0	0
0	0	0	0	0
0	0	0	0	0
0	0	0	0	0
0	0	0	0	0
0	0	0	0	0
0	0	0	0	0
0	0	0	0	0
0	0	0	0	0
0	0	0	0	0
0	0	0	0	0
0	0	0	0	0
0	0	0	0	0
0	0	0	0	0
0	0	0	0	0
0	0	0	0	0
0	0	0	0	0
0	0	0	0	0
0	0	0	0	0
0	0	0	0	0
0	0	0	0	0
0	0	0	0	0
0	0	0	0	0
0	0	0	0	0
0	0	0	0	0
0	0	0	0	0
0	0	0	0	0
0	0	0	0	0
0	0	0	0	0
0	0	0	0	0
0	0	0	0	0
0	0	0	0	0
0	0	0	0	0
0	0	0	0	0
0	0	0	0	0
0	0	0	0	0
0	0	0	0	0
0	0	0	0	0
0	0	0	0	0
0	0	0	0	0
0	0	0	0	0
0	0	0	0	0
0	0	0	0	0
0	0	0	0	0
0	0	0	0	0
0	0	0	0	0
0	0	0	0	0
0	0	0	0	0
0	0	0	0	0
0	0	0	0	0
0	0	0	0	0
0	0	0	0	0
0	0	0	0	0
0	0	0	0	0
0	0	0	0	0
0	0	0	0	0
0	0	0	0	0
0	0	0	0	0
0	0	0	0	0
0	0	0	0	0
0	0	0	0	0
0	0	0	0	0
0	0	0	0	0
0	0	0	0	0
0	0	0	0	0
0	0	0	0	0
0	0	0	0	0
0	0	0	0	0
0	0	0	0	0
0	0	0	0	0
0	0	0	0	0
0	0	0	0	0
0	0	0	0	0
0	0	0	0	0
0	0	0	0	0
0	0	0	0	0
0	0	0	0	0
0	0	0	0	0
0	0	0	0	0
0	0	0	0	0
0	0	0	0	0
0	0	0	0	0
0	0	0	0	0
0	0	0	0	0
0	0	0	0	0
0	0	0	0	0
0	0	0	0	0
0	0	0	0	0
0	0	0	0	0
0	0	0	0	0
0	0	0	0	0
0	0	0	0	0
0	0	0	0	0
0	0	0	0	0
0	0	0	0	0
0	0	0	0	0
0	0	0	0	0
0	0	0	0	0
0	0	0	0	0
0	0	0	0	0
0	0	0	0	0
0	0	0	0	0
0	0	0	0	0
0	0	0	0	0
0	0	0	0	0
0	0	0	0	0
0	0	0	0	0
0	0	0	0	0
0	0	0	0	0
0	0	0	0	0
0	0	0	0	0
0	0	0	0	0
0	0	0	0	0
0	0	0	0	0
0	0	0	0	0
0	0	0	0	0
0	0	0	0	0
0	0	0	0	0
0	0	0	0	0
0	0	0	0	0
0	0	0	0	0
0	0	0	0	0
0	0	0	0	0
0	0	0	0	0
0	0	0	0	0
0	0	0	0	0
0	0	0	0	0
0	0	0	0	0
0	0	0	0	0
0	0	0	0	0
0	0	0	0	0
0	0	0	0	0
0	0	0	0	0
0	0	0	0	0
0	0	0	0	0
0	0	0	0	0
0	0	0	0	0
0	0	0	0	0
0	0	0	0	0
0	0	0	0	0
0	0	0	0	0
0	0	0	0	0
0	0	0	0	0
0	0	0	0	0
0	0	0	0	0
0	0	0	0	0
0	0	0	0	0
0	0	0	0	0
0	0	0	0	0
0	0	0	0	0
0	0	0	0	0
0	0	0	0	0
0	0	0	0	0
0	0	0	0	0
0	0	0	0	0
0	0	0	0	0
0	0	0	0	0
0	0	0	0	0
0	0	0	0	0
0	0	0	0	0
0	0	0	0	0
0	0	0	0	0
0	0	0	0	0
0	0	0	0	0
0	0	0	0	0
0	0	0	0	0
0	0	0	0	0
0	0	0	0	0
0	0	0	0	0
0	0	0	0	0
0	0	0	0	0
0	0	0	0	0
0	0	0	0	0
0	0	0	0	0
0	0	0	0	0
0	0	0	0	0
0	0	0	0	0
0	0	0	0	0
0	0	0	0	0
0	0	0	0	0
0	0	0	0	0
0	0	0	0	0
0	0	0	0	0
0	0	0	0	0
0	0	0	0	0
0	0	0	0	0
0	0	0	0	0
0	0	0	0	0
0	0	0	0	0
0	0	0	0	0
0	0	0	0	0
0	0	0	0	0
0	0	0	0	0
0	0	0	0	0
0	0	0	0	0
0	0	0	0	0
0	0	0	0	0
0	0	0	0	0
0	0	0	0	0
0	0	0	0	0
0	0	0	0	0
0	0	0	0	0
0	0	0	0	0
0	0	0	0	0
0	0	0	0	0
0	0	0	0	0
0	0	0	0	0
0	0	0	0	0
0	0	0	0	0
0	0	0	0	0
0	0	0	0	0
0	0	0	0	0
0	0	0	0	0
0	0	0	0	0
0	0	0	0	0
0	0	0	0	0
0	0	0	0	0
0	0	0	0	0
0	0	0	0	0
0	0	0	0	0
0	0	0	0	0
0	0	0	0	0
0	0	0	0	0
0	0	0	0	0
0	0	0	0	0
0	0	0	0	0
0	0	0	0	0
0	0	0	0	0
0	0	0	0	0
0	0	0	0	0
0	0	0	0	0
0	0	0	0	0
0	0	0	0	0
0	0	0	0	0
0	0	0	0	0
0	0	0	0	0
0	0	0	0	0
0	0	0	0	0
0	0	0	0	0
0	0	0	0	0
0	0	0	0	0
0	0	0	0	0
0	0	0	0	0
0	0	0	0	0
0	0	0	0	0
0	0	0	0	0
0	0	0	0	0
0	0	0	0	0
0	0	0	0	0
0	0	0	0	0
0	0	0	0	0
0	0	0	0	0
0	0	0	0	0
0	0	0	0	0
0	0	0	0	0
0	0	0	0	0
0	0	0	0	0
0	0	0	0	0
0	0	0	0	0
0	0	0	0	0
0	0	0	0	0
0	0	0	0	0
0	0	0	0	0
0	0	0	0	0
0	0	0	0	0
0	0	0	0	0
0	0	0	0	0
0	0	0	0	0
0	0	0	0	0
0	0	0	0	0
0	0	0	0	0
0	0	0	0	0
0	0	0	0	0
0	0	0	0	0
0	0	0	0	0
0	0	0	0	0
0	0	0	0	0
0	0	0	0	0
0	0	0	0	0
0	0	0	0	0
0	0	0	0	0
0	0	0	0	0
0	0	0	0	0
0	0	0	0	0
0	0	0	0	0
0	0	0	0	0
0	0	0	0	0
0	0	0	0	0
0	0	0	0	0
0	0	0	0	0
0	0	0	0	0
0	0	0	0	0
0	0	0	0	0
0	0	0	0	0
0	0	0	0	0
0	0	0	0	0
0	0	0	0	0
0	0	0	0	0
0	0	0	0	0
0	0	0	0	0
0	0	0	0	0
0	0	0	0	0
0	0	0	0	0
0	0	0	0	0
0	0	0	0	0
0	0	0	0	0
0	0	0	0	0
0	0	0	0	0
0	0	0	0	0
0	0	0	0	0
0	0	0	0	0
0	0	0	0	0
0	0	0	0	0
0	0	0	0	0
0	0	0	0	0
0	0	0	0	0
0	0	0	0	0
0	0	0	0	0
0	0	0	0	0
0	0	0	0	0
0	0	0	0	0
0	0	0	0	0
0	0	0	0	0
0	0	0	0	0
0	0	0	0	0
0	0	0	0	0
0	0	0	0	0
0	0	0	0	0
0	0	0	0	0
0	0	0	0	0
0	0	0	0	0
0	0	0	0	0
0	0	0	0	0
0	0	0	0	0
0	0	0	0	0
0	0	0	0	0
0	0	0	0	0
0	0	0	0	0
0	0	0	0	0
0	0	0	0	0
0	0	0	0	0
0	0	0	0	0
0	0	0	0	0
0	0	0	0	0
0	0	0	0	0
0	0	0	0	0
0	0	0	0	0
0	0	0	0	0
0	0	0	0	0
0	0	0	0	0
0	0	0	0	0
0	0	0	0	0
0	0	0	0	0
0	0	0	0	0
0	0	0	0	0
0	0	0	0	0
0	0	0	0	0
0	0	0	0	0
0	0	0	0	0
0	0	0	0	0
0	0	0	0	0
0	0	0	0	0
0	0	0	0	0
0	0	0	0	0
0	0	0	0	0
0	0	0	0	0
0	0	0	0	0
0	0	0	0	0
0	0	0	0	0
0	0	0	0	0
0	0	0	0	0
0	0	0	0	0
0	0	0	0	0
0	0	0	0	0
0	0	0	0	0
0	0	0	0	0
0	0	0	0	0
0	0	0	0	0
0	0	0	0	0
0	0	0	0	0
0	0	0	0	0
0	0	0	0	0
0	0	0	0	0
0	0	0	0	0
0	0	0	0	0
0	0	0	0	0
