a2610512.350195
Narit-cm 05/01/2026 12:05:02 05/01/2026 12:35:01 0045 0013.384714 0052.542598 00.0 00.0
0002399 0010 0000000 0010 05 0000000 0010 0000000 0010
1 0 1 01600 1 0000 3.75 00000.o 0 0 01 000 16 002399 0.500 BT0
1 2 1 02000 1 0000 3.75 00000.o 0 0 01 000 16 002399 0.500 S2A0
1 1 1 01600 1 0000 3.75 00000.o 0 0 00 000 00 002399 3.1746 BC0
1 3 1 02000 1 0000 3.75 00000.o 0 0 00 000 00 002399 3.1746 S2P0
1 5 0 01600 0 0000 1.00 00000.o 0 0 00 000 00 000000 0.000 OF0
0.000 .o Analog 0 	0.000 .o Analog StErr 0 	0.000 .o Photon Counting 0 	0.000 .o PC StErr 0 	0.000 .o Overflow Info 0 
29.8129	0.104989	154.598	0.840671	0
48.6763	0.142472	162.384	0.846119	0
103.702	0.625462	96.4569	1.18831	0
279.672	1.41053	0.950396	0.135175	0
480.324	0.618144	21.2422	0.69426	1
499.989	0.0110577	136.824	1.33472	1
499.96	0.0202533	150.713	1.24381	1
499.946	0.0215704	43.1013	0.892426	1
499.989	0.0108732	16.707	0.53457	1
499.989	0.011064	30.8962	0.689494	1
500	0	66.8278	0.931242	1
500	0	123.151	1.06948	1
500	0	160.367	1.03373	1
500	0	137.757	1.03509	1
499.989	0.011064	113.114	0.980272	1
500	0	107.261	0.954055	1
500	0	112.213	0.960865	1
500	0	116.765	0.97176	1
499.998	0.00121775	121.05	0.982996	1
497.328	0.137067	123.518	0.943159	1
472.432	0.37709	138.458	0.963248	1
433.519	0.376171	158.983	0.953033	1
398.33	0.351997	175.406	0.949969	0
366.583	0.331459	189.179	0.942819	0
338.151	0.308709	195.865	0.92273	0
313.052	0.289988	196.815	0.925794	0
290.333	0.279581	198.683	0.933625	0
269.652	0.258977	198.449	0.941457	0
251.298	0.24063	196.832	0.924432	0
234.86	0.226516	197.899	0.924092	0
219.845	0.215744	194.948	0.896512	0
206.171	0.207037	194.131	0.904343	0
193.606	0.199419	191.963	0.893447	0
181.876	0.191495	189.879	0.892766	0
170.818	0.185234	188.295	0.886978	0
160.398	0.181396	185.377	0.892766	0
150.551	0.177156	183.593	0.893447	0
141.249	0.173071	183.526	0.881871	0
132.502	0.170182	180.525	0.876082	0
124.218	0.167667	178.674	0.877785	0
116.346	0.165595	178.324	0.847822	0
108.838	0.161913	175.556	0.890042	0
101.647	0.158904	175.823	0.869273	0
94.7619	0.157479	174.073	0.88153	0
88.175	0.155523	169.804	0.866889	0
81.8394	0.153115	170.338	0.872677	0
75.7904	0.151518	170.805	0.880168	0
70.0017	0.14929	168.22	0.868932	0
64.4224	0.14537	168.42	0.86723	0
59.1911	0.13991	166.053	0.842033	0
54.3189	0.133115	164.769	0.887659	0
49.7135	0.125845	163.585	0.862122	0
45.5214	0.117621	162.734	0.83284	0
41.7959	0.10874	158.649	0.845779	0
38.3954	0.0981665	157.416	0.842033	0
35.3977	0.0883296	155.748	0.837947	0
32.8394	0.0795562	152.947	0.83284	0
30.6039	0.069685	151.697	0.823987	0
28.7121	0.061735	152.18	0.830797	0
27.1877	0.054754	150.83	0.824328	0
25.9265	0.0467059	147.778	0.816497	0
24.8614	0.0412334	145.877	0.808325	0
23.959	0.0371812	144.527	0.82603	0
23.2436	0.0336248	144.894	0.823306	0
22.6728	0.0307965	141.759	0.794024	0
22.177	0.0290821	141.492	0.818539	0
21.748	0.027154	140.358	0.809006	0
21.3841	0.026135	138.891	0.815816	0
21.0501	0.0249258	138.608	0.803898	0
20.803	0.0243446	138.841	0.816497	0
20.5857	0.0237883	138.208	0.799472	0
20.3617	0.0233188	137.174	0.808325	0
20.1992	0.0234895	135.957	0.819561	0
20.0752	0.0229695	134.773	0.792662	0
19.9335	0.022986	134.723	0.814794	0
19.7986	0.022741	133.739	0.827392	0
19.6782	0.0223589	135.94	0.807644	0
19.5577	0.0220316	134.923	0.802536	0
19.4512	0.0226218	133.272	0.817858	0
19.3462	0.0229248	132.972	0.808325	0
19.2416	0.0221538	132.605	0.831138	0
19.1462	0.0217788	132.705	0.81173	0
19.05	0.0216934	133.055	0.789257	0
18.9844	0.0217571	132.905	0.804239	0
18.9093	0.0213705	132.038	0.800153	0
18.8355	0.0215409	133.089	0.825349	0
18.8131	0.0212857	132.038	0.820242	0
18.729	0.0207738	132.338	0.82603	0
18.5915	0.021661	131.305	0.819561	0
18.5447	0.0214979	131.805	0.794365	0
18.5188	0.0206204	131.538	0.838288	0
18.4571	0.0208933	129.321	0.816156	0
18.4062	0.0206373	130.588	0.800153	0
18.3375	0.0208106	130.721	0.784831	0
18.276	0.0204487	130.604	0.791981	0
18.2623	0.0212862	130.504	0.785512	0
18.2389	0.020815	129.571	0.813432	0
18.2015	0.0206264	130.088	0.821944	0
18.1626	0.0209283	130.538	0.799131	0
18.0789	0.0209998	130.288	0.809006	0
18.0121	0.0211477	130.871	0.793343	0
18.0335	0.0206158	129.321	0.804239	0
18.024	0.0207006	131.788	0.819901	0
17.964	0.0203518	128.987	0.797429	0
17.932	0.0203229	129.687	0.793684	0
17.8969	0.0201331	129.054	0.806963	0
17.8808	0.0200187	129.721	0.81207	0
17.88	0.0203391	130.221	0.806282	0
17.7924	0.0203778	128.504	0.81173	0
17.7483	0.0202984	130.038	0.82569	0
17.7384	0.0203237	127.82	0.803558	0
17.6843	0.0203855	129.621	0.814454	0
17.6738	0.0205306	130.488	0.810027	0
17.6659	0.0200726	129.887	0.799472	0
17.6245	0.0199659	129.287	0.820582	0
17.5761	0.020048	129.07	0.818539	0
17.549	0.0202123	128.57	0.79811	0
17.5199	0.0201873	127.82	0.794705	0
17.4797	0.0202414	128.37	0.802877	0
17.4495	0.0196698	127.603	0.808665	0
17.4311	0.020113	130.888	0.801174	0
17.4195	0.0201983	128.737	0.801174	0
17.3935	0.0195583	129.737	0.800153	0
17.3655	0.019508	127.536	0.806963	0
17.3423	0.0196616	127.32	0.807984	0
17.3244	0.0201684	128.854	0.802196	0
17.3037	0.0200831	128.27	0.796408	0
17.2871	0.0201835	126.503	0.796067	0
17.2637	0.0197461	129.537	0.795386	0
17.2412	0.0199273	128.604	0.816156	0
17.1996	0.0204129	128.904	0.796408	0
17.1393	0.0198103	127.47	0.811389	0
17.1253	0.019971	127.32	0.802536	0
17.1131	0.0202019	126.853	0.791981	0
17.0683	0.0199496	127.703	0.80526	0
17.0514	0.0198546	128.02	0.793003	0
17.0426	0.0201445	127.053	0.79777	0
17.0183	0.0198904	127.753	0.789938	0
16.9763	0.0196158	128.253	0.813773	0
16.916	0.0202694	127.136	0.821944	0
16.8976	0.0201504	127.553	0.795727	0
16.8923	0.0198519	126.669	0.787895	0
16.8299	0.0196358	125.185	0.798451	0
16.7822	0.0196294	127.536	0.800834	0
16.7889	0.0194912	128.337	0.817177	0
16.7841	0.0200426	126.336	0.786874	0
16.7552	0.0195939	126.219	0.792322	0
16.7087	0.0195807	126.236	0.798451	0
16.6486	0.0200265	125.586	0.816837	0
16.6347	0.0202464	126.619	0.802536	0
16.6328	0.0194234	126.336	0.797429	0
16.5718	0.0199924	126.136	0.795046	0
16.5317	0.0197801	126.169	0.787895	0
16.548	0.0191722	127.47	0.786193	0
16.5158	0.0193566	126.369	0.803217	0
16.4646	0.0194546	125.236	0.792662	0
16.467	0.0190632	127.003	0.794365	0
16.4497	0.0199485	124.469	0.815135	0
16.3905	0.0197681	125.152	0.767806	0
16.3696	0.0194072	124.535	0.794705	0
16.3698	0.0196332	127.303	0.793684	0
16.3506	0.0196556	127.953	0.816156	0
16.3059	0.0191992	124.852	0.783128	0
16.2487	0.0193774	125.736	0.785512	0
16.2372	0.0192868	126.203	0.778362	0
16.2393	0.0194628	125.085	0.806282	0
16.1831	0.0190401	126.319	0.802877	0
16.1386	0.0196373	124.985	0.788917	0
16.1171	0.0191737	124.602	0.80492	0
16.0698	0.0191384	124.852	0.809006	0
16.0377	0.0196531	124.652	0.803558	0
16.0574	0.0190978	125.669	0.793343	0
16.0423	0.0192356	125.119	0.782107	0
15.9804	0.019713	123.201	0.798791	0
15.9512	0.0195799	123.485	0.781766	0
15.9421	0.0195642	125.269	0.825349	0
15.9119	0.0194499	124.635	0.821263	0
15.8796	0.0194843	124.469	0.794365	0
15.8426	0.0190685	122.868	0.817177	0
15.8251	0.0201813	123.602	0.80492	0
15.8101	0.0200074	124.785	0.800834	0
15.7731	0.0198363	127.036	0.813773	0
15.7541	0.0195018	125.336	0.788236	0
15.7326	0.0190499	122.901	0.801855	0
15.6997	0.0191936	124.185	0.772233	0
15.6981	0.0195092	123.535	0.798791	0
15.6724	0.0191614	123.668	0.779043	0
15.6177	0.0189958	123.668	0.807303	0
15.6129	0.0196465	125.719	0.792662	0
15.6099	0.0193452	124.402	0.810027	0
15.5517	0.0198554	123.568	0.795386	0
15.5255	0.0193287	124.018	0.789938	0
15.5375	0.0192048	121.15	0.802536	0
15.5113	0.0196302	123.535	0.835564	0
15.4782	0.0198498	122.168	0.811049	0
15.4796	0.0193744	122.034	0.788576	0
15.4587	0.0189059	123.301	0.796408	0
15.4207	0.0196751	123.051	0.77734	0
15.4227	0.0191784	122.634	0.792322	0
15.4236	0.0192598	122.234	0.778362	0
15.3933	0.0191095	121.817	0.779383	0
15.372	0.018975	123.135	0.821604	0
15.3517	0.0190069	123.501	0.795046	0
15.3276	0.0188604	121.617	0.799812	0
15.3086	0.0186825	122.668	0.798791	0
15.3039	0.018955	121.901	0.779043	0
15.27	0.0192178	121.867	0.79777	0
15.2353	0.0192142	121.701	0.802536	0
15.2205	0.0191155	122.051	0.786533	0
15.193	0.0194152	121.684	0.78415	0
15.1865	0.0190959	122.584	0.794024	0
15.1832	0.0189255	120.65	0.803558	0
15.1461	0.0188185	121.434	0.785852	0
15.1265	0.0182989	121.017	0.806282	0
15.104	0.019179	121.717	0.79811	0
15.0695	0.0189983	121.567	0.788576	0
15.0295	0.0193943	121.651	0.820923	0
14.9659	0.0186987	120.9	0.789257	0
14.9349	0.0189981	122.384	0.800834	0
14.892	0.018882	121.734	0.80492	0
14.866	0.0187449	122.601	0.803558	0
14.862	0.0188476	121.401	0.79096	0
14.8259	0.0179093	120.233	0.781085	0
14.7768	0.0180696	119.733	0.795046	0
14.7422	0.0184563	120.217	0.791981	0
14.72	0.0182918	120.133	0.81173	0
14.6743	0.0177262	121.634	0.817518	0
14.6383	0.0176331	119.783	0.808325	0
14.6463	0.0176631	120.734	0.792322	0
14.606	0.0179132	119.833	0.794024	0
14.5437	0.0173077	119.133	0.785171	0
14.5449	0.0170585	120.867	0.787214	0
14.5465	0.0176079	120.233	0.799472	0
14.5313	0.0175917	120.4	0.805941	0
14.5023	0.0172737	118.833	0.795046	0
14.4592	0.0174471	118.533	0.769509	0
14.4371	0.0172775	119.25	0.807303	0
14.4195	0.0174025	119.683	0.79811	0
14.4051	0.0175724	117.899	0.780064	0
14.4017	0.0173003	118.349	0.783128	0
14.3948	0.0176698	119.333	0.815816	0
14.3486	0.0170172	118.333	0.79096	0
14.3233	0.0175587	118.249	0.786874	0
14.3683	0.0171323	117.766	0.786874	0
14.3867	0.017229	118.233	0.795727	0
14.3444	0.0172456	119.166	0.764742	0
14.3329	0.0171797	118.466	0.785512	0
14.3307	0.017182	117.999	0.791981	0
14.3283	0.017254	119.767	0.816837	0
14.3077	0.0175306	118.016	0.805941	0
14.2734	0.0172472	119.1	0.779383	0
14.2773	0.0170167	118.583	0.791641	0
14.2757	0.0175653	118.649	0.784831	0
14.2707	0.0171999	119.566	0.78449	0
14.2994	0.0171448	118.933	0.796408	0
14.2772	0.0167862	119.566	0.801515	0
14.2287	0.0166258	119.633	0.798451	0
14.2375	0.0169206	117.732	0.817177	0
14.2539	0.0175071	117.165	0.794705	0
14.2327	0.0167149	117.466	0.790279	0
14.214	0.0167359	119.566	0.786193	0
14.2231	0.0166177	118.516	0.80526	0
14.2268	0.0171446	118.733	0.788236	0
14.198	0.0168294	118.833	0.793003	0
14.1804	0.0163645	119.667	0.793684	0
14.202	0.0167413	118.299	0.792662	0
14.1891	0.0168859	118.116	0.796408	0
14.1888	0.0172038	117.949	0.81207	0
14.2023	0.0169385	117.466	0.778021	0
14.1672	0.0174426	116.615	0.796748	0
14.1531	0.016927	118.633	0.79777	0
14.165	0.0171869	117.799	0.793684	0
14.1549	0.016868	117.816	0.797089	0
14.1508	0.0168354	117.799	0.779043	0
14.1736	0.0165769	118.049	0.781766	0
14.1524	0.0167013	118.483	0.784831	0
14.1311	0.0165685	118.133	0.781085	0
14.1569	0.0167462	116.782	0.796067	0
14.1715	0.0164889	117.982	0.796408	0
14.1527	0.0168895	118.449	0.805941	0
14.1477	0.0168278	118.549	0.785171	0
14.1585	0.0168063	117.732	0.791981	0
14.1396	0.0167547	119.983	0.790279	0
14.132	0.016956	120.15	0.800153	0
14.125	0.0176628	118.183	0.803558	0
14.102	0.0166999	118.133	0.802877	0
14.1108	0.0168491	117.182	0.806282	0
14.1077	0.0173199	118.383	0.793684	0
14.1051	0.0166551	116.865	0.759294	0
14.1225	0.0173545	118.583	0.776659	0
14.1094	0.0169442	118.183	0.802196	0
14.0905	0.0170299	117.916	0.787214	0
14.0819	0.0168924	117.866	0.800493	0
14.1017	0.0168618	116.815	0.802196	0
14.1172	0.0171064	118.366	0.805601	0
14.0935	0.0172108	118.966	0.814454	0
14.0668	0.017154	117.699	0.800153	0
14.0818	0.0167155	119.2	0.823647	0
14.1121	0.0170979	117.582	0.776319	0
14.1015	0.0172693	117.632	0.787214	0
14.0805	0.0169754	118.649	0.800493	0
14.0653	0.0165498	119.383	0.793003	0
14.0669	0.0161017	117.382	0.794705	0
14.0878	0.0164156	116.715	0.803558	0
14.0829	0.0167644	118.433	0.813092	0
14.0652	0.0166553	118.366	0.79096	0
14.0693	0.0164538	118.283	0.793684	0
14.0603	0.0168848	117.649	0.803217	0
14.0444	0.0170401	118.166	0.791641	0
14.045	0.0163949	117.232	0.79096	0
14.0421	0.0170951	118.616	0.800493	0
14.0499	0.0168239	117.382	0.795727	0
14.0644	0.0167045	118.466	0.795046	0
14.0868	0.0169455	117.849	0.786193	0
14.0922	0.0170584	118.833	0.783469	0
14.0549	0.016624	116.398	0.803558	0
14.0194	0.0165215	118.266	0.801174	0
14.0308	0.0163374	118.516	0.775638	0
14.0613	0.0165799	117.266	0.797429	0
14.0595	0.0170971	118.233	0.789257	0
14.0502	0.0170067	117.466	0.76338	0
14.0516	0.0168481	116.298	0.783128	0
14.0482	0.0164658	117.882	0.78449	0
14.041	0.0168593	116.398	0.795046	0
14.0134	0.0167609	117.966	0.79811	0
14.0093	0.016959	117.349	0.800493	0
14.0195	0.0170088	117.516	0.797429	0
14.0238	0.0169418	119.116	0.796748	0
14.0275	0.0170727	116.265	0.798451	0
14.0182	0.0167015	117.849	0.794365	0
14.0231	0.0165304	117.366	0.804239	0
14.038	0.0166228	119.066	0.795046	0
14.0433	0.0167074	116.915	0.797429	0
14.0018	0.0166256	116.432	0.798791	0
13.9919	0.0166579	117.182	0.795386	0
14.0286	0.0167719	117.799	0.797429	0
14.0197	0.0169799	119.6	0.787214	0
13.9878	0.0168772	118.016	0.785852	0
13.9865	0.0165226	118.166	0.789938	0
14.0094	0.0171951	117.599	0.783809	0
14.0314	0.016706	117.932	0.802196	0
14.0153	0.0165717	117.916	0.79777	0
13.9869	0.0170912	116.649	0.793003	0
13.9988	0.0167081	119.316	0.80492	0
14.0027	0.0168414	116.949	0.796748	0
14.0109	0.0162205	118.149	0.802877	0
14.0433	0.0168026	117.899	0.782447	0
14.0157	0.0168389	117.366	0.79811	0
13.9891	0.0170182	117.866	0.782447	0
14.0113	0.0169552	118.316	0.787214	0
14.0019	0.0163545	117.165	0.780405	0
13.9825	0.0165921	118.283	0.780064	0
14.003	0.0167407	116.482	0.799131	0
14.0145	0.0170225	117.966	0.774276	0
14.0084	0.016889	117.115	0.788917	0
14.0018	0.0174442	117.099	0.781766	0
13.9874	0.0167467	117.682	0.801855	0
13.9757	0.0166909	116.015	0.771892	0
13.9756	0.0163111	117.749	0.774616	0
14.0185	0.0164195	116.865	0.799472	0
14.0292	0.0167533	116.765	0.802196	0
13.9992	0.0168293	116.899	0.765763	0
13.9919	0.0165441	116.865	0.780405	0
13.991	0.016011	118.283	0.776319	0
13.9969	0.0164156	118.383	0.786874	0
13.9869	0.0164695	116.699	0.787895	0
13.986	0.0165478	119.483	0.782447	0
13.9795	0.0164435	118.349	0.810027	0
13.9542	0.0162946	116.615	0.800493	0
13.9657	0.0162744	116.882	0.797089	0
13.987	0.01672	118.366	0.79096	0
13.9963	0.017146	117.549	0.794024	0
13.9907	0.0169497	117.032	0.781426	0
13.9778	0.0168259	117.782	0.804239	0
14.0144	0.0166162	118.216	0.800834	0
14.0286	0.01694	116.715	0.78415	0
13.9887	0.0168074	117.149	0.792662	0
13.972	0.0165039	117.149	0.799812	0
13.9753	0.0168363	117.866	0.802536	0
13.9698	0.0162203	117.349	0.793003	0
13.9709	0.0166567	117.666	0.796408	0
13.9783	0.0172038	116.115	0.789598	0
13.9848	0.0166248	118.149	0.785512	0
13.9897	0.0165046	117.115	0.785171	0
13.9651	0.0166594	117.916	0.830116	0
13.9434	0.0166284	117.716	0.790619	0
13.9634	0.0167049	116.982	0.79096	0
13.9635	0.0164259	117.249	0.802536	0
13.9718	0.0166817	117.849	0.793343	0
13.9877	0.0171394	118.183	0.793343	0
13.954	0.0167705	118.083	0.794024	0
13.9342	0.0169311	117.165	0.800834	0
13.9495	0.0164327	116.915	0.76338	0
13.9447	0.0170396	117.115	0.797089	0
13.9405	0.0167057	118.299	0.815816	0
13.9439	0.0164762	116.982	0.7913	0
13.9445	0.0165675	117.216	0.794705	0
13.937	0.0167046	117.332	0.776659	0
13.9413	0.017178	117.232	0.815135	0
13.9704	0.0163448	118.333	0.792322	0
13.9724	0.0163321	117.399	0.801855	0
13.9538	0.016871	116.949	0.760316	0
13.9721	0.0167952	117.816	0.780745	0
13.9704	0.0163079	117.432	0.792322	0
13.9486	0.0168437	117.616	0.799812	0
13.9558	0.0165927	116.982	0.782447	0
13.9486	0.0162872	117.282	0.812751	0
13.9516	0.0168276	116.665	0.808325	0
13.9757	0.0164235	117.482	0.780405	0
13.9716	0.0167229	118.483	0.783809	0
13.9677	0.0169702	117.816	0.803217	0
13.9509	0.0168603	117.782	0.790619	0
13.9289	0.0169036	115.932	0.775297	0
13.9677	0.0170006	117.982	0.797429	0
13.9842	0.0165253	116.582	0.794365	0
13.9258	0.0165577	116.298	0.786533	0
13.9319	0.0164032	116.932	0.804239	0
13.972	0.0165007	116.932	0.79096	0
13.9613	0.0163494	116.649	0.797429	0
13.9533	0.0165527	116.999	0.789257	0
13.9631	0.0167318	117.949	0.814454	0
13.9586	0.0166909	116.965	0.779043	0
13.9255	0.0167982	117.682	0.788576	0
13.9161	0.0165851	116.348	0.778362	0
13.9401	0.016475	117.632	0.774616	0
13.9351	0.016559	116.782	0.801855	0
13.9296	0.0164074	117.132	0.786533	0
13.9561	0.0165199	118.449	0.771892	0
13.9654	0.0168591	117.516	0.792662	0
13.9468	0.0162967	117.165	0.787214	0
13.9359	0.0162312	116.932	0.781766	0
13.9408	0.0172843	116.615	0.778021	0
13.9663	0.0160097	115.765	0.79811	0
13.9571	0.0165591	118.283	0.793343	0
13.9259	0.0167653	116.815	0.774616	0
13.9469	0.0167855	118.95	0.781766	0
13.9536	0.0164938	116.082	0.794365	0
13.9214	0.0165806	119.166	0.779383	0
13.9539	0.0165058	118.483	0.788576	0
13.9715	0.0167342	117.482	0.810708	0
13.94	0.0165147	116.582	0.7913	0
13.9276	0.0168807	118.616	0.798451	0
13.9287	0.0166372	117.999	0.794705	0
13.9199	0.0170073	116.799	0.814454	0
13.9239	0.0164978	117.849	0.7913	0
13.9463	0.0167116	117.916	0.803558	0
13.9466	0.0168334	119.533	0.803898	0
13.9431	0.0165762	118.566	0.786533	0
13.9423	0.0166272	115.815	0.795727	0
13.9405	0.0165873	118.333	0.802536	0
13.934	0.0166229	115.898	0.798451	0
13.9407	0.0165947	115.598	0.798791	0
13.9659	0.0170966	118.549	0.799812	0
13.9623	0.0172648	117.382	0.79777	0
13.9393	0.0166688	116.415	0.799812	0
13.9247	0.0170189	116.365	0.79777	0
13.9382	0.0168135	115.865	0.788576	0
13.9491	0.0165034	117.165	0.801174	0
13.9276	0.0171244	116.148	0.782447	0
13.9124	0.0167429	117.182	0.780745	0
13.9339	0.0164636	117.899	0.809346	0
13.9457	0.0165201	117.416	0.787214	0
13.9464	0.0167853	116.665	0.781766	0
13.9617	0.0167327	117.782	0.79777	0
13.9285	0.0162005	117.015	0.782107	0
13.9202	0.0169315	116.815	0.790619	0
13.9534	0.0168483	116.782	0.791981	0
13.9298	0.0161955	118.583	0.795386	0
13.9064	0.0167375	116.732	0.785512	0
13.9298	0.0172022	117.849	0.770871	0
13.9247	0.0167913	116.449	0.772914	0
13.8953	0.0167022	118.616	0.795727	0
13.9124	0.0167517	117.966	0.784831	0
13.9475	0.0170297	117.649	0.801515	0
13.9393	0.0168457	118.049	0.787555	0
13.9134	0.0167283	116.949	0.762359	0
13.919	0.0161624	115.982	0.773595	0
13.944	0.0166142	118.983	0.803558	0
13.9466	0.0165056	116.815	0.793343	0
13.915	0.0165355	115.682	0.789257	0
13.9203	0.0167422	117.332	0.794365	0
13.9426	0.0167521	117.766	0.796748	0
13.9488	0.0161968	117.065	0.773595	0
13.9337	0.0163498	117.382	0.804579	0
13.9256	0.0169624	117.299	0.792662	0
13.941	0.0165002	117.132	0.7913	0
13.9434	0.0167611	118.249	0.796067	0
13.95	0.0168674	115.965	0.821263	0
13.9389	0.0168096	118.099	0.818199	0
13.9287	0.0165369	116.915	0.793343	0
13.9497	0.0166601	117.649	0.78449	0
13.9435	0.016364	118.199	0.789257	0
13.9273	0.0168287	117.782	0.802877	0
13.9293	0.0161288	116.315	0.792322	0
13.9511	0.0162939	118.116	0.782447	0
13.9592	0.0167381	116.348	0.798791	0
13.9447	0.0170139	116.315	0.806622	0
13.947	0.0170388	117.232	0.806622	0
13.9381	0.0164981	115.548	0.803898	0
13.9384	0.0166265	118.183	0.804579	0
13.9438	0.0167006	117.382	0.782447	0
13.9189	0.0170369	118.516	0.794365	0
13.921	0.0168807	118.199	0.794705	0
13.9244	0.0168035	116.532	0.787555	0
13.909	0.0166125	118.416	0.793343	0
13.9404	0.0163308	116.732	0.776659	0
13.9403	0.0167071	116.332	0.786193	0
13.9179	0.0165858	116.499	0.818539	0
13.9333	0.0164409	116.849	0.80492	0
13.9307	0.0169878	116.732	0.787895	0
13.9081	0.0166448	117.032	0.782107	0
13.9037	0.016549	117.449	0.800493	0
13.9273	0.0163571	116.282	0.782788	0
13.9332	0.0166242	117.099	0.785171	0
13.9172	0.0168324	117.165	0.783469	0
13.8902	0.0166826	116.082	0.780405	0
13.8916	0.016516	117.216	0.779043	0
13.9345	0.0169208	117.032	0.777681	0
13.9358	0.0164111	117.366	0.793343	0
13.9131	0.0164784	115.882	0.788576	0
13.9344	0.0167972	118.549	0.796748	0
13.9518	0.016591	117.449	0.782788	0
13.9254	0.0162707	119.566	0.815135	0
13.915	0.0166382	117.149	0.795727	0
13.9264	0.0165767	115.915	0.799472	0
13.9107	0.016479	116.398	0.771211	0
13.9198	0.0168079	117.482	0.791981	0
13.9263	0.016712	117.949	0.810027	0
13.9197	0.0168645	117.182	0.808325	0
13.9188	0.0167614	117.749	0.76338	0
13.8951	0.016742	118.533	0.780745	0
13.9102	0.016384	117.449	0.787555	0
13.9051	0.0165452	116.782	0.792322	0
13.8808	0.0166895	117.549	0.799812	0
13.9126	0.0161431	116.365	0.790619	0
13.9176	0.0164056	117.582	0.783128	0
13.8925	0.0161899	116.649	0.772233	0
13.907	0.0163322	119.133	0.800493	0
13.9193	0.0163492	117.249	0.783469	0
13.9009	0.0165987	116.815	0.797429	0
13.8867	0.0165079	117.449	0.787214	0
13.9102	0.016062	117.349	0.804239	0
13.9178	0.0168639	116.682	0.78415	0
13.898	0.0166182	116.665	0.782447	0
13.8959	0.0167538	117.132	0.78415	0
13.9011	0.016466	118.566	0.803558	0
13.9213	0.0167549	117.216	0.77053	0
13.9326	0.0169602	117.165	0.793003	0
13.9255	0.0164561	117.132	0.783469	0
13.9098	0.0166087	117.716	0.796748	0
13.8771	0.0162249	116.649	0.77019	0
13.8781	0.0160471	115.431	0.794705	0
13.9015	0.016511	117.416	0.788576	0
13.915	0.0164622	119.266	0.795046	0
13.921	0.0165734	115.615	0.801515	0
13.9043	0.0167722	117.732	0.790279	0
13.9002	0.0164543	117.532	0.808665	0
13.9058	0.0165872	114.698	0.781085	0
13.8849	0.0166086	117.249	0.775638	0
13.8879	0.0163545	116.332	0.795727	0
13.8924	0.0164878	115.798	0.791981	0
13.8663	0.0167369	115.965	0.794705	0
13.8813	0.0166797	117.049	0.806963	0
13.9107	0.0164862	117.899	0.785171	0
13.9038	0.0166501	116.765	0.792662	0
13.896	0.016455	116.532	0.801855	0
13.9227	0.0165357	118.033	0.786533	0
13.9173	0.017106	118.083	0.786193	0
13.8885	0.0167527	115.115	0.794365	0
13.8764	0.0171297	117.149	0.79777	0
13.8798	0.0164567	117.866	0.782447	0
13.9029	0.01662	117.165	0.804239	0
13.9177	0.0162846	116.949	0.77019	0
13.9084	0.0165541	117.782	0.778702	0
13.9141	0.0163728	116.765	0.788917	0
13.9062	0.0165382	118.033	0.797089	0
13.9	0.0165445	117.649	0.798791	0
13.9294	0.0163413	117.382	0.816837	0
13.9365	0.0165587	118.333	0.79096	0
13.8993	0.0169019	116.398	0.817177	0
13.8879	0.0163413	117.799	0.798791	0
13.9104	0.0166409	117.299	0.821263	0
13.8948	0.0168527	117.199	0.809006	0
13.8803	0.0166518	117.682	0.803217	0
13.9247	0.0163967	118.416	0.786193	0
13.9142	0.0163969	117.466	0.780405	0
13.8689	0.0168761	116.949	0.785512	0
13.8893	0.0167299	116.915	0.787895	0
13.9028	0.0167236	116.765	0.808665	0
13.8973	0.0164813	117.549	0.800153	0
13.9068	0.0164557	116.165	0.7913	0
13.8993	0.0166828	116.915	0.777	0
13.8956	0.0166498	116.499	0.781766	0
13.8977	0.016726	116.082	0.78415	0
13.8775	0.016499	115.948	0.790619	0
13.863	0.0161942	116.699	0.779043	0
13.8826	0.0163007	117.099	0.789938	0
13.8614	0.0166412	116.965	0.80492	0
13.8638	0.0164374	116.048	0.773595	0
13.9195	0.016521	116.515	0.809006	0
13.9114	0.0165543	116.599	0.81922	0
13.8762	0.0169021	115.165	0.789598	0
13.8688	0.0167712	118.033	0.792662	0
13.8784	0.016612	117.149	0.78449	0
13.8924	0.016837	117.932	0.791641	0
13.8674	0.0167122	117.249	0.785512	0
13.8746	0.0166716	117.499	0.787555	0
13.8955	0.0166379	116.549	0.805601	0
13.897	0.0170645	117.432	0.786533	0
13.9045	0.0166616	117.232	0.819901	0
13.8858	0.0166029	114.531	0.807984	0
13.863	0.0164732	119.416	0.795727	0
13.9109	0.0164319	118.616	0.783809	0
13.9426	0.0166187	115.048	0.788917	0
13.9037	0.0166864	115.982	0.78415	0
13.8847	0.0167948	116.482	0.811049	0
13.8998	0.0166734	118.183	0.804239	0
13.8943	0.0171955	119.25	0.785852	0
13.8845	0.0168404	115.198	0.805941	0
13.8919	0.016628	118.249	0.807984	0
13.9037	0.016422	116.699	0.795727	0
13.8897	0.0167918	118.299	0.789257	0
13.8761	0.0164548	117.216	0.775297	0
13.9033	0.0163087	118.033	0.785171	0
13.9139	0.0166044	116.865	0.78449	0
13.8907	0.0168494	117.732	0.806282	0
13.884	0.0166101	116.865	0.780064	0
13.8816	0.0165896	118.416	0.799131	0
13.8943	0.0168342	117.866	0.789938	0
13.9156	0.0169673	116.115	0.787895	0
13.9085	0.0163073	118.666	0.815135	0
13.8888	0.0166457	117.132	0.803898	0
13.8959	0.0164143	117.182	0.794365	0
13.8888	0.0167333	116.315	0.797429	0
13.867	0.0165934	118.066	0.79811	0
13.8959	0.0165824	115.298	0.793003	0
13.8914	0.0164983	116.449	0.787555	0
13.8892	0.0158263	117.966	0.79096	0
13.9135	0.0166639	117.115	0.786193	0
13.8796	0.0165937	117.165	0.774276	0
13.8704	0.0167737	116.582	0.804579	0
13.8959	0.0162382	118.583	0.795046	0
13.9186	0.0169679	117.266	0.775297	0
13.9283	0.0168698	117.416	0.791641	0
13.9134	0.0168143	117.115	0.807303	0
13.9125	0.0162724	117.482	0.818539	0
13.8894	0.0164599	117.916	0.786533	0
13.863	0.0167099	118.016	0.788576	0
13.884	0.0165659	117.065	0.787895	0
13.8942	0.0166681	117.949	0.783128	0
13.8899	0.0165936	116.582	0.795386	0
13.8937	0.0166474	116.182	0.815475	0
13.8843	0.0166523	116.032	0.789938	0
13.878	0.0164141	117.349	0.784831	0
13.8924	0.0164385	117.832	0.798791	0
13.891	0.0164671	116.799	0.791981	0
13.8847	0.016606	116.298	0.797089	0
13.8887	0.0165067	117.882	0.781426	0
13.8903	0.0163969	117.165	0.796748	0
13.8963	0.0166914	116.148	0.786874	0
13.8968	0.0163289	117.132	0.789938	0
13.9088	0.0164953	118.299	0.804239	0
13.8939	0.0166806	116.715	0.799131	0
13.8595	0.0163909	117.349	0.777681	0
13.8807	0.016586	117.049	0.794705	0
13.9058	0.0164552	117.249	0.783809	0
13.8881	0.0163998	115.431	0.809346	0
13.9035	0.016483	117.632	0.802536	0
13.9157	0.0159765	116.715	0.799472	0
13.888	0.0169738	117.582	0.782788	0
13.8824	0.0168667	115.815	0.800834	0
13.8797	0.0165055	116.865	0.789598	0
13.8812	0.0166598	115.465	0.792322	0
13.9169	0.0167561	115.698	0.788236	0
13.9022	0.0169913	117.532	0.799472	0
13.861	0.0165036	117.866	0.782447	0
13.8868	0.0167094	118.716	0.787214	0
13.8885	0.0164967	116.298	0.803558	0
13.8615	0.0165893	118.866	0.805601	0
13.8796	0.0160732	114.581	0.786193	0
13.9051	0.0166267	116.482	0.778021	0
13.8812	0.0168162	116.449	0.788576	0
13.8612	0.0170275	116.082	0.78449	0
13.8714	0.0165273	117.182	0.802196	0
13.8477	0.0164337	117.165	0.798451	0
13.8452	0.0163836	118.249	0.806622	0
13.8916	0.0165921	117.499	0.79096	0
13.8788	0.0169093	117.299	0.79777	0
13.8602	0.0167877	116.882	0.794365	0
13.8797	0.0167211	117.082	0.783809	0
13.8739	0.0169763	115.848	0.794024	0
13.8844	0.0165439	117.932	0.780405	0
13.9115	0.0168725	117.216	0.809687	0
13.907	0.0164103	115.481	0.789257	0
13.8993	0.0170425	116.915	0.778702	0
13.8985	0.0167337	117.299	0.793343	0
13.8934	0.0165322	118.416	0.782788	0
13.9029	0.0169945	117.516	0.801515	0
13.9013	0.0162824	117.165	0.782447	0
13.901	0.0165004	117.165	0.7913	0
13.876	0.0165681	118.449	0.795386	0
13.8556	0.0166418	116.382	0.802196	0
13.9017	0.0168563	118.049	0.806282	0
13.9088	0.01679	115.798	0.795727	0
13.8656	0.0168218	117.599	0.812751	0
13.8857	0.0165903	116.699	0.778702	0
13.889	0.0162316	116.482	0.789257	0
13.862	0.0168252	116.999	0.799472	0
13.901	0.0165167	117.182	0.773254	0
13.9197	0.0164808	117.599	0.788576	0
13.9026	0.0164445	118.583	0.810708	0
13.9116	0.0164191	115.915	0.768487	0
13.9005	0.0168428	118.316	0.791981	0
13.8862	0.0168456	117.082	0.795046	0
13.8987	0.0169215	116.449	0.800493	0
13.9182	0.0169308	117.099	0.784831	0
13.9207	0.0168523	116.515	0.782447	0
13.8942	0.0166547	116.865	0.802877	0
13.8811	0.0170804	116.949	0.780745	0
13.878	0.0163084	116.082	0.78449	0
13.8689	0.0162744	116.832	0.806622	0
13.8672	0.0165664	117.516	0.788236	0
13.8658	0.0165856	116.799	0.809006	0
13.8651	0.0166062	116.182	0.780405	0
13.8555	0.0167581	117.249	0.800153	0
13.8683	0.0164949	117.649	0.79777	0
13.893	0.0165552	117.366	0.768147	0
13.8933	0.0164859	116.365	0.795386	0
13.8805	0.0163331	117.182	0.782107	0
13.8952	0.0163443	118.349	0.793684	0
13.8799	0.0161599	116.198	0.775978	0
13.8515	0.0166944	116.282	0.799472	0
13.8877	0.0164461	116.465	0.795386	0
13.8968	0.0169737	116.565	0.775297	0
13.8681	0.0167062	116.982	0.803558	0
13.8687	0.0164258	118.433	0.783809	0
13.9004	0.01687	117.966	0.807984	0
13.9055	0.0166337	116.765	0.806622	0
13.8735	0.0169134	117.149	0.790279	0
13.9028	0.0166306	116.915	0.801855	0
13.9061	0.0164975	116.382	0.788917	0
13.8621	0.0162584	117.499	0.809006	0
13.8809	0.016413	117.866	0.771552	0
13.9168	0.0167611	117.132	0.794024	0
13.9228	0.0164499	116.132	0.793684	0
13.9256	0.0161377	119.383	0.796748	0
13.9009	0.0165325	117.566	0.790279	0
13.8824	0.0163666	116.999	0.817858	0
13.8925	0.0162455	116.298	0.780064	0
13.9027	0.0160451	116.248	0.803898	0
13.9012	0.016523	116.682	0.798791	0
13.8651	0.0165628	118.033	0.803898	0
13.8599	0.0162976	115.782	0.774616	0
13.8631	0.0167016	117.216	0.785171	0
13.8535	0.0165241	117.199	0.791641	0
13.8798	0.0164667	118.066	0.796408	0
13.9085	0.0166886	116.332	0.778021	0
13.893	0.0166943	118.016	0.806963	0
13.8803	0.0165784	115.298	0.782447	0
13.8922	0.0165531	117.266	0.810027	0
13.8877	0.0165919	117.699	0.787214	0
13.8659	0.0166745	117.616	0.804239	0
13.8837	0.0163869	116.465	0.783469	0
13.881	0.0166101	115.848	0.784831	0
13.8776	0.0168474	115.748	0.781085	0
13.9144	0.0166866	117.049	0.787555	0
13.9242	0.0164515	117.699	0.788917	0
13.8883	0.0168887	116.832	0.795727	0
13.8905	0.0167402	117.232	0.80526	0
13.9094	0.0167509	117.216	0.794024	0
13.8841	0.0169219	116.582	0.782788	0
13.87	0.0165247	115.531	0.79096	0
13.9005	0.0170099	116.532	0.794024	0
13.9086	0.0165048	116.849	0.788576	0
13.894	0.0167662	117.882	0.79811	0
13.869	0.0167077	117.199	0.792322	0
13.861	0.0168329	118.116	0.80492	0
13.9013	0.0165823	117.015	0.773935	0
13.9211	0.0170164	115.448	0.788576	0
13.8935	0.0167558	116.549	0.807984	0
13.8866	0.0164836	118.466	0.801174	0
13.8982	0.016335	118.083	0.811389	0
13.8948	0.0164295	117.115	0.806282	0
13.8671	0.0164095	117.115	0.803898	0
13.8529	0.0167078	116.899	0.787555	0
13.8802	0.0166819	117.015	0.778021	0
13.9009	0.0167817	117.466	0.779724	0
13.8833	0.016714	116.449	0.798451	0
13.8771	0.0166158	117.149	0.79096	0
13.8938	0.0162608	116.382	0.789257	0
13.8693	0.0162008	118.083	0.780745	0
13.8647	0.0163261	118.166	0.783469	0
13.9054	0.0164799	117.532	0.792322	0
13.8838	0.0163681	118.766	0.810027	0
13.8702	0.0166664	117.399	0.77734	0
13.9079	0.0166467	117.232	0.787214	0
13.9011	0.0162312	117.799	0.794705	0
13.8652	0.0162001	117.716	0.768487	0
13.8838	0.0164524	116.899	0.801174	0
13.8852	0.0160402	116.582	0.78415	0
13.8707	0.016415	117.866	0.78449	0
13.8929	0.0165031	118.349	0.797089	0
13.8831	0.016712	117.716	0.793003	0
13.8548	0.0164698	116.832	0.78415	0
13.8792	0.0170971	117.099	0.785512	0
13.8882	0.016745	118.016	0.791641	0
13.8726	0.0168004	116.999	0.801174	0
13.9011	0.0167283	116.649	0.78415	0
13.8892	0.0166392	116.832	0.794365	0
13.872	0.0167387	116.599	0.788576	0
13.8853	0.0167681	116.565	0.790619	0
13.8601	0.0165735	117.065	0.799131	0
13.8455	0.0162698	116.982	0.773254	0
13.882	0.0166119	117.982	0.786193	0
13.9022	0.0164741	117.516	0.775978	0
13.8762	0.0161524	118.883	0.773254	0
13.8809	0.0167875	116.432	0.817177	0
13.8811	0.0167215	117.649	0.769509	0
13.855	0.0163116	116.415	0.805601	0
13.8782	0.0165604	116.599	0.800153	0
13.9083	0.016691	116.815	0.781426	0
13.8867	0.0168544	117.032	0.793003	0
13.8724	0.0161182	117.666	0.806282	0
13.8814	0.0163257	118.599	0.78415	0
13.8697	0.0165055	116.348	0.81173	0
13.8649	0.0166918	118.616	0.787895	0
13.8717	0.0163019	116.915	0.777681	0
13.8706	0.0163952	116.515	0.790619	0
13.8768	0.0164869	116.632	0.799812	0
13.8676	0.0162047	115.965	0.788576	0
13.8443	0.0167407	117.449	0.790619	0
13.8545	0.0168276	117.966	0.787895	0
13.8731	0.0167891	116.932	0.809006	0
13.8903	0.0166802	118.149	0.781085	0
13.9083	0.0164463	117.516	0.769168	0
13.8879	0.0164527	116.599	0.797089	0
13.8483	0.0166902	116.298	0.785512	0
13.8607	0.0163572	117.316	0.785852	0
13.9073	0.0168654	116.398	0.801855	0
13.9124	0.0169272	116.949	0.786874	0
13.9025	0.0169123	118.916	0.796408	0
13.8984	0.017051	116.215	0.789257	0
13.8892	0.0169367	116.382	0.781085	0
13.8821	0.0165515	118.183	0.800493	0
13.8936	0.0166621	119.016	0.791981	0
13.9031	0.0164936	116.265	0.803558	0
13.8937	0.0165827	116.815	0.791641	0
13.8786	0.0167661	117.366	0.792322	0
13.8718	0.0166377	117.916	0.792322	0
13.8898	0.016865	116.999	0.812411	0
13.9136	0.0162313	117.299	0.771892	0
13.9119	0.0167452	116.799	0.794705	0
13.9007	0.0166539	116.582	0.783809	0
13.8942	0.0161451	117.816	0.808665	0
13.8982	0.0166545	117.199	0.812751	0
13.8706	0.0168163	116.065	0.78449	0
13.8636	0.0169395	117.749	0.787555	0
13.8831	0.0165163	116.565	0.793684	0
13.8683	0.0163241	117.916	0.781085	0
13.8816	0.0163612	115.832	0.783128	0
13.9047	0.0161605	117.366	0.793684	0
13.8848	0.0166744	118.049	0.796067	0
13.8643	0.0166203	116.732	0.795046	0
13.8777	0.0164894	117.832	0.783128	0
13.8664	0.0162388	116.815	0.778362	0
13.8584	0.016604	116.115	0.794705	0
13.8809	0.0167375	117.249	0.786193	0
13.9055	0.0167109	117.082	0.796408	0
13.9242	0.0164345	117.099	0.799131	0
13.9065	0.0165951	116.749	0.789257	0
13.8702	0.0163513	117.899	0.80526	0
13.8831	0.0161562	116.865	0.775297	0
13.8978	0.0168208	117.466	0.803558	0
13.8861	0.0168298	117.332	0.80526	0
13.8934	0.0165177	116.815	0.779043	0
13.8927	0.0168535	116.699	0.794365	0
13.8866	0.0163187	116.732	0.794705	0
13.8953	0.0167421	116.999	0.808325	0
13.8967	0.0165607	117.616	0.779383	0
13.8815	0.0166973	117.082	0.783809	0
13.8716	0.016247	116.482	0.772914	0
13.8798	0.0167464	118.583	0.778702	0
13.8881	0.0164047	117.466	0.803898	0
13.8889	0.0164139	116.715	0.776659	0
13.8838	0.0162629	116.865	0.793684	0
13.8826	0.0167836	116.398	0.781766	0
13.885	0.0168867	117.666	0.795386	0
13.8774	0.0164095	117.015	0.800493	0
13.8949	0.0165979	117.599	0.793684	0
13.8975	0.0168168	116.298	0.806963	0
13.8648	0.0167083	116.765	0.801515	0
13.8531	0.017006	115.698	0.815475	0
13.8828	0.0165797	118.483	0.807644	0
13.9054	0.0165971	115.581	0.783469	0
13.882	0.0165462	116.832	0.790279	0
13.8604	0.0165936	117.382	0.833521	0
13.869	0.0165308	115.615	0.788236	0
13.8796	0.0164028	116.965	0.797089	0
13.8828	0.0163718	116.765	0.785852	0
13.877	0.0169989	116.332	0.800834	0
13.8715	0.0168613	117.015	0.803558	0
13.8681	0.0168394	116.715	0.775638	0
13.8839	0.0164463	115.948	0.788576	0
13.8853	0.0163785	117.499	0.807303	0
13.8767	0.0165369	116.849	0.791641	0
13.8749	0.0168937	115.998	0.787555	0
13.8484	0.0166948	117.649	0.792662	0
13.8528	0.0164754	117.566	0.796067	0
13.8793	0.0164339	115.348	0.771892	0
13.876	0.0166481	115.798	0.795727	0
13.8844	0.0164215	116.815	0.780064	0
13.908	0.0162577	117.349	0.789257	0
13.9063	0.0164299	118.249	0.790619	0
13.8921	0.0165245	118.233	0.796408	0
13.8815	0.0166401	116.699	0.804239	0
13.8769	0.0168848	118.733	0.813092	0
13.8714	0.0165317	115.481	0.783809	0
13.8628	0.0163894	116.865	0.796067	0
13.884	0.0160322	117.749	0.798791	0
13.8913	0.0162016	116.515	0.797429	0
13.8813	0.0163266	117.282	0.79096	0
13.8839	0.0166841	115.765	0.807644	0
13.8649	0.0164163	116.148	0.792322	0
13.8664	0.0163532	117.132	0.804579	0
13.9086	0.0163361	117.099	0.807644	0
13.9039	0.0163174	116.782	0.80526	0
13.8871	0.0169628	117.232	0.796408	0
13.8871	0.0167575	116.582	0.787214	0
13.8882	0.0165415	117.366	0.784831	0
13.8885	0.0163111	117.432	0.786193	0
13.878	0.0166516	117.516	0.79811	0
13.8669	0.0165067	116.315	0.797429	0
13.8721	0.0167114	116.382	0.785852	0
13.8841	0.0170689	116.232	0.798791	0
13.8668	0.0167553	117.549	0.807644	0
13.8631	0.0163139	116.282	0.790279	0
13.886	0.0165372	117.466	0.789257	0
13.8723	0.0166653	117.332	0.794705	0
13.876	0.0166369	115.515	0.790279	0
13.8913	0.0169929	117.366	0.776319	0
13.8774	0.0165493	116.098	0.780064	0
13.8682	0.016786	117.382	0.787895	0
13.8711	0.0166346	117.282	0.775978	0
13.8723	0.0166071	118.649	0.813773	0
13.8894	0.0164905	116.015	0.795046	0
13.9058	0.0166916	116.915	0.794705	0
13.8834	0.0170652	117.732	0.788576	0
13.8691	0.0161161	117.082	0.809687	0
13.8888	0.0167557	118.033	0.796067	0
13.8914	0.0163635	117.699	0.800834	0
13.8788	0.0167466	117.099	0.796748	0
13.8795	0.016608	115.481	0.775978	0
13.8761	0.0164778	117.032	0.802536	0
13.8694	0.0168063	115.915	0.783128	0
13.8855	0.0169369	116.632	0.795046	0
13.903	0.0163552	117.849	0.785171	0
13.9058	0.0165672	116.065	0.793003	0
13.8985	0.0164293	116.682	0.794705	0
13.8813	0.0168498	117.149	0.803898	0
13.8704	0.016497	117.882	0.816156	0
13.8856	0.0167088	116.749	0.782447	0
13.8962	0.0169049	116.915	0.801855	0
13.8677	0.0166165	117.382	0.802877	0
13.854	0.0167229	115.898	0.789257	0
13.8722	0.0166653	115.682	0.81173	0
13.8709	0.0163674	117.015	0.798791	0
13.8782	0.0163842	116.665	0.794024	0
13.8839	0.016705	115.181	0.800153	0
13.8599	0.0164225	117.382	0.782107	0
13.8928	0.0163851	117.816	0.793003	0
13.9066	0.016818	115.832	0.799472	0
13.8562	0.0166309	117.499	0.777	0
13.8544	0.0164889	117.732	0.775297	0
13.8713	0.0168722	118.716	0.788576	0
13.8724	0.0167567	117.566	0.780745	0
13.8869	0.0164187	117.916	0.795046	0
13.8964	0.0169459	117.266	0.792662	0
13.8961	0.0167833	115.882	0.793003	0
13.8832	0.0162148	116.799	0.785512	0
13.8799	0.0164357	117.082	0.780745	0
13.888	0.0163034	116.398	0.780745	0
13.8749	0.0164747	117.249	0.785171	0
13.8539	0.0165253	116.699	0.813092	0
13.8632	0.0167268	116.932	0.795386	0
13.8947	0.0161916	117.282	0.770871	0
13.9102	0.0169415	115.915	0.784831	0
13.8678	0.0166055	117.349	0.79811	0
13.8682	0.0167144	118.183	0.783809	0
13.8955	0.0166454	114.865	0.79096	0
13.8725	0.0163052	118.299	0.789598	0
13.863	0.0168066	117.666	0.810368	0
13.8782	0.0166309	117.099	0.806622	0
13.8653	0.0168831	117.199	0.781426	0
13.8653	0.0164059	117.015	0.789257	0
13.8872	0.0165882	116.165	0.789257	0
13.8738	0.0163526	116.765	0.786533	0
13.8653	0.0165814	117.582	0.792662	0
13.887	0.0163807	117.316	0.790619	0
13.9094	0.0165212	116.499	0.805941	0
13.8849	0.0163841	117.199	0.798451	0
13.8612	0.0164908	116.465	0.792662	0
13.8873	0.0168376	117.149	0.794365	0
13.8879	0.0168153	117.432	0.788236	0
13.8937	0.0166839	118.449	0.786533	0
13.9018	0.0165238	117.982	0.810027	0
13.8812	0.0161951	118.283	0.788576	0
13.8711	0.0163904	115.415	0.779724	0
13.8705	0.0162045	116.815	0.806622	0
13.8648	0.0163446	117.182	0.794365	0
13.8717	0.0164095	115.782	0.781085	0
13.8896	0.016309	118.166	0.805941	0
13.8881	0.0166438	116.515	0.783809	0
13.8706	0.0166392	119.133	0.793684	0
13.8768	0.016832	116.815	0.803217	0
13.8639	0.0167194	116.248	0.7913	0
13.8824	0.0165285	117.282	0.779724	0
13.9132	0.0170879	116.098	0.805601	0
13.8957	0.0167933	116.432	0.794365	0
13.8779	0.0162978	118.183	0.800153	0
13.8784	0.0168726	117.182	0.791981	0
13.8743	0.0164166	117.649	0.780064	0
13.892	0.0164214	117.466	0.811389	0
13.9137	0.0167698	116.232	0.793684	0
13.9087	0.0162125	116.582	0.79096	0
13.9053	0.0165306	116.449	0.794365	0
13.8779	0.0166213	116.982	0.778021	0
13.8774	0.0166482	116.365	0.785171	0
13.8909	0.0168974	116.899	0.787214	0
13.8698	0.0167202	116.382	0.782107	0
13.8773	0.016491	117.015	0.782447	0
13.8866	0.0164316	116.715	0.777	0
13.8823	0.0169262	118.349	0.796408	0
13.8837	0.0166841	116.348	0.783809	0
13.8765	0.0168022	117.015	0.789257	0
13.8742	0.0166857	116.999	0.790279	0
13.8715	0.0165356	116.799	0.791641	0
13.8598	0.0166297	116.899	0.796408	0
13.8599	0.0165176	117.349	0.787895	0
13.8825	0.0162861	115.882	0.779043	0
13.8738	0.0162777	116.432	0.785852	0
13.8749	0.0165815	116.549	0.789257	0
13.915	0.0168962	117.282	0.786874	0
13.9153	0.0161512	118.649	0.792322	0
13.8807	0.0168048	117.732	0.780745	0
13.8841	0.0167123	116.782	0.772233	0
13.885	0.0168566	117.082	0.794024	0
13.8744	0.0167121	117.749	0.794365	0
13.8633	0.0170276	116.882	0.803558	0
13.8598	0.0164863	115.531	0.794705	0
13.865	0.0164303	117.232	0.797429	0
13.8779	0.0166631	117.549	0.786874	0
13.8751	0.0166438	116.148	0.789598	0
13.8598	0.0164126	116.732	0.81173	0
13.877	0.0163715	116.649	0.774616	0
13.8774	0.0166114	116.532	0.780064	0
13.8783	0.0168887	117.299	0.787214	0
13.883	0.0167079	117.832	0.790619	0
13.8642	0.0166683	116.782	0.79777	0
13.8688	0.0167071	116.565	0.793343	0
13.8879	0.0169326	118.333	0.766104	0
13.8875	0.016227	117.549	0.782447	0
13.8685	0.017001	116.382	0.785171	0
13.8673	0.016887	117.666	0.788236	0
13.8903	0.016818	116.048	0.806963	0
13.8702	0.0167994	117.416	0.792322	0
13.8554	0.0172897	116.215	0.789257	0
13.8958	0.0164913	117.165	0.791641	0
13.8902	0.0162929	116.865	0.799472	0
13.8581	0.0166815	115.915	0.797429	0
13.8853	0.0166386	117.716	0.811049	0
13.9014	0.0168431	117.449	0.793003	0
13.8707	0.0162197	117.882	0.789598	0
13.8673	0.0164737	116.032	0.786874	0
13.8823	0.0165731	117.082	0.800493	0
13.8838	0.0170395	115.065	0.804239	0
13.8988	0.0167292	116.765	0.786533	0
13.9062	0.0165071	118.049	0.816837	0
13.8748	0.0167284	116.582	0.793343	0
13.8646	0.016698	118.766	0.781766	0
13.8985	0.0169291	115.465	0.781085	0
13.8886	0.0165498	117.549	0.802536	0
13.8713	0.0167534	117.232	0.783809	0
13.8932	0.016664	116.115	0.813432	0
13.8847	0.0165532	115.932	0.795386	0
13.8767	0.0166482	117.916	0.802877	0
13.8912	0.0165181	117.849	0.795386	0
13.8709	0.0165378	117.466	0.785171	0
13.8578	0.0166248	116.098	0.797089	0
13.8773	0.0162985	116.398	0.794705	0
13.8674	0.0162264	116.699	0.785852	0
13.8687	0.0160571	116.599	0.791981	0
13.8699	0.0165571	116.082	0.774957	0
13.8784	0.0164375	117.399	0.792662	0
13.8943	0.016385	117.666	0.789598	0
13.8636	0.0168949	116.749	0.807984	0
13.8625	0.0164449	116.582	0.814454	0
13.8761	0.0164952	116.065	0.77734	0
13.8661	0.016912	116.882	0.783469	0
13.8853	0.0168804	116.965	0.79811	0
13.8921	0.0165089	116.715	0.820923	0
13.8644	0.0161088	116.549	0.804579	0
13.8719	0.0164613	116.248	0.806963	0
13.9002	0.0168304	116.765	0.801515	0
13.8925	0.0165071	117.466	0.793343	0
13.8578	0.0166229	116.332	0.793003	0
13.8585	0.0165091	116.449	0.813432	0
13.8888	0.0166594	116.815	0.779043	0
13.8974	0.0165102	116.815	0.797429	0
13.9038	0.0167503	117.015	0.797429	0
13.8938	0.0168473	117.582	0.772573	0
13.8854	0.0170057	117.216	0.79811	0
13.8771	0.0161544	117.316	0.801174	0
13.8651	0.0163801	117.666	0.798791	0
13.8876	0.0163547	117.499	0.800493	0
13.8892	0.0168476	116.565	0.781085	0
13.8759	0.0166917	117.782	0.799472	0
13.8896	0.0163259	117.782	0.799472	0
13.8877	0.016803	117.249	0.796408	0
13.8585	0.0162944	117.115	0.81888	0
13.8649	0.0162927	116.749	0.803217	0
13.8974	0.0159063	117.332	0.772573	0
13.8898	0.0168093	117.015	0.798451	0
13.8747	0.0167183	115.815	0.788917	0
13.8682	0.0163498	117.582	0.80526	0
13.8632	0.0164754	116.148	0.779383	0
13.8738	0.0162894	117.099	0.788236	0
13.8961	0.0162973	118.799	0.789938	0
13.8984	0.0165265	116.749	0.802877	0
13.9049	0.0168527	117.716	0.790279	0
13.9177	0.0162011	118.283	0.784831	0
13.913	0.0168769	115.782	0.788236	0
13.8949	0.0164604	117.065	0.782788	0
13.8763	0.016205	117.699	0.796748	0
13.8758	0.0163599	115.832	0.79811	0
13.8881	0.016292	116.815	0.766104	0
13.8858	0.0167695	116.282	0.779724	0
13.8536	0.0169106	116.015	0.79096	0
13.8579	0.0164907	118.283	0.778702	0
13.8968	0.016418	116.915	0.787895	0
13.8808	0.0161415	117.516	0.792662	0
13.8701	0.0164396	116.332	0.774276	0
13.8949	0.0166093	116.282	0.814454	0
13.8811	0.0169009	116.799	0.807303	0
13.8594	0.0165008	117.132	0.802877	0
13.8966	0.0166077	117.232	0.801174	0
13.9012	0.0167358	116.849	0.781085	0
13.8435	0.0167952	116.582	0.799472	0
13.8647	0.0164393	117.566	0.800834	0
13.9177	0.016449	116.332	0.785512	0
13.8936	0.0162087	116.799	0.7913	0
13.8664	0.0165283	116.982	0.793684	0
13.882	0.0161123	117.866	0.822966	0
13.859	0.016481	116.882	0.802536	0
13.8366	0.0160788	116.532	0.773935	0
13.8574	0.0162426	116.482	0.804239	0
13.8386	0.0165468	117.065	0.777681	0
13.822	0.0161051	116.749	0.791981	0
13.8604	0.0165993	116.699	0.79811	0
13.9152	0.0165269	118.199	0.801855	0
13.9195	0.0163718	116.899	0.79811	0
13.8878	0.0166044	117.599	0.793343	0
13.884	0.0167061	116.532	0.774616	0
13.8978	0.0169093	115.965	0.782107	0
13.8879	0.016629	116.982	0.793684	0
13.8782	0.0167994	117.482	0.800153	0
13.8735	0.0168851	117.849	0.789257	0
13.864	0.0166923	117.366	0.790619	0
13.8862	0.016407	116.815	0.799131	0
13.9138	0.016583	117.032	0.792662	0
13.8816	0.0163283	116.915	0.782788	0
13.835	0.0166897	116.949	0.795727	0
13.8588	0.0162781	118.116	0.794365	0
13.884	0.0165616	117.832	0.803217	0
13.8532	0.0170162	117.115	0.787214	0
13.8534	0.0166197	117.866	0.799472	0
13.8871	0.0165491	117.632	0.782447	0
13.8672	0.0169248	115.915	0.792662	0
13.8521	0.0165173	116.198	0.787895	0
13.8662	0.0168528	116.849	0.794024	0
13.8564	0.0168116	117.716	0.771552	0
13.8844	0.0163776	116.915	0.794365	0
13.8984	0.0160949	117.566	0.780064	0
13.8776	0.0165232	118.566	0.783809	0
13.9049	0.0166942	116.899	0.794705	0
13.9271	0.0168602	118.233	0.802196	0
13.8872	0.0162281	116.515	0.802196	0
13.867	0.016583	117.216	0.798791	0
13.8808	0.0163225	117.416	0.789598	0
13.8635	0.0167207	117.599	0.77053	0
13.8559	0.0163761	116.882	0.810027	0
13.8777	0.0165995	117.549	0.806963	0
13.8781	0.0164286	116.282	0.782788	0
13.8821	0.0165149	117.632	0.795386	0
13.88	0.0167824	116.449	0.797429	0
13.8457	0.0167835	118.433	0.80526	0
13.84	0.0166314	117.049	0.777	0
13.8713	0.0166714	116.699	0.820923	0
13.8788	0.0167843	116.915	0.78449	0
13.842	0.0164627	116.048	0.800493	0
13.8478	0.0167037	117.582	0.759635	0
13.8945	0.0165252	117.982	0.794365	0
13.8889	0.0162096	117.649	0.763039	0
13.8606	0.0161657	116.999	0.811049	0
13.8794	0.0165154	116.415	0.782788	0
13.8819	0.0167498	116.398	0.796067	0
13.8445	0.016305	117.266	0.807303	0
13.8598	0.0165548	115.815	0.799131	0
13.8854	0.0161388	118.283	0.790279	0
13.8809	0.0165778	116.198	0.793684	0
13.8748	0.0161375	116.248	0.798791	0
13.8707	0.0166854	117.532	0.782107	0
13.8907	0.0165608	117.949	0.798791	0
13.9029	0.016526	117.799	0.805601	0
13.8637	0.0164835	116.982	0.787895	0
13.8622	0.0165723	116.732	0.795727	0
13.9013	0.0165048	117.582	0.803898	0
13.8837	0.0164886	116.365	0.810027	0
13.8588	0.0165762	117.949	0.804579	0
13.868	0.0164501	116.382	0.803558	0
13.859	0.0163305	117.749	0.802196	0
13.8651	0.0164013	117.966	0.784831	0
13.8754	0.0165939	116.015	0.793684	0
13.8595	0.0164915	117.299	0.793003	0
13.8523	0.0168029	117.266	0.810708	0
13.8957	0.0162283	116.165	0.796067	0
13.917	0.0165775	117.049	0.792322	0
13.8805	0.0161934	117.132	0.793003	0
13.8728	0.0166045	117.049	0.779724	0
13.8874	0.0165679	117.382	0.790619	0
13.8886	0.0171607	115.531	0.787555	0
13.8737	0.0165641	115.782	0.799131	0
13.8685	0.0167507	117.249	0.813773	0
13.8894	0.0165726	116.682	0.798451	0
13.8861	0.0165144	117.366	0.802536	0
13.8714	0.016746	116.449	0.793003	0
13.8864	0.0168798	115.365	0.787555	0
13.892	0.0167667	116.982	0.782788	0
13.879	0.0165154	117.782	0.780405	0
13.8759	0.0166625	117.049	0.795727	0
13.8819	0.0166737	116.965	0.790279	0
13.8795	0.0166355	117.082	0.814113	0
13.8878	0.0169548	119.316	0.814454	0
13.8735	0.0165089	116.649	0.796408	0
13.8677	0.0168686	117.015	0.796408	0
13.8788	0.0163873	117.716	0.781766	0
13.8624	0.0168328	116.248	0.815816	0
13.8751	0.0163848	116.882	0.795046	0
13.8949	0.0167218	117.516	0.788576	0
13.8945	0.0164695	117.032	0.794365	0
13.8913	0.0162588	117.582	0.79096	0
13.8899	0.0164521	116.398	0.791641	0
13.8922	0.0166432	117.899	0.808665	0
13.8857	0.0161721	116.949	0.789598	0
13.859	0.0162846	116.899	0.79096	0
13.8713	0.0161642	116.532	0.791641	0
13.9086	0.0168341	117.382	0.811389	0
13.8953	0.0167457	116.832	0.785171	0
13.8726	0.0166205	117.582	0.801515	0
13.874	0.0163991	116.432	0.789257	0
13.8827	0.0164467	116.982	0.808325	0
13.8723	0.016709	116.482	0.780745	0
13.8665	0.0166806	116.999	0.780745	0
13.8906	0.0165931	117.716	0.791981	0
13.8908	0.0167681	116.899	0.793343	0
13.865	0.016401	115.848	0.782788	0
13.8716	0.0166921	117.216	0.819561	0
13.8882	0.0166857	117.499	0.786193	0
13.8698	0.016083	116.165	0.796748	0
13.8687	0.0166643	117.366	0.803898	0
13.8873	0.0163681	116.348	0.785512	0
13.8847	0.0165454	117.716	0.800153	0
13.8799	0.0162703	117.199	0.792322	0
13.8908	0.015907	117.216	0.794024	0
13.8786	0.0166714	116.398	0.779383	0
13.8551	0.0167564	116.348	0.777681	0
13.8583	0.0168733	115.531	0.778702	0
13.8693	0.016399	117.632	0.809687	0
13.8999	0.0167188	116.965	0.796408	0
13.9061	0.0171488	116.382	0.788576	0
13.8968	0.0167855	116.749	0.788236	0
13.8956	0.0169346	116.482	0.762359	0
13.8844	0.0165592	117.015	0.781426	0
13.8662	0.0163978	115.381	0.78415	0
13.8628	0.0169372	116.715	0.816837	0
13.8645	0.0165337	116.632	0.780745	0
13.8568	0.0168024	116.298	0.786193	0
13.8587	0.0164953	117.766	0.821263	0
13.88	0.0166952	118.016	0.782447	0
13.8854	0.0166103	117.616	0.812411	0
13.8846	0.0166443	117.766	0.799472	0
13.8905	0.0166384	117.382	0.783809	0
13.8899	0.0164461	118.033	0.781426	0
13.8933	0.0164412	116.348	0.777	0
13.8595	0.0164552	116.315	0.779383	0
13.8366	0.0167626	117.266	0.796408	0
13.8797	0.0166174	116.915	0.785171	0
13.8762	0.0165984	116.215	0.774276	0
13.8524	0.0161823	116.782	0.782447	0
13.8952	0.0163597	118.333	0.793003	0
13.8994	0.0163926	115.815	0.784831	0
13.8501	0.0164166	117.115	0.809346	0
13.8552	0.0163271	115.498	0.783128	0
13.8784	0.0164196	117.299	0.804239	0
13.8772	0.0160204	116.782	0.78449	0
13.8724	0.0167039	116.732	0.796067	0
13.8745	0.0165641	116.532	0.794024	0
13.8857	0.0166736	118.033	0.80526	0
13.8733	0.0165017	117.582	0.782788	0
13.8689	0.0166157	117.216	0.821604	0
13.8883	0.0162009	116.032	0.794705	0
13.8783	0.0167122	117.332	0.7913	0
13.8654	0.0167125	118.016	0.769849	0
13.8761	0.0164168	116.348	0.786533	0
13.8698	0.01684	117.316	0.762359	0
13.8575	0.0167844	116.232	0.781766	0
13.8828	0.0167731	117.099	0.780064	0
13.9126	0.016634	117.366	0.796067	0
13.8817	0.0164248	116.965	0.812411	0
13.8497	0.016425	118.033	0.804239	0
13.8936	0.0167142	117.132	0.798791	0
13.9171	0.0162336	116.982	0.788236	0
13.8941	0.0165654	117.532	0.792662	0
13.8851	0.0166419	118.366	0.79096	0
13.8632	0.0165436	116.682	0.810708	0
13.8614	0.0167961	116.115	0.784831	0
13.8811	0.016377	119.166	0.812411	0
13.8714	0.016039	117.532	0.81207	0
13.8701	0.0168038	117.716	0.792662	0
13.8886	0.0166279	117.182	0.812411	0
13.8978	0.0163669	118.099	0.772573	0
13.8928	0.0164908	117.416	0.793684	0
13.8952	0.0169103	116.882	0.769168	0
13.88	0.0170417	117.049	0.770871	0
13.8515	0.016368	116.882	0.799472	0
13.8559	0.0161831	117.449	0.7913	0
13.8499	0.016837	117.549	0.781085	0
13.8574	0.0164945	116.799	0.785171	0
13.8949	0.0166919	116.982	0.789598	0
13.8966	0.0165546	115.982	0.807644	0
13.8999	0.0167388	116.815	0.803217	0
13.8982	0.016216	115.698	0.780405	0
13.8697	0.0165733	117.149	0.785171	0
13.8591	0.016402	116.132	0.805601	0
13.8741	0.0167208	116.849	0.814454	0
13.8759	0.0168472	116.915	0.787555	0
13.8472	0.016719	116.499	0.781085	0
13.8735	0.016995	117.632	0.798791	0
13.8919	0.0166417	115.848	0.802536	0
13.854	0.0162345	118.433	0.79811	0
13.8645	0.0161269	116.365	0.793343	0
13.8847	0.0169383	117.332	0.802196	0
13.8672	0.0166053	115.281	0.789598	0
13.8525	0.0164232	116.949	0.802196	0
13.8794	0.016707	119.116	0.801515	0
13.8986	0.0170406	116.949	0.809006	0
13.887	0.0165864	116.582	0.788917	0
13.8721	0.0164856	117.115	0.787555	0
13.8437	0.0163209	116.449	0.781085	0
13.8461	0.0164639	117.899	0.806963	0
13.8608	0.016522	115.648	0.787555	0
13.8581	0.016481	116.799	0.796748	0
13.8593	0.0163972	115.598	0.785852	0
13.8654	0.0164641	116.032	0.777681	0
13.8612	0.0160558	116.799	0.780405	0
13.8569	0.0164589	115.848	0.802536	0
13.8773	0.0162822	116.949	0.800493	0
13.8749	0.0165901	118.366	0.789257	0
13.8683	0.0164595	116.832	0.814113	0
13.8843	0.0168783	116.449	0.779043	0
13.8708	0.0162764	116.348	0.813092	0
13.8721	0.0165041	117.716	0.791641	0
13.8791	0.0162706	116.599	0.78415	0
13.8482	0.0164026	116.532	0.796408	0
13.8562	0.0163072	117.216	0.800834	0
13.8872	0.0168588	117.332	0.79096	0
13.8719	0.0162661	116.148	0.781766	0
13.8544	0.0164831	117.416	0.793343	0
13.8628	0.016363	117.482	0.801855	0
13.8841	0.0166724	116.865	0.809006	0
13.8856	0.016901	116.499	0.792322	0
13.8752	0.0164934	116.765	0.772233	0
13.8732	0.0162015	117.782	0.779383	0
13.879	0.0162922	117.449	0.803558	0
13.8741	0.0169292	116.532	0.80526	0
13.8629	0.0168509	117.616	0.797089	0
13.8604	0.0164534	117.649	0.790279	0
13.8671	0.0166171	117.099	0.783469	0
13.867	0.016531	117.749	0.813092	0
13.8793	0.0165514	116.915	0.778021	0
13.8722	0.0163544	116.432	0.776659	0
13.8452	0.0166034	116.582	0.792322	0
13.8516	0.0170501	116.132	0.821944	0
13.8713	0.0162573	117.332	0.78449	0
13.8697	0.016139	117.316	0.792662	0
13.8594	0.0165552	116.065	0.796067	0
13.872	0.0162003	117.649	0.800493	0
13.8891	0.0162328	117.082	0.799472	0
13.8913	0.0170504	116.965	0.788236	0
13.8834	0.0168972	117.599	0.813092	0
13.8762	0.0165288	116.415	0.779043	0
13.861	0.0165637	117.499	0.810027	0
13.8566	0.0167309	116.649	0.797089	0
13.8665	0.0166639	116.949	0.791641	0
13.8885	0.0168681	117.766	0.779724	0
13.8902	0.0164639	118.733	0.814454	0
13.8937	0.0163426	117.216	0.774276	0
13.8932	0.0164142	117.499	0.794024	0
13.8452	0.0167117	117.666	0.785852	0
13.8403	0.0164304	116.949	0.802196	0
13.8686	0.0168129	117.132	0.796067	0
13.878	0.0166709	117.182	0.78415	0
13.8807	0.0168793	115.348	0.781766	0
13.8696	0.0163591	117.799	0.795386	0
13.8608	0.0163707	116.649	0.787895	0
13.8555	0.0166551	116.815	0.806963	0
13.8587	0.0167892	117.115	0.799131	0
13.8719	0.0166618	115.948	0.767806	0
13.8732	0.0163206	117.866	0.785512	0
13.899	0.0164954	117.732	0.792662	0
13.8881	0.0162038	116.232	0.803898	0
13.8617	0.0168446	117.266	0.806963	0
13.8763	0.0167027	116.749	0.791981	0
13.8728	0.0166994	117.882	0.809346	0
13.8672	0.0164112	116.799	0.788917	0
13.8775	0.0165139	116.782	0.800493	0
13.8807	0.016608	117.599	0.819901	0
13.8802	0.0163607	117.416	0.769849	0
13.8812	0.0167738	118.816	0.786533	0
13.8844	0.0167209	116.549	0.789598	0
13.8694	0.0166097	116.082	0.789257	0
13.8742	0.0168451	117.449	0.811389	0
13.8777	0.0165143	117.316	0.776319	0
13.8919	0.0166643	117.599	0.81888	0
13.8962	0.0163395	117.299	0.782447	0
13.8744	0.0168175	116.515	0.778021	0
13.8752	0.0166242	116.098	0.811049	0
13.8745	0.0163878	116.782	0.794705	0
13.8797	0.0166369	116.082	0.788917	0
13.8896	0.0166469	116.715	0.808325	0
13.8837	0.0169007	116.499	0.786874	0
13.8708	0.0166053	117.382	0.813092	0
13.8811	0.016651	116.665	0.784831	0
13.8976	0.0167542	116.749	0.793343	0
13.9067	0.0168431	117.366	0.788576	0
13.8955	0.0166712	116.765	0.805601	0
13.8802	0.0167067	116.148	0.796067	0
13.8832	0.0161792	117.332	0.781085	0
13.8897	0.0164556	117.482	0.78415	0
13.8976	0.0167601	115.248	0.797429	0
13.8807	0.0167101	117.666	0.792322	0
13.8687	0.0167303	116.532	0.795727	0
13.8773	0.016652	117.716	0.800493	0
13.8624	0.0165634	116.082	0.788236	0
13.8454	0.0166605	116.332	0.789598	0
13.8656	0.0163346	116.732	0.789257	0
13.8744	0.0163759	118.366	0.792322	0
13.8712	0.0164421	116.365	0.807644	0
13.8658	0.0163828	118.066	0.778702	0
13.8804	0.0169541	118.149	0.802196	0
13.8906	0.0165688	117.616	0.798791	0
13.864	0.0162336	116.482	0.811049	0
13.8921	0.0166848	116.348	0.794365	0
13.9086	0.0169732	115.431	0.783128	0
13.8566	0.0165701	115.265	0.787895	0
13.8681	0.0166437	116.565	0.775638	0
13.8968	0.0165841	117.482	0.797429	0
13.8758	0.0165888	115.948	0.785852	0
13.875	0.0167873	117.766	0.813773	0
13.9005	0.0168387	117.082	0.792662	0
13.8976	0.0163133	119.833	0.796408	0
13.8859	0.016215	114.881	0.782107	0
13.8928	0.0167946	114.998	0.801174	0
13.8977	0.0163152	116.098	0.796067	0
13.8821	0.0164131	118.116	0.778702	0
13.8675	0.0163246	116.932	0.786533	0
13.8715	0.0166346	117.782	0.800834	0
13.8658	0.016738	114.598	0.785512	0
13.8717	0.0165649	117.432	0.807984	0
13.883	0.0161386	117.532	0.795727	0
13.874	0.0167463	117.316	0.793343	0
13.8808	0.0164154	116.632	0.805941	0
13.8713	0.0170028	115.748	0.777681	0
13.8645	0.0167538	117.382	0.794705	0
13.8861	0.0170021	116.982	0.800153	0
13.8783	0.0166846	118.216	0.799131	0
13.8845	0.0167489	117.065	0.77734	0
13.9066	0.0164854	117.065	0.788917	0
13.8773	0.0168776	117.699	0.80526	0
13.8503	0.0163944	116.749	0.783469	0
13.8583	0.0168219	117.282	0.800834	0
13.8647	0.0167813	116.398	0.801855	0
13.8523	0.0168576	118.066	0.767466	0
13.8618	0.0170484	116.282	0.802196	0
13.8751	0.0166453	114.848	0.813092	0
13.8684	0.0169179	116.432	0.781766	0
13.8626	0.0170532	117.182	0.801515	0
13.8682	0.0165399	116.048	0.772573	0
13.8838	0.0167926	116.799	0.805941	0
13.887	0.0167571	116.398	0.800153	0
13.8825	0.0168028	117.582	0.786533	0
13.8831	0.016609	116.415	0.792322	0
13.8896	0.0168377	117.316	0.796748	0
13.8822	0.0168098	117.132	0.786874	0
13.8786	0.0166471	117.849	0.807644	0
13.8963	0.01655	116.432	0.779383	0
13.9035	0.0164456	117.749	0.81173	0
13.8778	0.0164333	116.082	0.811049	0
13.8638	0.0165879	118.416	0.777681	0
13.8672	0.0168324	117.182	0.802877	0
13.8586	0.0168912	115.615	0.802536	0
13.8638	0.0161675	116.565	0.808325	0
13.8864	0.016161	117.716	0.806963	0
13.8813	0.0164716	115.782	0.789257	0
13.8669	0.0167167	117.482	0.793343	0
13.8596	0.016232	116.665	0.815816	0
13.848	0.0167526	117.299	0.793003	0
13.8945	0.016588	117.032	0.791641	0
13.9047	0.016951	116.465	0.795046	0
13.8712	0.0165749	117.932	0.803217	0
13.9049	0.0165968	117.966	0.802536	0
13.9011	0.0170211	116.815	0.803558	0
13.8441	0.0166467	117.182	0.797089	0
13.8565	0.0166905	116.932	0.796748	0
13.8834	0.0167255	117.449	0.792322	0
13.8833	0.0165638	116.565	0.787555	0
13.8812	0.0166553	116.332	0.793684	0
13.8759	0.0167385	117.732	0.793684	0
13.8677	0.0165318	115.998	0.809346	0
13.8443	0.0168268	117.049	0.777	0
13.8482	0.0164175	117.816	0.788576	0
13.8715	0.0165473	117.366	0.791981	0
13.859	0.0167222	116.082	0.802196	0
13.8734	0.0167048	117.799	0.794705	0
13.8815	0.0164404	116.815	0.803898	0
13.873	0.0163244	117.549	0.801515	0
13.8657	0.0159063	116.865	0.789938	0
13.8453	0.0166176	117.582	0.795727	0
13.8908	0.0165159	117.982	0.786533	0
13.9061	0.0162646	116.899	0.786193	0
13.8486	0.0164867	117.182	0.796408	0
13.8645	0.0161323	117.366	0.788576	0
13.8888	0.016388	116.765	0.794365	0
13.864	0.0164462	116.815	0.799472	0
13.8697	0.0163922	119.867	0.796748	0
13.8816	0.0170911	116.982	0.795727	0
13.842	0.0168235	115.431	0.788917	0
13.8424	0.0167062	116.949	0.80526	0
13.8745	0.016807	116.882	0.793003	0
13.862	0.0167366	118.116	0.785171	0
13.8789	0.0164226	117.299	0.775978	0
13.8768	0.0159399	116.699	0.803217	0
13.8517	0.0158541	116.532	0.779043	0
13.8695	0.0164654	116.649	0.817858	0
13.8798	0.0165446	116.449	0.783469	0
13.8744	0.0161301	117.416	0.802536	0
13.868	0.0161331	116.148	0.785852	0
13.8649	0.0164946	116.832	0.786193	0
13.877	0.017061	117.332	0.764742	0
13.8677	0.0161918	117.332	0.778021	0
13.8447	0.016734	116.549	0.786874	0
13.8629	0.0162391	117.849	0.789938	0
13.8987	0.0165806	117.999	0.787895	0
13.8863	0.0166059	117.182	0.795727	0
13.8651	0.0164656	116.198	0.784831	0
13.8771	0.0165754	117.249	0.787214	0
13.8824	0.0167792	116.282	0.801174	0
13.8746	0.0166874	116.849	0.814113	0
13.8813	0.0166601	117.015	0.79777	0
13.8769	0.0165708	117.199	0.772573	0
13.8637	0.0165295	115.531	0.780064	0
13.8649	0.0165092	118.099	0.780405	0
13.8626	0.0164897	116.782	0.796408	0
13.8577	0.016179	118.233	0.769849	0
13.8803	0.0161934	115.965	0.789598	0
13.8772	0.01628	116.715	0.789257	0
13.8473	0.0167042	118.016	0.794024	0
13.8552	0.0158583	117.582	0.792322	0
13.88	0.0162955	117.432	0.79777	0
13.88	0.016507	116.532	0.802536	0
13.857	0.0162912	116.882	0.782447	0
13.867	0.0165806	118.033	0.783128	0
13.873	0.0163047	117.216	0.79811	0
13.8596	0.0165621	117.332	0.779383	0
13.8703	0.0162146	117.216	0.800493	0
13.8953	0.0164682	116.015	0.813432	0
13.8907	0.0164084	116.782	0.791641	0
13.8902	0.0166765	116.915	0.776319	0
13.8935	0.0169315	117.199	0.800493	0
13.8675	0.0164582	118.449	0.802196	0
13.8588	0.0163158	116.115	0.788917	0
13.8775	0.0162185	117.332	0.774276	0
13.8904	0.0167172	117.065	0.803558	0
13.8715	0.0164791	117.115	0.806963	0
13.8538	0.0162842	116.515	0.778362	0
13.8694	0.0165389	117.599	0.799472	0
13.8889	0.0169409	116.982	0.788236	0
13.8925	0.0164133	116.665	0.801855	0
13.8972	0.016305	117.416	0.788917	0
13.8881	0.0162615	117.165	0.787895	0
13.8743	0.0166048	116.882	0.78449	0
0	0	0	0	0
0	0	0	0	0
0	0	0	0	0
0	0	0	0	0
0	0	0	0	0
0	0	0	0	0
0	0	0	0	0
0	0	0	0	0
0	0	0	0	0
0	0	0	0	0
0	0	0	0	0
0	0	0	0	0
0	0	0	0	0
0	0	0	0	0
0	0	0	0	0
0	0	0	0	0
0	0	0	0	0
0	0	0	0	0
0	0	0	0	0
0	0	0	0	0
0	0	0	0	0
0	0	0	0	0
0	0	0	0	0
0	0	0	0	0
0	0	0	0	0
0	0	0	0	0
0	0	0	0	0
0	0	0	0	0
0	0	0	0	0
0	0	0	0	0
0	0	0	0	0
0	0	0	0	0
0	0	0	0	0
0	0	0	0	0
0	0	0	0	0
0	0	0	0	0
0	0	0	0	0
0	0	0	0	0
0	0	0	0	0
0	0	0	0	0
0	0	0	0	0
0	0	0	0	0
0	0	0	0	0
0	0	0	0	0
0	0	0	0	0
0	0	0	0	0
0	0	0	0	0
0	0	0	0	0
0	0	0	0	0
0	0	0	0	0
0	0	0	0	0
0	0	0	0	0
0	0	0	0	0
0	0	0	0	0
0	0	0	0	0
0	0	0	0	0
0	0	0	0	0
0	0	0	0	0
0	0	0	0	0
0	0	0	0	0
0	0	0	0	0
0	0	0	0	0
0	0	0	0	0
0	0	0	0	0
0	0	0	0	0
0	0	0	0	0
0	0	0	0	0
0	0	0	0	0
0	0	0	0	0
0	0	0	0	0
0	0	0	0	0
0	0	0	0	0
0	0	0	0	0
0	0	0	0	0
0	0	0	0	0
0	0	0	0	0
0	0	0	0	0
0	0	0	0	0
0	0	0	0	0
0	0	0	0	0
0	0	0	0	0
0	0	0	0	0
0	0	0	0	0
0	0	0	0	0
0	0	0	0	0
0	0	0	0	0
0	0	0	0	0
0	0	0	0	0
0	0	0	0	0
0	0	0	0	0
0	0	0	0	0
0	0	0	0	0
0	0	0	0	0
0	0	0	0	0
0	0	0	0	0
0	0	0	0	0
0	0	0	0	0
0	0	0	0	0
0	0	0	0	0
0	0	0	0	0
0	0	0	0	0
0	0	0	0	0
0	0	0	0	0
0	0	0	0	0
0	0	0	0	0
0	0	0	0	0
0	0	0	0	0
0	0	0	0	0
0	0	0	0	0
0	0	0	0	0
0	0	0	0	0
0	0	0	0	0
0	0	0	0	0
0	0	0	0	0
0	0	0	0	0
0	0	0	0	0
0	0	0	0	0
0	0	0	0	0
0	0	0	0	0
0	0	0	0	0
0	0	0	0	0
0	0	0	0	0
0	0	0	0	0
0	0	0	0	0
0	0	0	0	0
0	0	0	0	0
0	0	0	0	0
0	0	0	0	0
0	0	0	0	0
0	0	0	0	0
0	0	0	0	0
0	0	0	0	0
0	0	0	0	0
0	0	0	0	0
0	0	0	0	0
0	0	0	0	0
0	0	0	0	0
0	0	0	0	0
0	0	0	0	0
0	0	0	0	0
0	0	0	0	0
0	0	0	0	0
0	0	0	0	0
0	0	0	0	0
0	0	0	0	0
0	0	0	0	0
0	0	0	0	0
0	0	0	0	0
0	0	0	0	0
0	0	0	0	0
0	0	0	0	0
0	0	0	0	0
0	0	0	0	0
0	0	0	0	0
0	0	0	0	0
0	0	0	0	0
0	0	0	0	0
0	0	0	0	0
0	0	0	0	0
0	0	0	0	0
0	0	0	0	0
0	0	0	0	0
0	0	0	0	0
0	0	0	0	0
0	0	0	0	0
0	0	0	0	0
0	0	0	0	0
0	0	0	0	0
0	0	0	0	0
0	0	0	0	0
0	0	0	0	0
0	0	0	0	0
0	0	0	0	0
0	0	0	0	0
0	0	0	0	0
0	0	0	0	0
0	0	0	0	0
0	0	0	0	0
0	0	0	0	0
0	0	0	0	0
0	0	0	0	0
0	0	0	0	0
0	0	0	0	0
0	0	0	0	0
0	0	0	0	0
0	0	0	0	0
0	0	0	0	0
0	0	0	0	0
0	0	0	0	0
0	0	0	0	0
0	0	0	0	0
0	0	0	0	0
0	0	0	0	0
0	0	0	0	0
0	0	0	0	0
0	0	0	0	0
0	0	0	0	0
0	0	0	0	0
0	0	0	0	0
0	0	0	0	0
0	0	0	0	0
0	0	0	0	0
0	0	0	0	0
0	0	0	0	0
0	0	0	0	0
0	0	0	0	0
0	0	0	0	0
0	0	0	0	0
0	0	0	0	0
0	0	0	0	0
0	0	0	0	0
0	0	0	0	0
0	0	0	0	0
0	0	0	0	0
0	0	0	0	0
0	0	0	0	0
0	0	0	0	0
0	0	0	0	0
0	0	0	0	0
0	0	0	0	0
0	0	0	0	0
0	0	0	0	0
0	0	0	0	0
0	0	0	0	0
0	0	0	0	0
0	0	0	0	0
0	0	0	0	0
0	0	0	0	0
0	0	0	0	0
0	0	0	0	0
0	0	0	0	0
0	0	0	0	0
0	0	0	0	0
0	0	0	0	0
0	0	0	0	0
0	0	0	0	0
0	0	0	0	0
0	0	0	0	0
0	0	0	0	0
0	0	0	0	0
0	0	0	0	0
0	0	0	0	0
0	0	0	0	0
0	0	0	0	0
0	0	0	0	0
0	0	0	0	0
0	0	0	0	0
0	0	0	0	0
0	0	0	0	0
0	0	0	0	0
0	0	0	0	0
0	0	0	0	0
0	0	0	0	0
0	0	0	0	0
0	0	0	0	0
0	0	0	0	0
0	0	0	0	0
0	0	0	0	0
0	0	0	0	0
0	0	0	0	0
0	0	0	0	0
0	0	0	0	0
0	0	0	0	0
0	0	0	0	0
0	0	0	0	0
0	0	0	0	0
0	0	0	0	0
0	0	0	0	0
0	0	0	0	0
0	0	0	0	0
0	0	0	0	0
0	0	0	0	0
0	0	0	0	0
0	0	0	0	0
0	0	0	0	0
0	0	0	0	0
0	0	0	0	0
0	0	0	0	0
0	0	0	0	0
0	0	0	0	0
0	0	0	0	0
0	0	0	0	0
0	0	0	0	0
0	0	0	0	0
0	0	0	0	0
0	0	0	0	0
0	0	0	0	0
0	0	0	0	0
0	0	0	0	0
0	0	0	0	0
0	0	0	0	0
0	0	0	0	0
0	0	0	0	0
0	0	0	0	0
0	0	0	0	0
0	0	0	0	0
0	0	0	0	0
0	0	0	0	0
0	0	0	0	0
0	0	0	0	0
0	0	0	0	0
0	0	0	0	0
0	0	0	0	0
0	0	0	0	0
0	0	0	0	0
0	0	0	0	0
0	0	0	0	0
0	0	0	0	0
0	0	0	0	0
0	0	0	0	0
0	0	0	0	0
0	0	0	0	0
0	0	0	0	0
0	0	0	0	0
0	0	0	0	0
0	0	0	0	0
0	0	0	0	0
0	0	0	0	0
0	0	0	0	0
0	0	0	0	0
0	0	0	0	0
0	0	0	0	0
0	0	0	0	0
0	0	0	0	0
0	0	0	0	0
0	0	0	0	0
0	0	0	0	0
0	0	0	0	0
0	0	0	0	0
0	0	0	0	0
0	0	0	0	0
0	0	0	0	0
0	0	0	0	0
0	0	0	0	0
0	0	0	0	0
0	0	0	0	0
0	0	0	0	0
0	0	0	0	0
0	0	0	0	0
0	0	0	0	0
0	0	0	0	0
0	0	0	0	0
0	0	0	0	0
0	0	0	0	0
0	0	0	0	0
0	0	0	0	0
0	0	0	0	0
0	0	0	0	0
0	0	0	0	0
0	0	0	0	0
0	0	0	0	0
0	0	0	0	0
0	0	0	0	0
0	0	0	0	0
0	0	0	0	0
0	0	0	0	0
0	0	0	0	0
0	0	0	0	0
0	0	0	0	0
0	0	0	0	0
0	0	0	0	0
0	0	0	0	0
0	0	0	0	0
0	0	0	0	0
0	0	0	0	0
0	0	0	0	0
0	0	0	0	0
0	0	0	0	0
0	0	0	0	0
0	0	0	0	0
0	0	0	0	0
0	0	0	0	0
0	0	0	0	0
0	0	0	0	0
0	0	0	0	0
0	0	0	0	0
0	0	0	0	0
0	0	0	0	0
0	0	0	0	0
0	0	0	0	0
0	0	0	0	0
0	0	0	0	0
0	0	0	0	0
0	0	0	0	0
0	0	0	0	0
0	0	0	0	0
0	0	0	0	0
0	0	0	0	0
0	0	0	0	0
0	0	0	0	0
0	0	0	0	0
0	0	0	0	0
0	0	0	0	0
0	0	0	0	0
0	0	0	0	0
0	0	0	0	0
0	0	0	0	0
0	0	0	0	0
0	0	0	0	0
0	0	0	0	0
