a2610513.050176
Narit-cm 05/01/2026 12:35:02 05/01/2026 13:05:01 0045 0013.384714 0052.542598 00.0 00.0
0002395 0010 0000000 0010 05 0000000 0010 0000000 0010
1 0 1 01600 1 0000 3.75 00000.o 0 0 01 000 16 002395 0.500 BT0
1 2 1 02000 1 0000 3.75 00000.o 0 0 01 000 16 002395 0.500 S2A0
1 1 1 01600 1 0000 3.75 00000.o 0 0 00 000 00 002395 3.1746 BC0
1 3 1 02000 1 0000 3.75 00000.o 0 0 00 000 00 002395 3.1746 S2P0
1 5 0 01600 0 0000 1.00 00000.o 0 0 00 000 00 000000 0.000 OF0
0.000 .o Analog 0 	0.000 .o Analog StErr 0 	0.000 .o Photon Counting 0 	0.000 .o PC StErr 0 	0.000 .o Overflow Info 0 
29.4897	0.101546	154.539	0.815471	0
48.4022	0.147322	160.184	0.866673	0
106.394	0.658665	92.0585	1.15238	0
287.786	1.43085	0.551148	0.101038	0
483.968	0.540529	24.6013	0.742082	1
499.988	0.00870444	140.476	1.30393	1
499.943	0.0214675	148.66	1.27902	1
499.865	0.0357352	39.8831	0.846192	1
499.979	0.0146726	18.5553	0.558098	1
500	0	37.3111	0.765976	1
499.989	0.0110825	76.5428	0.950302	1
500	0	126.413	1.09264	1
500	0	163.173	1.03291	1
500	0	146.221	1.06158	1
500	0	121.587	1.01311	1
500	0	111.683	0.983754	1
500	0	114.388	0.943816	1
500	0	117.344	0.972489	1
500	0	118.38	0.944499	1
499.332	0.0549465	123.574	0.974537	1
478.862	0.303448	138.288	0.983412	1
439.467	0.310889	159.282	0.975561	0
403.493	0.287162	176.534	0.95235	0
371.1	0.268668	189.478	0.956105	0
342.154	0.249448	193.42	0.946206	0
316.441	0.230973	198.48	0.931187	0
293.378	0.215081	197.846	0.895687	0
272.748	0.201632	197.862	0.907975	0
254.294	0.189014	195.374	0.892615	0
237.569	0.174334	196.543	0.925043	0
222.398	0.162784	193.186	0.897052	0
208.743	0.155959	190.196	0.908317	0
196.136	0.14986	190.029	0.898759	0
184.283	0.144817	188.092	0.902172	0
173.281	0.140737	185.203	0.895687	0
162.881	0.137713	183.148	0.892273	0
152.99	0.135927	184.033	0.898418	0
143.801	0.13185	179.975	0.865307	0
135.121	0.128638	178.505	0.862577	0
126.816	0.126796	177.887	0.867355	0
118.951	0.124581	175.716	0.874182	0
111.467	0.123151	175.232	0.872476	0
104.296	0.123627	172.576	0.870427	0
97.4053	0.124379	173.211	0.873841	0
90.8057	0.124199	171.858	0.883399	0
84.5104	0.123436	168.134	0.870427	0
78.4012	0.12338	167.916	0.859163	0
72.5495	0.123193	167.382	0.871451	0
67.0505	0.122246	165.378	0.867697	0
61.8678	0.120931	164.66	0.866673	0
56.9143	0.118715	161.77	0.861211	0
52.2456	0.114633	162.956	0.856091	0
48.0056	0.10933	158.797	0.863601	0
44.1279	0.103369	157.879	0.828101	0
40.5602	0.0967587	158.747	0.836976	0
37.4027	0.0898461	155.708	0.82025	0
34.6827	0.0830646	154.255	0.83049	0
32.262	0.0750748	152.701	0.838341	0
30.1079	0.0666067	150.063	0.818884	0
28.3039	0.0592812	150.413	0.818543	0
26.8181	0.0518828	147.691	0.813423	0
25.5837	0.0460102	147.491	0.808986	0
24.5926	0.0415124	147.19	0.818202	0
23.7597	0.0366502	142.33	0.802159	0
23.0123	0.0331804	144.284	0.822298	0
22.395	0.0309779	142.18	0.817178	0
21.932	0.0288942	142.029	0.821615	0
21.5625	0.0274983	139.557	0.799428	0
21.1847	0.0258031	141.278	0.78987	0
20.8545	0.0250862	138.288	0.78475	0
20.6517	0.0247592	137.687	0.799769	0
20.4235	0.0235433	137.37	0.8025	0
20.1521	0.0233983	135.833	0.796356	0
19.9825	0.0226638	134.23	0.82537	0
19.8173	0.0223465	134.747	0.814106	0
19.6553	0.0227503	135.232	0.80762	0
19.537	0.0214768	135.215	0.793284	0
19.4306	0.0218683	133.745	0.809327	0
19.3396	0.022451	133.745	0.801476	0
19.2335	0.0219606	133.645	0.795332	0
19.0988	0.0221092	133.996	0.820933	0
19.0149	0.0216512	133.695	0.778265	0
18.9383	0.0220768	133.077	0.79499	0
18.8057	0.0215537	132.66	0.795673	0
18.6996	0.0217235	134.213	0.806937	0
18.6614	0.0215526	133.311	0.798063	0
18.6022	0.021052	132.576	0.798063	0
18.5013	0.0211341	131.841	0.808303	0
18.4251	0.0217825	130.906	0.772462	0
18.3726	0.0213136	132.543	0.811375	0
18.3127	0.0212865	131.875	0.811375	0
18.2478	0.0214254	131.19	0.818884	0
18.1914	0.021633	131.524	0.809668	0
18.123	0.0217194	131.173	0.802159	0
18.0846	0.0214154	130.889	0.81274	0
18.0853	0.0211475	130.772	0.806255	0
18.0374	0.0214186	129.587	0.812058	0
17.9269	0.020755	131.157	0.823663	0
17.8866	0.0211841	131.524	0.789529	0
17.8762	0.0212872	130.639	0.794308	0
17.8163	0.0207689	130.555	0.78987	0
17.7916	0.0211985	131.207	0.810692	0
17.776	0.0205879	131.123	0.796356	0
17.6838	0.0206236	130.605	0.792601	0
17.6393	0.020766	129.854	0.777923	0
17.643	0.0203114	130.271	0.804548	0
17.5658	0.0197508	129.854	0.807279	0
17.5141	0.0206141	129.587	0.804207	0
17.5185	0.0211326	129.887	0.791236	0
17.4733	0.0202316	130.372	0.784409	0
17.4325	0.0203911	129.954	0.818202	0
17.4369	0.0211715	129.971	0.796356	0
17.4202	0.020429	129.82	0.797721	0
17.3628	0.0203596	131.39	0.798745	0
17.3011	0.0199034	128.718	0.785091	0
17.2955	0.0208851	130.789	0.796014	0
17.3282	0.0211302	128.818	0.810692	0
17.2655	0.0208798	130.438	0.816836	0
17.1883	0.0205582	130.873	0.787139	0
17.1927	0.0205392	129.002	0.817178	0
17.1694	0.0205109	128.935	0.808644	0
17.1162	0.0201138	129.754	0.804207	0
17.1251	0.0206288	129.603	0.789529	0
17.1395	0.0202293	130.706	0.81274	0
17.1008	0.0199359	128.935	0.804207	0
17.0657	0.0200806	128.969	0.796697	0
17.0225	0.0202483	129.102	0.782361	0
16.9956	0.0202366	127.716	0.812058	0
16.9934	0.0199082	128.451	0.811716	0
16.9447	0.0204198	129.904	0.808986	0
16.9135	0.020737	131.374	0.81786	0
16.9497	0.0200745	127.783	0.803183	0
16.9183	0.0201226	127.516	0.818202	0
16.8823	0.0199483	127.699	0.794308	0
16.8813	0.0201271	128.084	0.802841	0
16.8333	0.0198115	128.802	0.803524	0
16.7673	0.0201872	127.649	0.789529	0
16.7177	0.0196809	128.952	0.803865	0
16.6793	0.0199098	127.382	0.789529	0
16.6751	0.0199202	127.967	0.805231	0
16.6623	0.0194294	128.134	0.802159	0
16.6329	0.0199955	128.1	0.798745	0
16.6567	0.020282	128.518	0.793966	0
16.6534	0.020196	128.501	0.797721	0
16.5586	0.0191873	127.666	0.808644	0
16.529	0.0196384	126.948	0.797721	0
16.5534	0.0201831	128.251	0.809668	0
16.5183	0.0199054	127.449	0.770755	0
16.4486	0.0196378	126.864	0.801476	0
16.3915	0.0193571	127.248	0.803865	0
16.3802	0.019912	127.967	0.82025	0
16.3867	0.0194858	126.848	0.810692	0
16.3329	0.0195629	125.779	0.779971	0
16.2656	0.0191185	126.48	0.786457	0
16.2373	0.0191947	125.695	0.795332	0
16.1977	0.0194972	126.948	0.813082	0
16.148	0.0194117	126.697	0.778606	0
16.108	0.0192059	125.411	0.798404	0
16.0982	0.0194554	124.76	0.797038	0
16.082	0.0197808	126.597	0.773486	0
16.0416	0.019575	126.63	0.800793	0
15.9886	0.0195101	125.662	0.787481	0
15.9564	0.01941	125.294	0.814106	0
15.9293	0.0193211	125.361	0.785774	0
15.9144	0.0193155	126.347	0.79226	0
15.9321	0.0194548	126.497	0.800111	0
15.9227	0.0192547	126.33	0.790553	0
15.8723	0.0186968	125.495	0.782702	0
15.8204	0.0194611	125.962	0.801476	0
15.8039	0.019433	125.962	0.803524	0
15.7814	0.0189132	125.962	0.808303	0
15.7152	0.019272	125.729	0.805231	0
15.6844	0.0195246	124.71	0.792942	0
15.6708	0.0186547	124.376	0.797721	0
15.6213	0.0194265	124.058	0.819909	0
15.5724	0.0191351	125.294	0.783385	0
15.5318	0.0190011	125.211	0.798404	0
15.507	0.0191714	123.992	0.811034	0
15.4694	0.0198138	123.841	0.801476	0
15.4346	0.0195821	123.841	0.789529	0
15.3985	0.0194354	124.276	0.78987	0
15.3757	0.0189169	125.244	0.787139	0
15.3338	0.0195989	123.424	0.777241	0
15.2905	0.0194947	125.528	0.799769	0
15.299	0.0191332	122.071	0.783726	0
15.2986	0.0188632	123.608	0.8025	0
15.2832	0.0188135	123.106	0.782702	0
15.2821	0.018643	123.741	0.816154	0
15.2496	0.0188471	123.691	0.79499	0
15.2096	0.0188511	122.856	0.799428	0
15.1971	0.0191313	124.225	0.815471	0
15.1952	0.0195153	122.839	0.800452	0
15.1745	0.0192506	123.507	0.791918	0
15.1413	0.0191266	123.056	0.805913	0
15.1249	0.0191074	122.772	0.814447	0
15.0796	0.0187754	122.472	0.82025	0
15.0413	0.019085	123.374	0.809668	0
15.0451	0.0191884	123.307	0.805231	0
15.0275	0.0182975	122.071	0.808303	0
15.0196	0.0188049	123.14	0.76939	0
15.024	0.0182504	122.171	0.778947	0
14.9979	0.0189369	122.756	0.790894	0
14.9853	0.0183191	121.653	0.811034	0
14.9676	0.0187128	123.591	0.793284	0
14.9387	0.0185237	123.608	0.79738	0
14.9195	0.0183865	121.987	0.793966	0
14.9258	0.0182812	123.34	0.819909	0
14.9072	0.0181326	121.069	0.778606	0
14.8617	0.018803	121.687	0.791918	0
14.8614	0.0184501	122.672	0.811716	0
14.877	0.018396	123.207	0.784409	0
14.8229	0.0179609	121.503	0.787481	0
14.7897	0.0179566	121.687	0.796014	0
14.8323	0.0181413	122.455	0.785774	0
14.8148	0.0186599	121.503	0.812058	0
14.7779	0.0188147	122.923	0.819226	0
14.7831	0.0186719	120.317	0.790894	0
14.7382	0.0184217	123.357	0.784067	0
14.7096	0.01849	123.173	0.791236	0
14.7111	0.0182459	121.82	0.798745	0
14.6784	0.0178196	121.987	0.799428	0
14.6517	0.0186157	121.871	0.781678	0
14.6454	0.0183098	120.768	0.782361	0
14.621	0.0176975	121.319	0.793284	0
14.6113	0.0186044	122.054	0.809327	0
14.6003	0.0186312	120.551	0.799428	0
14.5457	0.0179545	120.919	0.764611	0
14.5074	0.0182248	119.866	0.803524	0
14.52	0.0182325	123.173	0.789188	0
14.5374	0.0181665	121.653	0.79738	0
14.5158	0.0179338	121.436	0.77963	0
14.498	0.017825	122.455	0.801476	0
14.526	0.018313	122.004	0.764269	0
14.5611	0.0181961	119.666	0.797721	0
14.531	0.0181564	121.687	0.797721	0
14.5068	0.0181077	121.82	0.783043	0
14.5153	0.0180935	122.255	0.792601	0
14.4975	0.0181903	120.935	0.765293	0
14.5068	0.0178054	122.906	0.787822	0
14.5051	0.0177644	120	0.811375	0
14.434	0.018232	119.749	0.79499	0
14.4349	0.0175758	121.637	0.789188	0
14.4522	0.0179138	120.935	0.809668	0
14.4183	0.0181704	119.299	0.791236	0
14.391	0.0180079	120.217	0.798063	0
14.3542	0.0177975	121.603	0.804889	0
14.37	0.01788	121.921	0.796356	0
14.3957	0.0183014	119.499	0.784067	0
14.3242	0.0182271	119.983	0.789188	0
14.2899	0.0180532	121.503	0.788164	0
14.2974	0.017401	121.62	0.791918	0
14.2583	0.0175324	120.685	0.793284	0
14.2323	0.0177069	119.315	0.796697	0
14.2104	0.0178118	120.735	0.788846	0
14.1967	0.0176191	120.601	0.778947	0
14.2231	0.0173912	121.203	0.787822	0
14.2166	0.017158	118.681	0.795673	0
14.1573	0.017441	120.267	0.790894	0
14.1733	0.0174046	121.169	0.794649	0
14.1973	0.0178758	119.081	0.763928	0
14.1465	0.0177968	119.499	0.806937	0
14.1269	0.0176601	117.879	0.787139	0
14.1376	0.0175966	118.814	0.77963	0
14.1101	0.0177473	118.764	0.79226	0
14.1137	0.017342	118.079	0.77212	0
14.1306	0.0174251	120.1	0.796697	0
14.0949	0.0173507	119.933	0.813764	0
14.0743	0.0174797	118.981	0.794308	0
14.0749	0.0175845	120.551	0.790212	0
14.047	0.0173468	119.866	0.797038	0
14.0288	0.0180711	120.267	0.786798	0
14.0285	0.0176522	119.098	0.796014	0
14.0403	0.0174982	119.95	0.822981	0
14.0631	0.0175192	118.33	0.762221	0
14.0489	0.0176418	119.282	0.779289	0
14.0352	0.0177159	119.132	0.801135	0
14.02	0.0176607	119.299	0.800793	0
14.0086	0.018137	119.649	0.791577	0
14.0111	0.0174584	120.234	0.797721	0
14.0077	0.0172295	118.664	0.804207	0
14.02	0.0174577	121.854	0.811716	0
14.0247	0.0172893	119.699	0.776558	0
13.9981	0.0173108	119.065	0.788164	0
13.9982	0.0173982	118.48	0.786798	0
13.9938	0.017282	119.065	0.811375	0
13.9568	0.0174228	118.63	0.785774	0
13.9587	0.0174647	118.413	0.78987	0
13.9852	0.0172145	120.134	0.788164	0
14.0017	0.0174283	118.931	0.796014	0
13.9911	0.0173166	118.58	0.787822	0
13.9663	0.0171123	119.9	0.764952	0
13.9627	0.0171481	119.716	0.803183	0
13.9451	0.0176098	119.248	0.808644	0
13.9384	0.0176545	118.948	0.797038	0
13.9649	0.0174863	118.246	0.783385	0
13.9796	0.0171856	117.328	0.805231	0
13.9862	0.0172216	118.246	0.786115	0
13.9528	0.017588	118.497	0.791577	0
13.9293	0.0171091	117.712	0.800793	0
13.9446	0.0171783	119.783	0.79499	0
13.9539	0.0170998	119.132	0.787822	0
13.941	0.0174832	119.432	0.806255	0
13.9083	0.0171666	118.981	0.788505	0
13.9101	0.0177513	119.566	0.79226	0
13.927	0.0175109	118.981	0.801817	0
13.9255	0.0177122	118.597	0.804207	0
13.9148	0.0174435	119.115	0.804889	0
13.908	0.0176205	118.113	0.795332	0
13.9228	0.0172839	119.349	0.801476	0
13.9643	0.016586	119.499	0.783385	0
13.9453	0.0171858	119.349	0.808986	0
13.9079	0.0174584	117.612	0.795332	0
13.923	0.0170983	119.282	0.775192	0
13.9383	0.0173641	117.662	0.775875	0
13.9354	0.0176556	117.879	0.788505	0
13.9354	0.0173151	119.916	0.802841	0
13.924	0.0175448	118.614	0.788505	0
13.8905	0.0169032	119.482	0.774851	0
13.8957	0.0176226	118.564	0.802159	0
13.9057	0.0174718	118.23	0.793966	0
13.8812	0.0174719	119.415	0.813764	0
13.8863	0.0171696	118.497	0.795332	0
13.8807	0.0174811	117.194	0.780313	0
13.8523	0.0175155	118.296	0.793625	0
13.8659	0.0172084	119.132	0.803183	0
13.8911	0.0175119	119.315	0.786115	0
13.8856	0.0169744	118.063	0.794308	0
13.8759	0.0172244	118.48	0.799428	0
13.8824	0.0174013	117.111	0.784409	0
13.894	0.0173515	117.979	0.799087	0
13.8986	0.0171222	116.71	0.816154	0
13.8903	0.0170753	118.046	0.789529	0
13.8789	0.0175788	119.115	0.779289	0
13.8547	0.0169951	118.714	0.787481	0
13.8486	0.017246	117.144	0.788505	0
13.8599	0.0169959	119.081	0.776899	0
13.8606	0.0168902	119.9	0.779971	0
13.8538	0.0171763	118.146	0.796014	0
13.8525	0.0170932	120.167	0.776558	0
13.8916	0.0171707	118.113	0.780313	0
13.8902	0.0171668	118.38	0.793284	0
13.8564	0.0176177	119.8	0.819909	0
13.8573	0.0175705	118.096	0.809327	0
13.8367	0.0174252	118.313	0.804548	0
13.8207	0.0171425	119.582	0.786115	0
13.8523	0.0168714	118.113	0.794308	0
13.8603	0.017134	118.898	0.777582	0
13.872	0.0170709	118.413	0.77963	0
13.8747	0.0174322	118.965	0.793284	0
13.8661	0.0172322	119.098	0.800793	0
13.8759	0.0174679	118.48	0.792601	0
13.866	0.0171738	117.962	0.794649	0
13.8479	0.0167801	118.914	0.796697	0
13.8538	0.0169417	117.161	0.798063	0
13.8511	0.0172865	117.712	0.785774	0
13.8314	0.0171815	117.745	0.770072	0
13.8233	0.0168946	118.831	0.796356	0
13.8675	0.0170073	118.965	0.782019	0
13.8691	0.0173805	118.263	0.792601	0
13.8049	0.0173676	118.948	0.779289	0
13.7883	0.0173992	116.994	0.799428	0
13.8119	0.0174054	117.528	0.804889	0
13.817	0.0168957	117.645	0.786457	0
13.8275	0.0167595	119.716	0.782702	0
13.8186	0.0174005	116.76	0.778265	0
13.8125	0.0174392	117.779	0.790553	0
13.8438	0.0168623	118.747	0.805572	0
13.843	0.0169695	117.829	0.765293	0
13.8161	0.0170929	117.862	0.79738	0
13.8215	0.0168211	119.332	0.804207	0
13.8439	0.0174005	117.562	0.802159	0
13.8179	0.0170389	118.113	0.775534	0
13.7975	0.0172464	118.614	0.784067	0
13.8181	0.0169537	118.447	0.810351	0
13.8393	0.0169442	119.182	0.776216	0
13.8319	0.0173629	118.497	0.792601	0
13.8218	0.0172368	117.929	0.799428	0
13.8403	0.0173605	116.877	0.800111	0
13.8347	0.017503	117.912	0.79499	0
13.8037	0.0171886	118.63	0.802841	0
13.8069	0.017279	118.463	0.782019	0
13.8291	0.0169575	119.449	0.783726	0
13.8188	0.0174334	117.929	0.788164	0
13.789	0.0168041	118.013	0.781337	0
13.7732	0.017258	118.614	0.790553	0
13.7931	0.0174747	119.399	0.81001	0
13.8206	0.0170524	117.929	0.793966	0
13.7967	0.0166682	117.595	0.772462	0
13.7642	0.0169165	118.246	0.769731	0
13.8142	0.0171315	117.294	0.79226	0
13.8325	0.0169935	119.132	0.800111	0
13.7801	0.016829	117.395	0.784067	0
13.7903	0.0175937	119.399	0.806255	0
13.8332	0.0175119	118.413	0.790553	0
13.8325	0.017177	119.282	0.795332	0
13.8316	0.016676	119.232	0.773144	0
13.8092	0.0171819	118.063	0.797721	0
13.7887	0.0174777	118.747	0.801135	0
13.8154	0.0172009	118.764	0.791918	0
13.8127	0.0173196	119.248	0.801817	0
13.7724	0.017035	118.831	0.789529	0
13.7907	0.0171002	120.969	0.789188	0
13.8212	0.0171437	118.697	0.778947	0
13.7813	0.0170167	117.846	0.776216	0
13.7832	0.0170504	118.864	0.807961	0
13.8028	0.0170251	117.344	0.790212	0
13.7778	0.0174472	117.445	0.776558	0
13.7819	0.0166314	118.013	0.801476	0
13.7887	0.0171325	119.683	0.786457	0
13.7759	0.0170367	117.762	0.806255	0
13.7964	0.0172274	117.912	0.784409	0
13.8102	0.0167251	118.18	0.809327	0
13.7959	0.0170964	117.729	0.776558	0
13.7859	0.0169357	118.814	0.781337	0
13.7849	0.01701	116.86	0.810692	0
13.7629	0.0167566	117.846	0.79226	0
13.7705	0.0170662	119.415	0.806596	0
13.8019	0.0166036	118.28	0.794649	0
13.7933	0.017055	118.447	0.795673	0
13.7903	0.0168378	118.681	0.791918	0
13.8066	0.0169785	118.33	0.791918	0
13.7913	0.0170017	118.63	0.795332	0
13.7876	0.0167458	118.063	0.796697	0
13.7877	0.0170415	117.478	0.791236	0
13.7769	0.0170166	117.879	0.800111	0
13.7902	0.0172719	118.881	0.821274	0
13.796	0.0167415	117.662	0.802841	0
13.7858	0.0170671	118.614	0.79226	0
13.7817	0.0170865	119.182	0.801817	0
13.7834	0.0172319	119.265	0.790212	0
13.765	0.0171227	118.998	0.810692	0
13.7673	0.0174099	118.564	0.777923	0
13.7848	0.0172935	116.944	0.789529	0
13.7691	0.0172729	118.43	0.788164	0
13.7664	0.0170227	118.38	0.804207	0
13.7908	0.0174205	119.299	0.774851	0
13.7894	0.017055	117.846	0.772462	0
13.799	0.0166507	118.046	0.791236	0
13.8067	0.0169822	119.399	0.768366	0
13.7788	0.0170671	118.463	0.791577	0
13.7805	0.0169634	117.812	0.799087	0
13.8058	0.0169864	120.518	0.790212	0
13.797	0.0168843	118.363	0.783385	0
13.7662	0.0172316	118.547	0.796356	0
13.7621	0.0170922	119.449	0.791918	0
13.7926	0.017001	119.449	0.785774	0
13.8011	0.0175009	118.313	0.776216	0
13.7742	0.0179152	118.681	0.795332	0
13.7778	0.0169441	118.797	0.779971	0
13.7963	0.0170789	118.514	0.807961	0
13.7924	0.0170149	119.733	0.793966	0
13.7973	0.0174902	118.948	0.787481	0
13.7821	0.017297	117.445	0.80762	0
13.7354	0.017093	117.228	0.786457	0
13.7508	0.0172075	118.714	0.787822	0
13.7962	0.016637	117.478	0.790553	0
13.784	0.0172992	119.432	0.790212	0
13.7816	0.0169358	117.896	0.776558	0
13.78	0.0173622	118.313	0.79499	0
13.7721	0.0167567	117.962	0.786457	0
13.78	0.0168158	118.948	0.79226	0
13.7638	0.0167533	118.28	0.79226	0
13.749	0.01649	119.081	0.771779	0
13.7691	0.0169867	117.979	0.776899	0
13.7784	0.0170117	118.43	0.772462	0
13.7567	0.0173027	118.981	0.796697	0
13.7634	0.0170136	117.027	0.778265	0
13.7651	0.0169615	118.163	0.791577	0
13.7616	0.0173455	119.098	0.786115	0
13.7797	0.0175298	118.914	0.797721	0
13.7829	0.0174091	118.397	0.77963	0
13.7971	0.0169004	117.929	0.802841	0
13.7818	0.0166463	118.28	0.785091	0
13.7924	0.0173008	118.714	0.796356	0
13.8273	0.0171278	117.962	0.804207	0
13.7867	0.0170437	117.712	0.78987	0
13.7591	0.0169669	118.18	0.780995	0
13.7867	0.0169828	120.117	0.782702	0
13.7867	0.0168764	119.115	0.799769	0
13.7893	0.0164911	117.211	0.776558	0
13.7885	0.0172062	118.013	0.798063	0
13.7662	0.0172457	117.729	0.78987	0
13.7942	0.0169121	118.697	0.782361	0
13.8043	0.0169355	117.378	0.791236	0
13.7707	0.0167662	119.048	0.787139	0
13.7688	0.0169596	117.612	0.764611	0
13.776	0.0176059	117.595	0.782019	0
13.7708	0.017401	118.263	0.789529	0
13.7892	0.0171675	118.397	0.790894	0
13.7883	0.0168553	118.213	0.765976	0
13.7611	0.0170981	118.246	0.778265	0
13.7515	0.0165184	118.981	0.789188	0
13.7762	0.0170186	118.397	0.780654	0
13.7757	0.0170037	117.244	0.800111	0
13.7588	0.0174347	116.058	0.790553	0
13.7689	0.0174155	118.38	0.806596	0
13.7728	0.0171859	118.246	0.792601	0
13.7596	0.0173266	118.347	0.800793	0
13.7567	0.0172091	117.528	0.808303	0
13.7525	0.017503	118.33	0.790894	0
13.7458	0.0168195	118.363	0.830149	0
13.742	0.0170155	118.447	0.8025	0
13.7228	0.0173323	118.096	0.784067	0
13.7385	0.0166323	118.347	0.792601	0
13.7589	0.0170702	117.294	0.792942	0
13.7479	0.016864	118.564	0.775875	0
13.7814	0.0169018	119.532	0.785091	0
13.8037	0.0172395	117.144	0.794308	0
13.752	0.0168034	118.029	0.789188	0
13.7519	0.0168671	118.029	0.802841	0
13.782	0.0168482	118.28	0.801476	0
13.7555	0.0171575	118.413	0.808303	0
13.7593	0.0171472	117.478	0.787139	0
13.7729	0.017356	118.046	0.794308	0
13.7309	0.0166358	117.127	0.793284	0
13.7376	0.0167471	117.762	0.806255	0
13.774	0.017488	119.031	0.791577	0
13.7631	0.0168345	117.161	0.793625	0
13.7523	0.0173806	117.111	0.79499	0
13.7438	0.0169701	117.595	0.768024	0
13.7482	0.0167663	119.148	0.786798	0
13.7613	0.0167331	116.81	0.798063	0
13.7692	0.0167977	117.879	0.801476	0
13.7405	0.016724	118.23	0.780654	0
13.7282	0.0173296	118.53	0.786457	0
13.7459	0.0171388	119.098	0.796356	0
13.7203	0.0169519	116.493	0.800452	0
13.7345	0.016965	117.846	0.796014	0
13.7329	0.0167497	117.528	0.793284	0
13.7012	0.0165512	117.678	0.780995	0
13.7343	0.0173079	119.365	0.813764	0
13.7464	0.0173996	119.215	0.805231	0
13.7276	0.0173295	117.795	0.771096	0
13.7412	0.016897	118.23	0.795673	0
13.7548	0.0170524	120.317	0.791236	0
13.7522	0.0168358	117.111	0.776216	0
13.7565	0.0174086	118.096	0.788505	0
13.7449	0.0171114	119.499	0.784067	0
13.7234	0.0170013	119.232	0.803865	0
13.7454	0.0174767	117.244	0.780313	0
13.7754	0.0173309	117.578	0.791918	0
13.75	0.0174462	117.244	0.792601	0
13.72	0.0175015	118.013	0.781678	0
13.7417	0.016773	117.361	0.787481	0
13.7312	0.0168856	117.094	0.792601	0
13.7234	0.0168598	117.896	0.782019	0
13.7453	0.0168909	117.361	0.782019	0
13.7319	0.0169347	118.413	0.777241	0
13.7274	0.0171081	118.564	0.8025	0
13.7531	0.0169559	117.127	0.798063	0
13.7212	0.0170941	119.382	0.8025	0
13.7154	0.0170085	118.363	0.790212	0
13.7463	0.0174304	118.129	0.779971	0
13.7284	0.0171446	119.516	0.791918	0
13.7221	0.016646	118.23	0.805231	0
13.7385	0.0164714	117.896	0.800111	0
13.7372	0.0170594	116.843	0.793625	0
13.7178	0.0170732	117.745	0.782361	0
13.7119	0.0169402	117.578	0.799087	0
13.7455	0.017083	118.514	0.787139	0
13.7613	0.0167287	118.263	0.790212	0
13.7267	0.017212	117.795	0.81001	0
13.7136	0.0169491	118.43	0.807279	0
13.7388	0.0172875	118.413	0.786798	0
13.7646	0.0170758	120.084	0.783043	0
13.7315	0.0168384	117.979	0.794308	0
13.7065	0.0171777	118.965	0.792942	0
13.7206	0.0169908	117.678	0.782702	0
13.75	0.0168539	119.065	0.793625	0
13.7546	0.0172049	117.01	0.808303	0
13.6963	0.0172487	118.246	0.788505	0
13.7102	0.016927	118.664	0.786457	0
13.7643	0.0170577	118.079	0.803524	0
13.7418	0.0172607	118.664	0.796697	0
13.7285	0.0171193	117.595	0.801476	0
13.7593	0.0168898	120.167	0.802159	0
13.7519	0.0170347	117.478	0.782361	0
13.726	0.0171573	117.578	0.804548	0
13.733	0.0175481	119.182	0.790553	0
13.7242	0.0173	118.413	0.806255	0
13.7154	0.0171327	117.595	0.782361	0
13.7264	0.0167712	117.662	0.801135	0
13.71	0.0168206	119.031	0.767342	0
13.7	0.0169136	116.359	0.800793	0
13.7107	0.0175125	118.163	0.793966	0
13.7239	0.0170898	117.411	0.783043	0
13.7346	0.0166158	119.482	0.799769	0
13.7049	0.0166813	116.559	0.768366	0
13.7111	0.0172071	118.848	0.772803	0
13.7481	0.0173791	117.495	0.799087	0
13.7374	0.0171317	118.163	0.807279	0
13.7114	0.0169594	117.411	0.766318	0
13.7101	0.0168185	117.562	0.778947	0
13.7331	0.0170623	118.447	0.799428	0
13.7471	0.0166643	116.91	0.787139	0
13.7073	0.0167572	118.747	0.783726	0
13.6917	0.0173447	118.447	0.793284	0
13.7183	0.0173387	118.129	0.785091	0
13.7105	0.0167114	118.63	0.798404	0
13.7098	0.0167032	117.628	0.800793	0
13.7222	0.0168848	118.246	0.785091	0
13.7304	0.0167314	118.53	0.79226	0
13.736	0.0169949	118.681	0.792601	0
13.7402	0.0168556	119.165	0.81513	0
13.731	0.0168814	117.795	0.785091	0
13.7115	0.0167081	117.962	0.780654	0
13.733	0.0172168	117.344	0.792942	0
13.7463	0.0170877	118.48	0.793966	0
13.7336	0.0170854	119.081	0.802841	0
13.7404	0.0166293	118.43	0.797038	0
13.7477	0.0172333	116.643	0.792942	0
13.7295	0.0169012	118.797	0.794649	0
13.7412	0.0170207	118.797	0.796356	0
13.7525	0.0169449	117.712	0.782702	0
13.7285	0.0170167	117.812	0.771096	0
13.7186	0.0172511	118.23	0.782019	0
13.7268	0.0171618	118.23	0.784067	0
13.7241	0.0168423	120.267	0.809668	0
13.7424	0.0170201	118.848	0.795673	0
13.748	0.0173095	119.248	0.789529	0
13.7263	0.0173755	118.781	0.794649	0
13.7183	0.0173634	117.996	0.780654	0
13.7118	0.0175852	118.447	0.796014	0
13.7172	0.0167788	118.731	0.787481	0
13.7418	0.0173143	116.71	0.790894	0
13.7251	0.0170636	117.111	0.771779	0
13.7306	0.0173099	117.144	0.785774	0
13.7521	0.017023	118.898	0.787822	0
13.7272	0.0168882	118.347	0.796014	0
13.706	0.0168872	117.996	0.784409	0
13.7105	0.0168642	117.846	0.791577	0
13.7293	0.017397	118.079	0.797721	0
13.7473	0.017466	118.864	0.799428	0
13.7307	0.0173296	117.495	0.786115	0
13.7069	0.0173124	117.862	0.793625	0
13.7073	0.0169108	117.795	0.798063	0
13.7174	0.0168604	117.779	0.793284	0
13.7357	0.0171249	118.614	0.782019	0
13.7384	0.0170866	118.447	0.77963	0
13.7084	0.0170707	117.979	0.79499	0
13.7239	0.0169637	117.194	0.798404	0
13.7172	0.0168439	117.461	0.79226	0
13.6999	0.0167514	117.962	0.78475	0
13.7305	0.0169517	117.946	0.816495	0
13.7213	0.0175665	117.294	0.787822	0
13.6932	0.0174747	118.48	0.793625	0
13.7115	0.0169596	118.48	0.786457	0
13.7468	0.0172304	118.397	0.810351	0
13.7235	0.017447	118.547	0.79738	0
13.6904	0.0170736	118.514	0.806255	0
13.7306	0.0172873	119.749	0.808986	0
13.7429	0.0171919	115.925	0.81274	0
13.6837	0.0167797	118.814	0.765293	0
13.699	0.0170195	117.946	0.791577	0
13.7382	0.0170223	117.428	0.798404	0
13.7248	0.0170275	118.029	0.793966	0
13.7224	0.0170639	117.578	0.780654	0
13.7059	0.0171028	118.981	0.817178	0
13.7108	0.0172554	118.313	0.798404	0
13.7556	0.0172471	117.328	0.780995	0
13.7596	0.0169453	118.514	0.798745	0
13.7453	0.0171043	118.731	0.785433	0
13.7109	0.0170671	117.678	0.784409	0
13.6829	0.0170212	119.399	0.81001	0
13.7196	0.0171315	118.547	0.796014	0
13.7359	0.0172304	119.098	0.811375	0
13.7107	0.0169981	118.564	0.775875	0
13.6837	0.0170952	117.061	0.783043	0
13.7106	0.0170417	118.714	0.794649	0
13.7363	0.0168602	117.511	0.796697	0
13.7045	0.0170129	115.441	0.781678	0
13.6961	0.0170841	120.117	0.785091	0
13.6939	0.0174835	118.113	0.793284	0
13.7015	0.0167657	118.564	0.805572	0
13.7499	0.0168797	118.914	0.794308	0
13.7437	0.0168636	118.597	0.787481	0
13.6886	0.0171683	119.666	0.788164	0
13.7074	0.0172565	117.578	0.780313	0
13.737	0.0170601	116.476	0.790553	0
13.705	0.0174381	116.91	0.796356	0
13.6962	0.0169407	117.395	0.799087	0
13.7131	0.0171119	118.046	0.788164	0
13.7227	0.0172795	117.511	0.814788	0
13.73	0.0174665	117.545	0.793284	0
13.7204	0.0175135	117.879	0.784067	0
13.7067	0.0167107	118.129	0.782702	0
13.7059	0.0168754	118.747	0.781678	0
13.7232	0.0170595	118.848	0.792942	0
13.7285	0.0170876	118.647	0.769731	0
13.7258	0.0169106	117.445	0.801135	0
13.6944	0.0168641	116.743	0.79738	0
13.6654	0.0167757	117.912	0.790553	0
13.7049	0.0172559	117.278	0.771779	0
13.7152	0.0170789	117.829	0.774168	0
13.6734	0.0173677	116.76	0.783385	0
13.705	0.0169915	118.797	0.768366	0
13.7301	0.0173052	117.578	0.800793	0
13.7173	0.0172184	118.63	0.79738	0
13.7077	0.0174545	118.614	0.785091	0
13.6919	0.0171156	118.781	0.799428	0
13.7229	0.0175837	117.812	0.806937	0
13.735	0.01713	118.697	0.789188	0
13.7223	0.0170554	116.326	0.776216	0
13.717	0.0165987	118.998	0.804889	0
13.7219	0.0167462	118.781	0.788505	0
13.7315	0.0165827	118.296	0.782019	0
13.6999	0.0168716	117.779	0.805913	0
13.678	0.017173	118.948	0.776558	0
13.6935	0.0168156	117.428	0.799087	0
13.6711	0.0169759	118.898	0.798745	0
13.6857	0.0169317	118.463	0.780654	0
13.7537	0.0168632	118.347	0.802841	0
13.742	0.017122	118.146	0.804548	0
13.7101	0.0169778	117.862	0.791236	0
13.735	0.0172767	118.063	0.790894	0
13.7338	0.0172882	118.681	0.784067	0
13.715	0.0166857	117.846	0.780654	0
13.7172	0.0163585	117.779	0.79226	0
13.708	0.0173453	117.862	0.791577	0
13.7256	0.0168902	119.232	0.771779	0
13.7555	0.0173899	117.578	0.793625	0
13.7393	0.0167787	118.363	0.806596	0
13.7264	0.016797	117.177	0.777241	0
13.7123	0.0172376	119.115	0.795332	0
13.6959	0.0165902	117.461	0.765976	0
13.7249	0.0166066	119.282	0.796356	0
13.7452	0.0170283	117.127	0.8025	0
13.7227	0.0173778	117.478	0.774168	0
13.7119	0.0170574	119.532	0.800793	0
13.7232	0.0169499	117.144	0.793284	0
13.7248	0.0175955	117.729	0.758808	0
13.7132	0.0171919	119.148	0.784067	0
13.7137	0.0167525	117.228	0.798745	0
13.7191	0.0171729	116.693	0.784067	0
13.7406	0.0165335	117.896	0.784067	0
13.7194	0.016987	118.614	0.806937	0
13.672	0.016893	118.029	0.784067	0
13.7027	0.0167589	117.211	0.803524	0
13.7495	0.0170246	118.797	0.798745	0
13.7541	0.0172547	118.146	0.791577	0
13.7235	0.0165339	118.547	0.790894	0
13.703	0.0166873	118.747	0.756419	0
13.6933	0.0170669	117.979	0.80762	0
13.704	0.0169932	117.812	0.780654	0
13.7509	0.0170701	117.795	0.785774	0
13.7512	0.0172688	118.296	0.800111	0
13.7445	0.0167785	118.113	0.799087	0
13.7576	0.0169023	118.43	0.789529	0
13.73	0.0171824	118.38	0.801135	0
13.7126	0.0170649	117.445	0.788505	0
13.7431	0.0173274	118.714	0.799087	0
13.7338	0.0171307	117.795	0.796014	0
13.706	0.0169582	119.649	0.782361	0
13.709	0.0171418	117.344	0.800452	0
13.7204	0.0172017	118.146	0.79226	0
13.7122	0.0174377	118.18	0.798745	0
13.6963	0.0170236	117.862	0.786798	0
13.7087	0.0167932	117.729	0.793966	0
13.7036	0.0168037	117.846	0.793284	0
13.7076	0.0168611	117.01	0.8025	0
13.7129	0.0170003	117.612	0.794649	0
13.6936	0.0174903	118.079	0.774851	0
13.7064	0.0170417	119.132	0.797721	0
13.7154	0.0170224	117.662	0.787139	0
13.6975	0.0173519	119.8	0.802841	0
13.7147	0.0168675	116.643	0.770755	0
13.7157	0.0170154	117.428	0.777241	0
13.687	0.0174606	117.545	0.795673	0
13.6995	0.0172417	119.983	0.805231	0
13.7278	0.0174289	117.111	0.769048	0
13.7339	0.0174053	118.965	0.787481	0
13.7338	0.0168299	117.278	0.778606	0
13.7071	0.0169889	116.994	0.787481	0
13.6815	0.01675	118.18	0.797038	0
13.7168	0.0166559	118.096	0.795332	0
13.7301	0.0168393	118.681	0.797038	0
13.7106	0.0169443	116.927	0.783385	0
13.7042	0.0172759	117.478	0.775875	0
13.7007	0.0169745	119.132	0.777923	0
13.7147	0.0167872	116.927	0.778606	0
13.7248	0.0166781	118.63	0.794308	0
13.6867	0.0172247	118.313	0.786798	0
13.6898	0.0172666	116.326	0.783385	0
13.737	0.0171164	119.8	0.796014	0
13.7315	0.0168893	118.497	0.793966	0
13.714	0.0171599	116.509	0.799087	0
13.7199	0.0172391	118.764	0.788846	0
13.7093	0.0171357	117.996	0.804548	0
13.7346	0.0172134	119.198	0.775534	0
13.7367	0.0168693	116.71	0.788505	0
13.6926	0.0172586	118.514	0.797038	0
13.7167	0.01701	117.695	0.788505	0
13.7341	0.0173565	118.013	0.776558	0
13.7044	0.0174123	119.633	0.793284	0
13.7166	0.0170404	118.296	0.795332	0
13.7192	0.01731	117.578	0.790212	0
13.699	0.0172074	118.614	0.788846	0
13.7322	0.0174182	118.029	0.786115	0
13.7315	0.0175657	118.363	0.796014	0
13.7116	0.016919	119.833	0.791236	0
13.7169	0.0171384	116.91	0.796356	0
13.7053	0.0166451	117.361	0.796356	0
13.7003	0.0166115	117.545	0.795673	0
13.7105	0.017097	116.526	0.79499	0
13.7129	0.0171786	118.597	0.798745	0
13.715	0.0169012	118.029	0.811716	0
13.7045	0.0166824	117.344	0.793625	0
13.6911	0.0169856	118.363	0.760173	0
13.6885	0.0171451	116.777	0.804889	0
13.7086	0.017178	117.595	0.813764	0
13.7197	0.0169006	118.413	0.800452	0
13.7075	0.0169046	117.695	0.787822	0
13.7147	0.0170846	116.743	0.791577	0
13.7052	0.0168009	117.445	0.794308	0
13.6932	0.0171925	118.096	0.774168	0
13.7282	0.0168891	118.23	0.803524	0
13.7092	0.0173189	117.645	0.796697	0
13.6787	0.0171798	117.645	0.826735	0
13.7273	0.016877	119.599	0.787481	0
13.7419	0.0172602	116.242	0.801135	0
13.7018	0.017659	118.48	0.801817	0
13.693	0.0167543	119.449	0.779971	0
13.7177	0.0166567	118.096	0.802841	0
13.7328	0.0170239	117.729	0.788164	0
13.7159	0.0173322	118.28	0.782019	0
13.705	0.0172009	117.812	0.802159	0
13.7157	0.0169751	117.946	0.796697	0
13.7119	0.0169289	117.01	0.788846	0
13.7035	0.016965	118.43	0.791918	0
13.7123	0.0173008	117.545	0.79499	0
13.7097	0.0167385	118.463	0.773144	0
13.7071	0.0169712	117.428	0.79738	0
13.7023	0.0170705	117.361	0.802159	0
13.6837	0.016862	118.597	0.78987	0
13.7053	0.0173147	116.977	0.769731	0
13.7349	0.0171434	118.547	0.804889	0
13.716	0.0173739	117.344	0.771096	0
13.691	0.0169682	118.013	0.776899	0
13.6814	0.0169382	118.296	0.769048	0
13.6716	0.0166245	118.096	0.796356	0
13.7194	0.0173808	118.998	0.78987	0
13.7437	0.0166481	116.192	0.771779	0
13.7319	0.0165876	119.065	0.777241	0
13.7261	0.017069	118.196	0.780995	0
13.7106	0.0170078	116.66	0.800793	0
13.7185	0.0168304	117.628	0.803865	0
13.7204	0.0170155	118.363	0.779289	0
13.692	0.0168809	118.38	0.81274	0
13.7022	0.0167874	119.716	0.785774	0
13.7112	0.0173496	117.511	0.798745	0
13.6963	0.0174946	118.731	0.808986	0
13.7213	0.0173236	118.363	0.761539	0
13.7131	0.0172264	118.129	0.790553	0
13.6592	0.0170001	118.263	0.783726	0
13.6894	0.016733	118.58	0.808986	0
13.7325	0.0174649	117.511	0.788505	0
13.6931	0.0171658	116.526	0.775534	0
13.6915	0.016802	117.745	0.809327	0
13.7071	0.0168487	117.628	0.796014	0
13.7048	0.0166533	117.678	0.811716	0
13.7222	0.01674	118.347	0.787481	0
13.7185	0.0168325	117.027	0.767342	0
13.7005	0.0172558	117.495	0.814106	0
13.7196	0.0170593	117.094	0.799087	0
13.7628	0.016835	117.662	0.783385	0
13.7431	0.0168968	117.862	0.786457	0
13.6865	0.0168418	118.597	0.797038	0
13.6974	0.0168678	117.211	0.791577	0
13.7129	0.0168172	118.129	0.787139	0
13.6986	0.0165943	117.211	0.782019	0
13.6983	0.0168652	119.265	0.788164	0
13.7138	0.0170207	117.545	0.773486	0
13.7146	0.0172113	117.01	0.807961	0
13.7026	0.016923	117.979	0.800111	0
13.681	0.016969	117.745	0.775534	0
13.6664	0.0173515	116.559	0.792601	0
13.7084	0.0165952	119.332	0.806596	0
13.7247	0.0169859	117.361	0.790553	0
13.7009	0.0171004	117.862	0.777241	0
13.7162	0.0170274	117.879	0.780313	0
13.7199	0.0168462	118.113	0.774168	0
13.6871	0.0171455	118.747	0.78987	0
13.6786	0.0170616	116.994	0.796014	0
13.6924	0.0171838	117.428	0.785091	0
13.7126	0.0170955	118.146	0.797721	0
13.7001	0.0169415	117.194	0.779289	0
13.688	0.0175871	117.812	0.797721	0
13.7221	0.0171199	119.248	0.781678	0
13.7278	0.0169477	117.461	0.795673	0
13.705	0.0169449	116.559	0.78475	0
13.6807	0.017235	118.413	0.780654	0
13.6841	0.0168657	118.313	0.801476	0
13.6975	0.0171696	118.347	0.81274	0
13.6964	0.0165341	116.86	0.805572	0
13.6775	0.0171115	118.413	0.782361	0
13.6937	0.017093	118.113	0.772803	0
13.7312	0.0168522	118.965	0.801135	0
13.7241	0.0175223	119.649	0.787481	0
13.7015	0.016988	117.678	0.782361	0
13.7033	0.0170897	117.511	0.768366	0
13.7221	0.0168309	117.846	0.790894	0
13.7024	0.0169165	117.929	0.805231	0
13.6887	0.0170234	119.683	0.79738	0
13.7156	0.0174139	117.712	0.785433	0
13.7273	0.0171863	117.445	0.782361	0
13.7157	0.0173839	118.714	0.79738	0
13.7087	0.0173068	117.712	0.796356	0
13.7151	0.0170921	118.731	0.782019	0
13.691	0.0169348	118.931	0.798745	0
13.68	0.0170843	118.163	0.793625	0
13.7171	0.0173168	117.628	0.792942	0
13.7051	0.0171255	117.378	0.804889	0
13.6975	0.017609	119.015	0.773827	0
13.7146	0.0174481	118.831	0.781678	0
13.7036	0.0173821	117.962	0.797038	0
13.6885	0.0173442	115.992	0.774851	0
13.6921	0.0172639	117.962	0.777582	0
13.6975	0.0170561	118.43	0.794649	0
13.7065	0.0171776	118.213	0.779289	0
13.7201	0.0169078	118.413	0.789188	0
13.7203	0.0170031	118.096	0.807279	0
13.7292	0.0167856	116.142	0.777582	0
13.734	0.0167962	117.411	0.796014	0
13.7098	0.0164626	118.313	0.779289	0
13.6751	0.0169089	116.81	0.802841	0
13.6891	0.0166709	118.998	0.778947	0
13.7235	0.0169839	118.714	0.771096	0
13.6993	0.017011	116.526	0.77451	0
13.7019	0.0167031	118.564	0.792601	0
13.7457	0.0169845	118.18	0.805231	0
13.7048	0.0171272	117.795	0.782019	0
13.6714	0.0167559	118.013	0.799087	0
13.7003	0.016848	118.113	0.777241	0
13.7101	0.0165893	118.547	0.798404	0
13.7032	0.0168218	117.545	0.787481	0
13.6901	0.0174744	118.831	0.795673	0
13.704	0.0170532	117.411	0.782702	0
13.7312	0.0171209	118.864	0.785433	0
13.7128	0.0170117	117.745	0.799428	0
13.6909	0.0166975	117.177	0.77451	0
13.6873	0.0166412	117.144	0.791236	0
13.6872	0.0172397	119.232	0.801817	0
13.7015	0.016852	119.098	0.777582	0
13.6935	0.0171991	116.526	0.774168	0
13.6954	0.0173407	118.397	0.794649	0
13.7202	0.0172349	117.562	0.793966	0
13.723	0.0170675	117.061	0.790894	0
13.708	0.0170388	117.344	0.796014	0
13.7072	0.0170667	119.132	0.796356	0
13.7355	0.0173298	117.946	0.777923	0
13.7316	0.0170491	119.399	0.797038	0
13.7154	0.0167547	119.315	0.791918	0
13.7309	0.0168067	117.528	0.763245	0
13.716	0.0172519	116.61	0.805231	0
13.695	0.0171355	118.23	0.772803	0
13.7108	0.0171567	118.714	0.791236	0
13.7226	0.0170043	118.38	0.790894	0
13.7075	0.0170632	117.411	0.770755	0
13.7046	0.0172211	119.616	0.787139	0
13.7131	0.0172155	118.096	0.786115	0
13.7075	0.0166376	117.044	0.806937	0
13.7146	0.0164798	118.564	0.780995	0
13.7053	0.0165006	117.946	0.797721	0
13.6995	0.017204	118.18	0.808986	0
13.721	0.017445	117.061	0.790212	0
13.7364	0.0169408	117.344	0.796356	0
13.7309	0.0170328	118.53	0.785433	0
13.7047	0.0170279	117.678	0.802159	0
13.7041	0.0173457	116.944	0.794308	0
13.7036	0.0170847	117.979	0.800111	0
13.7128	0.0169844	117.628	0.808644	0
13.7113	0.0171483	119.399	0.796014	0
13.6955	0.017058	117.411	0.793966	0
13.7039	0.0166325	117.645	0.807961	0
13.7046	0.0170886	118.681	0.796356	0
13.6983	0.0172865	116.61	0.781678	0
13.6916	0.0172225	117.678	0.792601	0
13.6868	0.0167728	117.662	0.794308	0
13.6887	0.0169383	117.879	0.807961	0
13.6958	0.0167061	117.678	0.790212	0
13.7187	0.0168728	117.929	0.791918	0
13.7067	0.017006	118.697	0.785774	0
13.69	0.0172844	116.676	0.801817	0
13.7008	0.0170934	117.829	0.79499	0
13.7124	0.0172389	117.979	0.773144	0
13.7152	0.0170685	118.564	0.79226	0
13.7108	0.0171434	116.209	0.781678	0
13.6963	0.0168494	118.313	0.759832	0
13.6996	0.0171169	117.194	0.82025	0
13.7091	0.0169813	117.328	0.799087	0
13.7332	0.0166776	118.196	0.790553	0
13.7405	0.0168564	118.998	0.778606	0
13.7302	0.0172166	117.244	0.791918	0
13.7256	0.0166935	117.712	0.801135	0
13.7257	0.0169807	118.714	0.792601	0
13.72	0.016794	117.428	0.769048	0
13.7107	0.0172132	118.731	0.785433	0
13.7175	0.0172806	118.53	0.79738	0
13.71	0.0170011	118.33	0.80762	0
13.6893	0.0170098	118.447	0.804889	0
13.6959	0.0170074	116.894	0.774851	0
13.7017	0.0176284	118.898	0.782361	0
13.7028	0.0171222	117.094	0.780313	0
13.7175	0.0168714	117.044	0.796014	0
13.7145	0.016973	120.401	0.804889	0
13.7062	0.0171154	116.159	0.771438	0
13.7057	0.0168305	117.829	0.781678	0
13.6821	0.0165632	118.63	0.791236	0
13.6817	0.0169839	118.347	0.792601	0
13.718	0.0166186	117.946	0.791577	0
13.721	0.0174683	119.349	0.78475	0
13.6989	0.0173613	117.712	0.783043	0
13.7055	0.0171615	119.633	0.801135	0
13.7361	0.0172492	117.495	0.787139	0
13.7099	0.0166785	118.848	0.798404	0
13.6679	0.0170189	118.196	0.783726	0
13.697	0.0169475	117.127	0.783385	0
13.7136	0.0171634	118.246	0.799769	0
13.685	0.0167889	119.232	0.802159	0
13.6891	0.0170481	117.612	0.805572	0
13.7024	0.0171796	118.196	0.799087	0
13.6805	0.0171728	118.497	0.769048	0
13.7104	0.0171474	117.511	0.783043	0
13.7488	0.0171693	116.91	0.799769	0
13.7285	0.017143	118.898	0.782019	0
13.705	0.016871	116.91	0.796356	0
13.6939	0.0166706	118.965	0.786115	0
13.7306	0.0167561	118.597	0.788846	0
13.7438	0.0167321	119.065	0.791236	0
13.6943	0.016717	117.278	0.778947	0
13.6856	0.0169914	117.094	0.791918	0
13.7127	0.0169478	118.848	0.778606	0
13.7084	0.0171425	117.678	0.787822	0
13.6906	0.0172751	118.664	0.776899	0
13.71	0.0174217	117.996	0.812058	0
13.7148	0.0169321	117.244	0.782702	0
13.7116	0.0176059	117.795	0.769731	0
13.7387	0.0167615	117.595	0.782702	0
13.7218	0.0172664	117.879	0.78987	0
13.6902	0.0169857	120.401	0.787822	0
13.718	0.0169309	117.946	0.79226	0
13.7316	0.0171181	118.146	0.802841	0
13.7148	0.0175655	118.113	0.766318	0
13.6978	0.0171518	117.896	0.794649	0
13.6911	0.0167859	117.278	0.791577	0
13.6896	0.0171129	118.079	0.783043	0
13.7037	0.0171012	118.013	0.788505	0
13.7315	0.0168151	118.764	0.774168	0
13.72	0.0169712	118.33	0.777923	0
13.691	0.01694	116.894	0.80762	0
13.6835	0.017124	117.962	0.796014	0
13.7053	0.0172339	118.48	0.795332	0
13.7114	0.017135	118.463	0.802841	0
13.6926	0.0172072	118.079	0.78987	0
13.6862	0.0167444	117.729	0.783385	0
13.6892	0.0169835	117.294	0.789188	0
13.7038	0.0169154	117.428	0.783043	0
13.7019	0.0169389	118.313	0.787481	0
13.702	0.0171552	118.881	0.796356	0
13.7124	0.0173145	117.478	0.788846	0
13.7093	0.0170911	117.411	0.796014	0
13.7276	0.0170727	118.23	0.788164	0
13.7339	0.0170038	117.762	0.780313	0
13.7074	0.0168878	117.211	0.805913	0
13.6912	0.0169408	118.28	0.795332	0
13.6994	0.0170482	117.528	0.793284	0
13.7316	0.0170326	119.081	0.822298	0
13.7325	0.0170904	116.526	0.802159	0
13.715	0.0168863	118.296	0.807279	0
13.7221	0.0168126	117.211	0.795673	0
13.7323	0.0172809	116.827	0.796697	0
13.7046	0.0170343	117.896	0.774851	0
13.687	0.0169132	119.8	0.77212	0
13.6942	0.0165244	117.678	0.786115	0
13.6871	0.017105	118.146	0.792601	0
13.72	0.0168683	116.743	0.79738	0
13.7172	0.0170882	118.848	0.79738	0
13.6833	0.0168154	118.764	0.759832	0
13.6867	0.0169196	118.914	0.79499	0
13.697	0.017222	117.511	0.76939	0
13.6698	0.0171222	117.762	0.787481	0
13.6572	0.016606	117.979	0.800793	0
13.71	0.0168824	118.363	0.805913	0
13.7015	0.0168908	118.514	0.804548	0
13.6617	0.0170261	118.881	0.786798	0
13.713	0.0172827	117.745	0.805572	0
13.7314	0.0168249	117.929	0.783385	0
13.7283	0.0172169	117.445	0.784409	0
13.7276	0.0172662	116.392	0.774168	0
13.6771	0.0168154	117.662	0.771779	0
13.686	0.0166788	116.827	0.796697	0
13.7141	0.0164008	117.896	0.776558	0
13.7053	0.0166671	118.948	0.78475	0
13.7185	0.0168998	117.645	0.789188	0
13.7377	0.0170893	118.33	0.792942	0
13.7197	0.0169684	117.678	0.798063	0
13.697	0.0168122	119.649	0.772803	0
13.7097	0.0169852	117.879	0.778947	0
13.7003	0.0174179	117.879	0.795332	0
13.6925	0.0170811	118.814	0.783385	0
13.7054	0.0171486	117.712	0.786457	0
13.69	0.0176224	118.681	0.785774	0
13.6971	0.0173228	116.693	0.80762	0
13.6968	0.0170045	118.697	0.789188	0
13.6628	0.017336	117.244	0.790212	0
13.676	0.0168508	117.929	0.776899	0
13.7013	0.017497	116.86	0.793625	0
13.6962	0.0172056	118.514	0.81001	0
13.6899	0.016907	117.328	0.799087	0
13.708	0.016968	118.43	0.792601	0
13.7281	0.0168678	118.681	0.780313	0
13.7162	0.017013	120.067	0.797038	0
13.7172	0.0169889	118.347	0.793625	0
13.7098	0.0167198	117.161	0.787481	0
13.6995	0.0166024	117.411	0.798745	0
13.7152	0.0169273	118.347	0.781337	0
13.724	0.0171043	117.228	0.778947	0
13.7024	0.0168663	116.392	0.789188	0
13.6695	0.0167746	117.311	0.799428	0
13.6864	0.0170925	119.916	0.792942	0
13.7301	0.0176635	117.829	0.789188	0
13.7222	0.0166035	116.877	0.776558	0
13.6926	0.0170896	118.731	0.770414	0
13.7211	0.0168333	117.678	0.799769	0
13.7108	0.0168804	117.628	0.78987	0
13.6895	0.0168251	118.079	0.783726	0
13.7144	0.0171714	118.447	0.786115	0
13.7171	0.0166652	117.729	0.799428	0
13.7121	0.0171187	119.098	0.788505	0
13.71	0.0171664	117.562	0.794649	0
13.6859	0.0170007	117.695	0.780995	0
13.6834	0.0169613	117.946	0.804548	0
13.707	0.0172119	117.912	0.79226	0
13.7172	0.0170188	118.797	0.797038	0
13.7268	0.017267	116.61	0.816154	0
13.7226	0.0172309	118.33	0.801135	0
13.7234	0.0172239	118.998	0.773827	0
13.7302	0.0168993	117.562	0.81513	0
13.7039	0.0168947	117.846	0.813082	0
13.6854	0.0170384	117.545	0.797721	0
13.6933	0.0169579	117.044	0.805913	0
13.7071	0.0170061	118.948	0.79499	0
13.7074	0.0171952	117.729	0.810351	0
13.7072	0.0170327	116.877	0.787139	0
13.7388	0.0170658	118.831	0.794649	0
13.7412	0.0171541	118.965	0.789188	0
13.697	0.0177159	118.096	0.78987	0
13.6858	0.0172763	118.079	0.799428	0
13.7007	0.0169815	117.678	0.79738	0
13.6986	0.0168953	117.495	0.784409	0
13.7241	0.0168476	118.146	0.801476	0
13.7137	0.0168752	118.664	0.784067	0
13.6878	0.0168755	118.514	0.799769	0
13.7146	0.0169058	117.244	0.787139	0
13.7144	0.0168819	116.576	0.798745	0
13.6851	0.0171141	117.211	0.790894	0
13.6958	0.0166922	118.931	0.78987	0
13.733	0.0167225	118.38	0.790212	0
13.7307	0.0166779	117.562	0.792601	0
13.6924	0.0173248	118.096	0.780654	0
13.7028	0.0173384	118.213	0.790212	0
13.7224	0.017108	118.797	0.779289	0
13.7103	0.0164842	117.511	0.793625	0
13.7257	0.0171668	116.443	0.78987	0
13.7304	0.0173183	117.862	0.790212	0
13.6954	0.0168098	118.33	0.791577	0
13.7057	0.0166563	116.793	0.799428	0
13.7436	0.0171929	117.996	0.797721	0
13.7276	0.0168711	116.827	0.778947	0
13.7072	0.017176	117.445	0.806937	0
13.715	0.0171513	116.843	0.791236	0
13.7234	0.0168447	117.812	0.792601	0
13.7191	0.0173313	117.595	0.788164	0
13.7057	0.0168092	117.862	0.791918	0
13.6956	0.0172716	117.495	0.808303	0
13.6885	0.0172328	118.697	0.788505	0
13.6978	0.017442	118.397	0.805572	0
13.7095	0.0170425	117.562	0.79499	0
13.7026	0.0167859	116.509	0.797721	0
13.7247	0.016936	118.246	0.790894	0
13.7463	0.0169363	117.528	0.797721	0
13.7187	0.0167986	118.23	0.79738	0
13.6943	0.0173192	117.729	0.775192	0
13.7125	0.0174435	119.248	0.794308	0
13.733	0.0169753	117.879	0.802159	0
13.7123	0.0173387	116.476	0.781678	0
13.6882	0.0170733	119.215	0.808644	0
13.7024	0.0169954	118.296	0.787139	0
13.6928	0.016992	117.445	0.798404	0
13.6805	0.0167737	118.597	0.797038	0
13.7105	0.0171195	117.628	0.791918	0
13.712	0.0166588	117.261	0.79499	0
13.7095	0.0167046	118.096	0.801476	0
13.7222	0.0169561	116.61	0.778265	0
13.7034	0.0169081	117.461	0.81001	0
13.6861	0.0172203	116.409	0.781678	0
13.7008	0.016792	118.246	0.778947	0
13.7216	0.0163499	117.127	0.798404	0
13.7187	0.016705	117.678	0.773827	0
13.7143	0.0168472	119.783	0.810692	0
13.7241	0.0169188	117.428	0.791918	0
13.7161	0.0170714	118.697	0.792942	0
13.7123	0.0169522	117.127	0.78987	0
13.6976	0.0168009	117.361	0.790212	0
13.6723	0.0168274	117.244	0.782361	0
13.6857	0.0168962	118.38	0.797721	0
13.7092	0.0165355	118.313	0.800452	0
13.7074	0.0166706	118.347	0.799087	0
13.6967	0.016994	119.098	0.797038	0
13.6959	0.0172681	119.148	0.777241	0
13.7144	0.0168705	119.883	0.805572	0
13.7139	0.0171982	117.278	0.773486	0
13.694	0.016598	117.595	0.787481	0
13.6903	0.0172799	118.831	0.803524	0
13.6914	0.0171239	118.48	0.803865	0
13.6838	0.0169262	116.225	0.786798	0
13.6719	0.0176215	117.862	0.776216	0
13.6895	0.0168652	118.163	0.795332	0
13.6827	0.0175084	116.777	0.780313	0
13.6784	0.0166611	117.979	0.794649	0
13.7128	0.0166993	117.678	0.788505	0
13.7038	0.01696	118.397	0.798063	0
13.702	0.0173205	118.797	0.792942	0
13.7108	0.0174205	119.332	0.790553	0
13.6861	0.0173101	116.877	0.802841	0
13.6754	0.0172328	119.532	0.777923	0
13.69	0.0174899	117.879	0.766659	0
13.7001	0.0169171	117.461	0.77212	0
13.7098	0.0174136	118.831	0.786457	0
13.7236	0.0173918	118.447	0.77963	0
13.7086	0.0170493	118.413	0.805231	0
13.7026	0.0170593	117.745	0.805572	0
13.7152	0.0169707	117.411	0.791918	0
13.7148	0.0170679	118.53	0.777582	0
13.7251	0.017351	119.065	0.780313	0
13.7213	0.0171433	117.094	0.806255	0
13.7093	0.0167115	117.979	0.805913	0
13.7174	0.0171046	117.896	0.790553	0
13.7001	0.0168318	118.029	0.771096	0
13.6808	0.0170369	118.697	0.78987	0
13.6979	0.0172007	118.53	0.786115	0
13.7008	0.0175073	118.213	0.790894	0
13.7017	0.0169348	117.244	0.783726	0
13.712	0.0169073	118.747	0.792942	0
13.7083	0.0170469	116.292	0.795332	0
13.7048	0.0174436	118.397	0.784067	0
13.664	0.0165813	117.177	0.806255	0
13.6649	0.0166781	116.71	0.795332	0
13.7073	0.0173313	118.347	0.799769	0
13.6986	0.0169893	118.296	0.800111	0
13.6889	0.0170805	118.246	0.784409	0
13.7004	0.016658	117.161	0.787481	0
13.6785	0.0173388	118.681	0.774168	0
13.6669	0.016825	118.781	0.806937	0
13.6941	0.0170423	119.232	0.781678	0
13.7103	0.01708	116.71	0.778947	0
13.6897	0.0166994	118.848	0.801135	0
13.7067	0.0168164	118.38	0.780995	0
13.729	0.0167847	118.714	0.801135	0
13.6991	0.0166673	117.111	0.800793	0
13.6983	0.0165246	116.96	0.804207	0
13.716	0.0169636	118.714	0.791577	0
13.7156	0.0172069	118.129	0.787139	0
13.7144	0.0174388	117.395	0.785433	0
13.7011	0.0171567	117.795	0.779971	0
13.7074	0.0171181	118.296	0.794649	0
13.7192	0.0169809	118.28	0.768024	0
13.7011	0.0171211	116.877	0.781678	0
13.6916	0.0172375	116.66	0.780995	0
13.7203	0.0167768	119.566	0.778606	0
13.7161	0.0171117	117.946	0.78987	0
13.7002	0.0170127	119.232	0.801476	0
13.7064	0.0171492	117.795	0.805231	0
13.6986	0.0171854	117.946	0.808644	0
13.6892	0.0169443	117.461	0.79226	0
13.6894	0.0171788	117.027	0.800452	0
13.6945	0.0170268	118.413	0.795673	0
13.7086	0.0167678	118.113	0.788505	0
13.7151	0.0169921	117.528	0.774851	0
13.7166	0.0170531	117.762	0.795332	0
13.7166	0.0169507	117.795	0.800111	0
13.7021	0.01718	117.395	0.786798	0
13.6989	0.0168412	118.347	0.775534	0
13.7175	0.0173853	119.098	0.777582	0
13.7196	0.0169548	117.745	0.799769	0
13.7105	0.0172596	116.71	0.787822	0
13.6814	0.0175655	116.81	0.799428	0
13.682	0.0169111	116.994	0.790212	0
13.7039	0.0167212	117.511	0.803183	0
13.6988	0.0167266	118.53	0.779289	0
13.7004	0.0170275	118.23	0.81001	0
13.7032	0.0170895	118.664	0.802841	0
13.6936	0.016777	117.678	0.783726	0
13.7113	0.017044	118.163	0.813423	0
13.7277	0.016749	117.695	0.789188	0
13.7169	0.0169673	116.225	0.792601	0
13.7045	0.0171681	117.144	0.793966	0
13.6886	0.0166344	117.779	0.781337	0
13.6681	0.0169886	117.779	0.793966	0
13.6852	0.0171906	118.797	0.787822	0
13.703	0.0169079	118.246	0.795332	0
13.7187	0.0164678	117.445	0.778947	0
13.7195	0.016917	117.478	0.794308	0
13.6881	0.0172053	117.762	0.79738	0
13.7042	0.0167755	117.695	0.791918	0
13.7118	0.0170445	117.795	0.790553	0
13.6849	0.0168395	119.115	0.793625	0
13.6772	0.016831	118.213	0.802841	0
13.7016	0.0167045	118.931	0.798745	0
13.7164	0.0171406	118.363	0.782019	0
13.7076	0.0168171	117.094	0.799428	0
13.7034	0.0168995	117.795	0.786798	0
13.713	0.0171761	118.296	0.786115	0
13.6956	0.0168701	118.096	0.793284	0
13.6855	0.0171933	117.562	0.79499	0
13.712	0.0172799	117.061	0.787481	0
13.7347	0.0172444	118.747	0.799428	0
13.7245	0.016985	117.829	0.779289	0
13.6933	0.0170589	117.511	0.790894	0
13.7029	0.0168572	120.167	0.793625	0
13.716	0.01696	116.426	0.790553	0
13.6955	0.016769	117.428	0.77212	0
13.6773	0.0169168	118.63	0.808303	0
13.6796	0.016879	116.727	0.803524	0
13.71	0.0172681	117.712	0.785091	0
13.7189	0.0169746	117.595	0.779971	0
13.6951	0.0172509	117.912	0.772803	0
13.6803	0.0169278	118.564	0.793625	0
13.6727	0.0170332	117.712	0.784409	0
13.6761	0.0168986	117.795	0.777241	0
13.7137	0.0167726	118.363	0.783726	0
13.7111	0.017275	117.628	0.798745	0
13.68	0.0170223	118.28	0.796356	0
13.6875	0.017019	117.428	0.762563	0
13.7074	0.0174923	117.662	0.783385	0
13.6993	0.0173354	117.929	0.778265	0
13.6948	0.0171043	116.927	0.779289	0
13.7103	0.017089	117.896	0.806937	0
13.7295	0.017184	118.129	0.799428	0
13.7123	0.0173508	117.678	0.798063	0
13.6912	0.0169358	119.282	0.78987	0
13.7097	0.0168112	118.313	0.796356	0
13.7136	0.016656	116.493	0.780654	0
13.6715	0.0167573	118.931	0.801135	0
13.6692	0.0169747	118.113	0.814447	0
13.6743	0.0171919	117.511	0.770072	0
13.6901	0.0170644	117.662	0.786798	0
13.7331	0.0168626	118.764	0.764952	0
13.726	0.0172472	118.664	0.800793	0
13.7202	0.0169167	119.182	0.789188	0
13.7165	0.0167403	118.33	0.808986	0
13.6919	0.0170604	117.962	0.803183	0
13.7177	0.017435	117.361	0.788505	0
13.7341	0.0171364	117.946	0.805231	0
13.6994	0.0170251	117.562	0.773827	0
13.6959	0.0171481	117.829	0.804207	0
13.7057	0.0166939	118.063	0.768707	0
13.6941	0.0166248	117.445	0.776558	0
13.7207	0.0167227	117.595	0.797038	0
13.7219	0.0169137	117.428	0.785091	0
13.7137	0.0170087	118.079	0.804889	0
13.7099	0.0169115	117.562	0.792601	0
13.6944	0.0167542	116.209	0.772462	0
13.6899	0.0173908	118.48	0.803524	0
13.6917	0.0172828	118.714	0.788846	0
13.7187	0.0173267	118.898	0.788164	0
13.7149	0.0171026	118.079	0.78475	0
13.6821	0.0169602	117.311	0.765976	0
13.6969	0.0170128	118.029	0.79738	0
13.694	0.0175076	118.23	0.764611	0
13.6718	0.0167645	118.163	0.790212	0
13.6934	0.0169499	116.977	0.794308	0
13.718	0.0172115	117.979	0.798063	0
13.719	0.0172758	120.067	0.799087	0
13.7018	0.0172289	116.593	0.787139	0
13.6888	0.0170623	117.177	0.822298	0
13.6877	0.017461	117.829	0.784067	0
13.6877	0.0170894	117.979	0.793284	0
13.6941	0.0169972	117.495	0.785433	0
13.6924	0.0170007	118.413	0.776558	0
13.7001	0.0171692	117.762	0.787139	0
13.7252	0.0171801	118.931	0.803865	0
13.7213	0.017029	118.43	0.780313	0
13.7029	0.0174637	117.311	0.787139	0
13.6824	0.0169416	119.8	0.790553	0
13.6919	0.0171617	118.046	0.817519	0
13.7226	0.0171608	117.929	0.799087	0
13.741	0.0173688	119.733	0.79738	0
13.7121	0.0169542	117.177	0.795673	0
13.6979	0.0168059	118.664	0.785774	0
13.7054	0.0166768	115.992	0.801817	0
13.7121	0.0170151	117.962	0.777582	0
13.7454	0.0167604	117.795	0.771779	0
13.7258	0.0168005	117.862	0.788505	0
13.6853	0.0172472	119.232	0.791577	0
13.6852	0.0165596	117.445	0.781337	0
13.6944	0.016939	118.864	0.811034	0
13.6914	0.0167236	116.493	0.776558	0
13.6891	0.0167567	118.213	0.784409	0
13.6895	0.0166501	117.044	0.777582	0
13.6923	0.0167436	118.413	0.81001	0
13.7086	0.0166438	117.378	0.790553	0
13.6904	0.0169764	117.879	0.788505	0
13.6773	0.0172326	119.983	0.789188	0
13.7277	0.0165335	117.261	0.759491	0
13.7275	0.0168104	116.843	0.778265	0
13.6855	0.0166301	117.344	0.772462	0
13.69	0.0167839	117.461	0.792601	0
13.6923	0.0166549	117.745	0.773144	0
13.6907	0.0171872	117.729	0.77212	0
13.7208	0.0171512	117.645	0.782702	0
13.713	0.017286	116.359	0.801476	0
13.6852	0.017328	118.747	0.77963	0
13.6897	0.0173604	119.065	0.77963	0
13.6919	0.017058	117.896	0.801135	0
13.703	0.0172572	118.347	0.811716	0
13.7244	0.0166042	118.063	0.805231	0
13.7147	0.016845	116.392	0.801135	0
13.7168	0.0169496	118.697	0.79226	0
13.718	0.017276	118.196	0.786115	0
13.6916	0.0171141	118.079	0.801476	0
13.6985	0.0169817	116.225	0.789529	0
13.6812	0.0167813	118.463	0.805913	0
13.667	0.0165969	116.092	0.781337	0
13.7019	0.0168876	119.115	0.778947	0
13.7167	0.0169136	118.23	0.78475	0
13.6972	0.0168146	117.211	0.795332	0
13.7087	0.01686	117.177	0.783043	0
13.7072	0.0168434	118.029	0.793625	0
13.6924	0.0176521	117.829	0.809327	0
13.7018	0.0171192	117.027	0.784067	0
13.684	0.0175026	118.914	0.794308	0
13.6793	0.0172776	116.493	0.802159	0
13.7001	0.0169857	117.678	0.802841	0
13.7095	0.0170392	117.712	0.79738	0
13.7074	0.0170566	118.046	0.793966	0
13.7114	0.0165012	117.027	0.798404	0
13.7123	0.0166967	117.261	0.795332	0
13.7221	0.0168919	118.013	0.778947	0
13.7125	0.0173464	117.428	0.799087	0
13.6897	0.0167632	117.344	0.798404	0
13.7157	0.0167504	116.894	0.77451	0
13.7228	0.0165038	117.361	0.793966	0
13.6907	0.0174349	118.397	0.81786	0
13.6904	0.0170561	117.662	0.807961	0
13.7039	0.017172	117.979	0.803524	0
13.6819	0.0167428	118.129	0.764952	0
13.6912	0.0169507	118.514	0.78987	0
13.7248	0.0167471	118.363	0.783726	0
13.6972	0.0167335	117.912	0.789529	0
13.6784	0.0171019	117.962	0.778606	0
13.7028	0.0170957	119.282	0.793284	0
13.7052	0.0168052	117.745	0.78475	0
13.6894	0.0167161	117.896	0.782361	0
13.7056	0.0170947	118.797	0.808986	0
13.7238	0.0174978	115.223	0.791918	0
13.7046	0.0170099	118.48	0.77963	0
13.7005	0.0169844	118.764	0.778606	0
13.7157	0.0172576	117.729	0.760515	0
13.7166	0.0171291	118.597	0.774851	0
13.7086	0.0173995	117.228	0.787822	0
13.7169	0.0171595	118.196	0.787139	0
13.7176	0.0169906	116.86	0.807961	0
13.6881	0.0169443	119.165	0.813764	0
13.7032	0.0172908	116.96	0.778265	0
13.709	0.0173481	118.43	0.778606	0
13.7066	0.017024	118.246	0.788164	0
13.7399	0.0169552	117.495	0.789529	0
13.7116	0.0170567	118.747	0.803524	0
13.6926	0.0172783	117.278	0.778265	0
13.7051	0.0170301	117.478	0.799769	0
13.6711	0.0167147	118.597	0.805913	0
13.6582	0.0165691	116.777	0.790212	0
13.6791	0.0165604	117.378	0.779971	0
13.706	0.0166402	117.378	0.811375	0
13.7003	0.0172601	116.777	0.785433	0
13.6677	0.0166023	119.198	0.794308	0
13.7089	0.0174922	116.493	0.766318	0
13.7279	0.0171953	118.731	0.794308	0
13.6949	0.0172893	118.814	0.816154	0
13.7077	0.0171765	118.831	0.805913	0
13.7095	0.016889	116.827	0.776899	0
13.6863	0.0166329	118.697	0.792601	0
13.6848	0.0170936	117.795	0.79499	0
13.7134	0.0171523	116.626	0.785774	0
13.7172	0.0170693	117.578	0.780995	0
13.6993	0.0169494	117.127	0.778947	0
13.7175	0.0169525	117.278	0.781678	0
13.7271	0.0166483	118.18	0.773486	0
13.7018	0.0163732	119.165	0.79499	0
13.6826	0.0166674	119.399	0.777923	0
13.6992	0.0165442	116.559	0.775192	0
13.7083	0.0172599	117.879	0.785091	0
13.6906	0.0166767	118.263	0.796697	0
13.688	0.0174265	116.008	0.790894	0
13.6852	0.0172184	118.447	0.787139	0
13.6946	0.0169231	117.862	0.79226	0
13.7116	0.0168538	117.278	0.789529	0
13.7149	0.0169209	117.996	0.813764	0
13.7089	0.0168763	118.547	0.804207	0
13.7155	0.0170396	117.578	0.775192	0
13.7206	0.0166279	118.497	0.788505	0
13.6847	0.0171707	117.144	0.793284	0
13.6677	0.0166475	116.994	0.79738	0
13.7108	0.0170178	117.562	0.798745	0
13.7142	0.0171223	116.493	0.78987	0
13.6862	0.0172653	117.127	0.774851	0
13.6939	0.0174737	118.029	0.788846	0
13.7232	0.0171992	117.779	0.797038	0
13.7064	0.0170723	118.129	0.770755	0
13.7027	0.0168209	117.194	0.79226	0
13.7133	0.0169465	119.048	0.79738	0
13.7287	0.016718	119.065	0.791577	0
13.7149	0.0167542	117.628	0.782019	0
13.6812	0.0171994	116.376	0.791577	0
13.6723	0.0168542	118.781	0.775534	0
13.7181	0.0169885	117.261	0.798404	0
13.7295	0.0169146	118.28	0.791236	0
13.7149	0.0168656	116.443	0.782702	0
13.7141	0.0168445	118.447	0.790553	0
13.7115	0.0172577	117.612	0.777241	0
13.6942	0.0170457	118.046	0.791236	0
13.6819	0.0171432	119.733	0.816836	0
13.668	0.0169518	116.91	0.785774	0
13.6819	0.016504	118.831	0.800793	0
13.7253	0.0171288	116.125	0.769731	0
13.741	0.0167822	116.777	0.79499	0
13.7099	0.0163667	118.146	0.790553	0
13.7045	0.017012	117.545	0.795332	0
13.7218	0.0169763	118.614	0.780995	0
13.7336	0.0174741	116.91	0.77963	0
13.7238	0.0167149	117.378	0.784067	0
13.6926	0.017027	118.263	0.785091	0
13.6819	0.0170017	116.91	0.790212	0
13.6923	0.0172903	116.71	0.787481	0
13.7033	0.0168081	118.564	0.770755	0
13.724	0.0170344	118.564	0.802841	0
13.6986	0.016831	117.979	0.800793	0
13.6828	0.017332	117.829	0.787481	0
13.713	0.0167729	117.478	0.781337	0
13.7088	0.0170578	118.33	0.819226	0
13.6874	0.0168468	115.374	0.78987	0
13.6851	0.0166727	118.43	0.77963	0
13.6939	0.0165867	116.576	0.779289	0
13.6864	0.0166447	118.163	0.803183	0
13.7004	0.0166564	118.397	0.787481	0
13.7239	0.0167654	119.299	0.783385	0
13.7488	0.0169996	117.211	0.786115	0
13.7427	0.0171858	118.313	0.784409	0
13.7175	0.016918	117.812	0.784067	0
13.7134	0.0171932	117.628	0.821615	0
13.7049	0.0167031	118.43	0.798063	0
13.6849	0.0168992	117.361	0.789188	0
13.7019	0.0168943	117.228	0.806937	0
13.7128	0.0167965	119.215	0.800452	0
13.6909	0.0175689	117.228	0.789529	0
13.7019	0.0171604	116.175	0.790553	0
13.7185	0.0167175	117.879	0.791577	0
13.7052	0.0170895	117.879	0.777923	0
13.7017	0.0169443	117.829	0.789529	0
13.6993	0.0170367	117.645	0.780995	0
13.6852	0.0170115	117.161	0.793625	0
13.6869	0.0173367	117.745	0.766659	0
13.7046	0.0166651	119.633	0.788505	0
13.7416	0.0169748	117.328	0.8025	0
13.7233	0.017078	117.962	0.798063	0
13.7039	0.0168489	117.395	0.806937	0
13.7106	0.0169183	118.413	0.776558	0
13.6921	0.0172655	117.729	0.761197	0
13.7044	0.0170226	119.332	0.800452	0
13.7359	0.0175112	119.265	0.794649	0
13.7124	0.0171097	117.01	0.780313	0
13.721	0.0169358	117.495	0.804889	0
13.7333	0.0168565	117.111	0.782702	0
13.6808	0.0168141	116.994	0.804207	0
13.6891	0.0170057	118.514	0.798404	0
13.7367	0.0169152	117.445	0.811034	0
13.7154	0.0169799	117.395	0.790894	0
13.7035	0.0172299	119.566	0.818202	0
13.703	0.0167624	117.545	0.779971	0
13.685	0.0165076	117.261	0.790553	0
13.6768	0.0169764	117.194	0.77451	0
13.688	0.0171909	118.48	0.788846	0
13.7027	0.0171854	118.23	0.797038	0
13.695	0.016977	117.896	0.79499	0
13.6894	0.0170699	118.313	0.771779	0
13.7071	0.0169694	118.48	0.794649	0
13.6879	0.0168352	117.378	0.806255	0
13.6835	0.0166421	116.209	0.786115	0
13.6863	0.0167878	117.712	0.795673	0
13.6921	0.0173607	117.545	0.786115	0
13.7128	0.0169918	116.593	0.785433	0
13.7014	0.0174046	118.447	0.793625	0
13.7096	0.0168986	118.347	0.780995	0
13.717	0.0173875	118.38	0.785433	0
13.6984	0.0168479	116.242	0.788846	0
13.706	0.016553	120.251	0.77451	0
13.721	0.0166613	117.628	0.778606	0
13.7064	0.0168753	118.129	0.804889	0
13.715	0.0163486	117.044	0.80762	0
0	0	0	0	0
0	0	0	0	0
0	0	0	0	0
0	0	0	0	0
0	0	0	0	0
0	0	0	0	0
0	0	0	0	0
0	0	0	0	0
0	0	0	0	0
0	0	0	0	0
0	0	0	0	0
0	0	0	0	0
0	0	0	0	0
0	0	0	0	0
0	0	0	0	0
0	0	0	0	0
0	0	0	0	0
0	0	0	0	0
0	0	0	0	0
0	0	0	0	0
0	0	0	0	0
0	0	0	0	0
0	0	0	0	0
0	0	0	0	0
0	0	0	0	0
0	0	0	0	0
0	0	0	0	0
0	0	0	0	0
0	0	0	0	0
0	0	0	0	0
0	0	0	0	0
0	0	0	0	0
0	0	0	0	0
0	0	0	0	0
0	0	0	0	0
0	0	0	0	0
0	0	0	0	0
0	0	0	0	0
0	0	0	0	0
0	0	0	0	0
0	0	0	0	0
0	0	0	0	0
0	0	0	0	0
0	0	0	0	0
0	0	0	0	0
0	0	0	0	0
0	0	0	0	0
0	0	0	0	0
0	0	0	0	0
0	0	0	0	0
0	0	0	0	0
0	0	0	0	0
0	0	0	0	0
0	0	0	0	0
0	0	0	0	0
0	0	0	0	0
0	0	0	0	0
0	0	0	0	0
0	0	0	0	0
0	0	0	0	0
0	0	0	0	0
0	0	0	0	0
0	0	0	0	0
0	0	0	0	0
0	0	0	0	0
0	0	0	0	0
0	0	0	0	0
0	0	0	0	0
0	0	0	0	0
0	0	0	0	0
0	0	0	0	0
0	0	0	0	0
0	0	0	0	0
0	0	0	0	0
0	0	0	0	0
0	0	0	0	0
0	0	0	0	0
0	0	0	0	0
0	0	0	0	0
0	0	0	0	0
0	0	0	0	0
0	0	0	0	0
0	0	0	0	0
0	0	0	0	0
0	0	0	0	0
0	0	0	0	0
0	0	0	0	0
0	0	0	0	0
0	0	0	0	0
0	0	0	0	0
0	0	0	0	0
0	0	0	0	0
0	0	0	0	0
0	0	0	0	0
0	0	0	0	0
0	0	0	0	0
0	0	0	0	0
0	0	0	0	0
0	0	0	0	0
0	0	0	0	0
0	0	0	0	0
0	0	0	0	0
0	0	0	0	0
0	0	0	0	0
0	0	0	0	0
0	0	0	0	0
0	0	0	0	0
0	0	0	0	0
0	0	0	0	0
0	0	0	0	0
0	0	0	0	0
0	0	0	0	0
0	0	0	0	0
0	0	0	0	0
0	0	0	0	0
0	0	0	0	0
0	0	0	0	0
0	0	0	0	0
0	0	0	0	0
0	0	0	0	0
0	0	0	0	0
0	0	0	0	0
0	0	0	0	0
0	0	0	0	0
0	0	0	0	0
0	0	0	0	0
0	0	0	0	0
0	0	0	0	0
0	0	0	0	0
0	0	0	0	0
0	0	0	0	0
0	0	0	0	0
0	0	0	0	0
0	0	0	0	0
0	0	0	0	0
0	0	0	0	0
0	0	0	0	0
0	0	0	0	0
0	0	0	0	0
0	0	0	0	0
0	0	0	0	0
0	0	0	0	0
0	0	0	0	0
0	0	0	0	0
0	0	0	0	0
0	0	0	0	0
0	0	0	0	0
0	0	0	0	0
0	0	0	0	0
0	0	0	0	0
0	0	0	0	0
0	0	0	0	0
0	0	0	0	0
0	0	0	0	0
0	0	0	0	0
0	0	0	0	0
0	0	0	0	0
0	0	0	0	0
0	0	0	0	0
0	0	0	0	0
0	0	0	0	0
0	0	0	0	0
0	0	0	0	0
0	0	0	0	0
0	0	0	0	0
0	0	0	0	0
0	0	0	0	0
0	0	0	0	0
0	0	0	0	0
0	0	0	0	0
0	0	0	0	0
0	0	0	0	0
0	0	0	0	0
0	0	0	0	0
0	0	0	0	0
0	0	0	0	0
0	0	0	0	0
0	0	0	0	0
0	0	0	0	0
0	0	0	0	0
0	0	0	0	0
0	0	0	0	0
0	0	0	0	0
0	0	0	0	0
0	0	0	0	0
0	0	0	0	0
0	0	0	0	0
0	0	0	0	0
0	0	0	0	0
0	0	0	0	0
0	0	0	0	0
0	0	0	0	0
0	0	0	0	0
0	0	0	0	0
0	0	0	0	0
0	0	0	0	0
0	0	0	0	0
0	0	0	0	0
0	0	0	0	0
0	0	0	0	0
0	0	0	0	0
0	0	0	0	0
0	0	0	0	0
0	0	0	0	0
0	0	0	0	0
0	0	0	0	0
0	0	0	0	0
0	0	0	0	0
0	0	0	0	0
0	0	0	0	0
0	0	0	0	0
0	0	0	0	0
0	0	0	0	0
0	0	0	0	0
0	0	0	0	0
0	0	0	0	0
0	0	0	0	0
0	0	0	0	0
0	0	0	0	0
0	0	0	0	0
0	0	0	0	0
0	0	0	0	0
0	0	0	0	0
0	0	0	0	0
0	0	0	0	0
0	0	0	0	0
0	0	0	0	0
0	0	0	0	0
0	0	0	0	0
0	0	0	0	0
0	0	0	0	0
0	0	0	0	0
0	0	0	0	0
0	0	0	0	0
0	0	0	0	0
0	0	0	0	0
0	0	0	0	0
0	0	0	0	0
0	0	0	0	0
0	0	0	0	0
0	0	0	0	0
0	0	0	0	0
0	0	0	0	0
0	0	0	0	0
0	0	0	0	0
0	0	0	0	0
0	0	0	0	0
0	0	0	0	0
0	0	0	0	0
0	0	0	0	0
0	0	0	0	0
0	0	0	0	0
0	0	0	0	0
0	0	0	0	0
0	0	0	0	0
0	0	0	0	0
0	0	0	0	0
0	0	0	0	0
0	0	0	0	0
0	0	0	0	0
0	0	0	0	0
0	0	0	0	0
0	0	0	0	0
0	0	0	0	0
0	0	0	0	0
0	0	0	0	0
0	0	0	0	0
0	0	0	0	0
0	0	0	0	0
0	0	0	0	0
0	0	0	0	0
0	0	0	0	0
0	0	0	0	0
0	0	0	0	0
0	0	0	0	0
0	0	0	0	0
0	0	0	0	0
0	0	0	0	0
0	0	0	0	0
0	0	0	0	0
0	0	0	0	0
0	0	0	0	0
0	0	0	0	0
0	0	0	0	0
0	0	0	0	0
0	0	0	0	0
0	0	0	0	0
0	0	0	0	0
0	0	0	0	0
0	0	0	0	0
0	0	0	0	0
0	0	0	0	0
0	0	0	0	0
0	0	0	0	0
0	0	0	0	0
0	0	0	0	0
0	0	0	0	0
0	0	0	0	0
0	0	0	0	0
0	0	0	0	0
0	0	0	0	0
0	0	0	0	0
0	0	0	0	0
0	0	0	0	0
0	0	0	0	0
0	0	0	0	0
0	0	0	0	0
0	0	0	0	0
0	0	0	0	0
0	0	0	0	0
0	0	0	0	0
0	0	0	0	0
0	0	0	0	0
0	0	0	0	0
0	0	0	0	0
0	0	0	0	0
0	0	0	0	0
0	0	0	0	0
0	0	0	0	0
0	0	0	0	0
0	0	0	0	0
0	0	0	0	0
0	0	0	0	0
0	0	0	0	0
0	0	0	0	0
0	0	0	0	0
0	0	0	0	0
0	0	0	0	0
0	0	0	0	0
0	0	0	0	0
0	0	0	0	0
0	0	0	0	0
0	0	0	0	0
0	0	0	0	0
0	0	0	0	0
0	0	0	0	0
0	0	0	0	0
0	0	0	0	0
0	0	0	0	0
0	0	0	0	0
0	0	0	0	0
0	0	0	0	0
0	0	0	0	0
0	0	0	0	0
0	0	0	0	0
0	0	0	0	0
0	0	0	0	0
0	0	0	0	0
0	0	0	0	0
0	0	0	0	0
0	0	0	0	0
0	0	0	0	0
0	0	0	0	0
0	0	0	0	0
0	0	0	0	0
0	0	0	0	0
0	0	0	0	0
0	0	0	0	0
0	0	0	0	0
0	0	0	0	0
0	0	0	0	0
0	0	0	0	0
0	0	0	0	0
0	0	0	0	0
0	0	0	0	0
0	0	0	0	0
0	0	0	0	0
0	0	0	0	0
0	0	0	0	0
0	0	0	0	0
0	0	0	0	0
0	0	0	0	0
0	0	0	0	0
0	0	0	0	0
0	0	0	0	0
0	0	0	0	0
0	0	0	0	0
0	0	0	0	0
0	0	0	0	0
0	0	0	0	0
0	0	0	0	0
0	0	0	0	0
0	0	0	0	0
0	0	0	0	0
0	0	0	0	0
0	0	0	0	0
0	0	0	0	0
0	0	0	0	0
0	0	0	0	0
0	0	0	0	0
0	0	0	0	0
0	0	0	0	0
0	0	0	0	0
0	0	0	0	0
0	0	0	0	0
0	0	0	0	0
0	0	0	0	0
0	0	0	0	0
0	0	0	0	0
0	0	0	0	0
