a2610514.050174
Narit-cm 05/01/2026 13:35:00 05/01/2026 14:05:01 0045 0013.384714 0052.542598 00.0 00.0
0002399 0010 0000000 0010 05 0000000 0010 0000000 0010
1 0 1 01600 1 0000 3.75 00000.o 0 0 01 000 16 002399 0.500 BT0
1 2 1 02000 1 0000 3.75 00000.o 0 0 01 000 16 002399 0.500 S2A0
1 1 1 01600 1 0000 3.75 00000.o 0 0 00 000 00 002399 3.1746 BC0
1 3 1 02000 1 0000 3.75 00000.o 0 0 00 000 00 002399 3.1746 S2P0
1 5 0 01600 0 0000 1.00 00000.o 0 0 00 000 00 000000 0.000 OF0
0.000 .o Analog 0 	0.000 .o Analog StErr 0 	0.000 .o Photon Counting 0 	0.000 .o PC StErr 0 	0.000 .o Overflow Info 0 
26.8539	0.087559	156.932	0.824668	0
44.018	0.145537	161.467	0.835564	0
103.146	0.674656	85.2855	1.16448	0
282.441	1.40421	0.483535	0.092273	0
478.87	0.626477	29.4456	0.802196	1
499.978	0.0156347	148.695	1.26492	1
499.989	0.0110577	141.292	1.29352	1
500	0	36.9487	0.814454	1
500	0	22.8429	0.611181	1
500	0	46.1192	0.823987	1
500	0	88.7703	1.01194	1
500	0	146.344	1.0814	1
500	0	168.954	1.0242	1
500	0	146.278	1.02692	1
500	0	122.251	1.04224	1
500	0	115.081	0.986742	1
500	0	118.366	0.99219	1
500	0	120.75	0.984358	1
498.319	0.0882649	120.934	0.975506	1
472.003	0.32113	127.937	0.967334	1
430.544	0.327061	147.345	0.97823	1
392.254	0.298402	167.07	0.948607	0
358.535	0.275412	185.461	0.933285	0
328.418	0.248803	192.864	0.931582	0
301.684	0.227046	199.216	0.90911	0
278.152	0.212243	199.316	0.918644	0
257.225	0.193605	199.15	0.873699	0
238.466	0.17571	196.115	0.915579	0
221.641	0.163552	196.965	0.891404	0
206.495	0.152737	192.647	0.910131	0
192.736	0.144603	192.697	0.927496	0
180.118	0.139093	188.162	0.871316	0
168.476	0.132268	186.594	0.886638	0
157.58	0.127602	185.294	0.887319	0
147.236	0.125863	185.16	0.897533	0
137.373	0.121534	182.359	0.892426	0
128.14	0.117294	179.642	0.874039	0
119.437	0.116456	179.108	0.88834	0
111.096	0.116401	176.524	0.878466	0
103.171	0.113616	174.156	0.872677	0
95.6813	0.11167	174.289	0.878125	0
88.5423	0.11197	170.971	0.875061	0
81.6603	0.110007	170.855	0.871316	0
75.0471	0.108662	168.854	0.868932	0
68.7662	0.108826	168.454	0.868251	0
62.8157	0.106365	167.503	0.87438	0
57.2356	0.103361	164.102	0.848162	0
51.9887	0.101177	162.268	0.890383	0
47.13	0.0965901	160.767	0.854631	0
42.7789	0.0904882	159.433	0.837266	0
38.8612	0.0850402	158.516	0.818199	0
35.3603	0.0778122	155.682	0.835904	0
32.3607	0.06973	153.08	0.849184	0
29.8704	0.062666	152.28	0.830457	0
27.8059	0.0555135	149.812	0.821604	0
26.094	0.0482663	148.429	0.834883	0
24.7652	0.0425353	147.145	0.808665	0
23.7268	0.0375124	145.761	0.81888	0
22.8837	0.0323012	144.777	0.826371	0
22.2299	0.0297668	140.825	0.804579	0
21.6797	0.0282284	142.793	0.804579	0
21.2244	0.0266079	142.243	0.81888	0
20.8751	0.0252669	140.409	0.824328	0
20.5802	0.0243512	139.875	0.808325	0
20.2837	0.0233874	138.808	0.801515	0
20.0157	0.0233925	135.973	0.776659	0
19.8149	0.0228381	136.84	0.799812	0
19.6271	0.0225245	135.823	0.807644	0
19.474	0.0217058	137.19	0.802536	0
19.3572	0.0220722	133.256	0.797089	0
19.1965	0.0218452	135.44	0.802877	0
19.0319	0.0224825	133.889	0.813092	0
18.9133	0.0218438	133.822	0.802536	0
18.8444	0.0222399	132.405	0.803898	0
18.7491	0.0224039	133.172	0.799472	0
18.6259	0.0219485	132.305	0.800834	0
18.5222	0.0216993	131.905	0.796748	0
18.4358	0.0213587	131.338	0.803558	0
18.3862	0.0214839	131.438	0.800493	0
18.3267	0.0212336	132.005	0.822625	0
18.2364	0.0211894	130.038	0.807644	0
18.1593	0.0211384	130.621	0.800153	0
18.0751	0.0210367	130.604	0.816156	0
18.0025	0.021431	129.687	0.809687	0
17.9773	0.0208674	131.288	0.801515	0
17.9013	0.0206569	129.921	0.817177	0
17.7846	0.0203937	129.154	0.804579	0
17.7428	0.0205649	131.271	0.813092	0
17.7321	0.0208748	129.887	0.791641	0
17.6672	0.0204427	130.855	0.793684	0
17.6088	0.0206579	130.454	0.813432	0
17.602	0.0208893	130.738	0.798791	0
17.568	0.0203209	131.138	0.808665	0
17.4827	0.0202718	130.021	0.815475	0
17.4467	0.0204219	129.487	0.772914	0
17.4606	0.0202072	130.171	0.808325	0
17.4176	0.0211499	129.07	0.808325	0
17.3464	0.0203026	128.887	0.800493	0
17.3282	0.0199317	128.454	0.799472	0
17.3242	0.0204659	129.437	0.817177	0
17.2989	0.0197205	127.103	0.814454	0
17.2582	0.0203726	128.437	0.796748	0
17.2087	0.020037	127.97	0.779724	0
17.1822	0.0202899	127.553	0.786193	0
17.1655	0.020081	127.887	0.80492	0
17.1315	0.0204039	129.304	0.812751	0
17.1059	0.0200829	128.337	0.819901	0
17.0991	0.019929	127.97	0.813432	0
17.0504	0.0204206	129.554	0.797429	0
16.9895	0.0201181	127.353	0.791641	0
16.9484	0.0197699	128.253	0.793003	0
16.9311	0.019605	129.287	0.806282	0
16.9417	0.0195811	126.82	0.781426	0
16.9004	0.0202071	127.72	0.801515	0
16.8485	0.020215	127.837	0.789257	0
16.8169	0.0203578	128.387	0.788236	0
16.7825	0.0197517	128.837	0.793343	0
16.7526	0.0200638	127.22	0.810027	0
16.7252	0.0203545	129.321	0.788917	0
16.693	0.0199065	127.37	0.802536	0
16.6225	0.0196464	128.42	0.786193	0
16.5813	0.0203452	127.17	0.773595	0
16.5764	0.0202068	127.97	0.808665	0
16.5416	0.0195606	127.903	0.804239	0
16.5014	0.0197837	127.07	0.802877	0
16.4555	0.0194539	127.536	0.806282	0
16.4334	0.0196545	126.119	0.797089	0
16.4051	0.0194747	125.102	0.811049	0
16.3743	0.0198478	127.253	0.808325	0
16.3427	0.0195121	126.369	0.801174	0
16.2871	0.0195476	127.086	0.787214	0
16.2435	0.0193655	126.153	0.788917	0
16.2081	0.0195394	128.12	0.821604	0
16.1573	0.0198057	126.119	0.782788	0
16.1222	0.0192542	126.886	0.795386	0
16.0871	0.0196186	124.819	0.795386	0
16.0129	0.0190258	125.969	0.79811	0
15.9662	0.0189458	125.169	0.786533	0
15.9591	0.0195688	125.986	0.804239	0
15.9238	0.0197909	124.569	0.771552	0
15.8848	0.0196306	125.902	0.793003	0
15.8596	0.0196027	125.902	0.778702	0
15.7787	0.0199871	124.835	0.799472	0
15.728	0.0199715	126.053	0.797429	0
15.727	0.0191152	124.902	0.796067	0
15.675	0.0196473	124.602	0.798791	0
15.6479	0.0194557	124.218	0.783809	0
15.6506	0.0193801	124.619	0.786874	0
15.5785	0.0194315	124.802	0.79777	0
15.53	0.0189597	124.252	0.801174	0
15.5363	0.0192989	123.835	0.81922	0
15.4967	0.0194223	123.568	0.79777	0
15.429	0.0192724	124.652	0.800493	0
15.406	0.0193002	123.485	0.781766	0
15.4095	0.0190823	124.552	0.796408	0
15.3883	0.0190058	121.917	0.81207	0
15.3532	0.0191528	122.918	0.783128	0
15.3323	0.0189374	123.185	0.80526	0
15.2973	0.0190738	124.385	0.811049	0
15.246	0.0185915	122.968	0.793343	0
15.2025	0.0193294	123.035	0.802877	0
15.1748	0.0189669	121.467	0.789598	0
15.1707	0.0191805	123.235	0.793684	0
15.1382	0.0187663	122.501	0.813092	0
15.0835	0.0188639	122.601	0.780064	0
15.0726	0.0185339	122.918	0.796748	0
15.0488	0.0186161	123.051	0.776319	0
15.001	0.0183172	122.951	0.80526	0
14.9896	0.0179481	121.467	0.785512	0
14.9936	0.0185647	121.951	0.795046	0
14.9844	0.0187471	121.217	0.802877	0
14.9472	0.0187459	122.184	0.801174	0
14.9304	0.0190051	122.001	0.820242	0
14.9113	0.018482	123.435	0.784831	0
14.8653	0.0185199	121.484	0.810368	0
14.8507	0.0183068	121.701	0.779724	0
14.8405	0.0184696	121.251	0.799472	0
14.8409	0.0181667	120.5	0.780745	0
14.8284	0.0192241	121.567	0.789938	0
14.7711	0.0188253	120.617	0.787895	0
14.7586	0.0187357	122.868	0.801174	0
14.7797	0.0187492	122.835	0.806963	0
14.7305	0.0187909	119.933	0.799812	0
14.6835	0.0180533	121.984	0.822966	0
14.7129	0.0183579	121.484	0.799812	0
14.6801	0.0180093	121.751	0.79811	0
14.6417	0.0186218	120.9	0.79096	0
14.6609	0.0187507	120.1	0.805601	0
14.6486	0.018408	120.95	0.798791	0
14.6161	0.0183589	120.65	0.795046	0
14.587	0.0184049	120.517	0.783128	0
14.5663	0.0185556	120.817	0.814113	0
14.5631	0.0186403	119.783	0.783128	0
14.5721	0.0183722	121.184	0.783809	0
14.5719	0.0182181	121.467	0.790279	0
14.557	0.0183828	119.2	0.785512	0
14.5361	0.0182294	121.334	0.77019	0
14.5205	0.0180013	120.734	0.816156	0
14.5144	0.0181142	120.05	0.817177	0
14.5094	0.0180414	120.434	0.781766	0
14.4764	0.0178213	119.65	0.7913	0
14.4573	0.0178941	122.051	0.788236	0
14.4858	0.0179295	121.584	0.795386	0
14.4684	0.0179669	120.2	0.804239	0
14.4117	0.0177196	120.9	0.799131	0
14.424	0.0179208	121.384	0.778021	0
14.4426	0.0177944	121.701	0.785171	0
14.4295	0.017999	119.033	0.793003	0
14.4093	0.0181566	119.617	0.801174	0
14.4018	0.0178584	122.401	0.776659	0
14.369	0.0179191	119.233	0.794365	0
14.3342	0.0181303	119.867	0.805941	0
14.365	0.0178713	119.767	0.797429	0
14.3452	0.0177357	120.717	0.792662	0
14.3076	0.0179676	120.867	0.800153	0
14.3309	0.0182834	119.366	0.800153	0
14.3286	0.0179911	121.934	0.790279	0
14.2737	0.0180028	118.699	0.784831	0
14.2513	0.0176968	120.217	0.801855	0
14.2683	0.0176951	119.667	0.810027	0
14.2687	0.017721	119.883	0.794365	0
14.2808	0.0179041	119.883	0.799131	0
14.2419	0.0176482	121.217	0.78415	0
14.2082	0.0173022	117.749	0.775978	0
14.2284	0.0175799	119.483	0.812751	0
14.2087	0.0176381	120.65	0.751803	0
14.203	0.0174793	118.966	0.808665	0
14.1999	0.0175218	120.6	0.761337	0
14.1743	0.0176407	119.65	0.796067	0
14.1603	0.017776	119.35	0.792322	0
14.1531	0.0174075	120.617	0.765082	0
14.1551	0.0176662	118.783	0.774957	0
14.1881	0.017568	119.917	0.779043	0
14.2055	0.0175256	120.283	0.793003	0
14.1775	0.0178282	118.199	0.797089	0
14.1462	0.017877	120.117	0.767806	0
14.1186	0.0177865	119.066	0.799812	0
14.1135	0.0179408	119.45	0.795386	0
14.1438	0.0175151	118.483	0.758954	0
14.131	0.0175386	119.767	0.784831	0
14.1087	0.017732	119.633	0.786874	0
14.1205	0.0173609	117.682	0.81888	0
14.1108	0.0173621	120.017	0.789598	0
14.0826	0.0170737	119.133	0.817858	0
14.0616	0.0175202	119.216	0.77019	0
14.0577	0.0172549	119.683	0.814794	0
14.0815	0.0174634	119.5	0.795046	0
14.0767	0.0172951	119.783	0.788576	0
14.0525	0.017454	118.166	0.762359	0
14.0442	0.017291	118.916	0.79777	0
14.0376	0.0174543	119.483	0.793003	0
14.0353	0.0174189	118.149	0.796067	0
14.0377	0.0171903	119.266	0.802196	0
14.0361	0.0177214	120.033	0.779383	0
14.0697	0.0173131	118.316	0.814113	0
14.0488	0.0175397	118.616	0.770871	0
13.9767	0.0174977	118.099	0.80526	0
13.9992	0.017161	118.833	0.796748	0
14.0383	0.0169782	118.366	0.817858	0
14.0175	0.0173676	118.616	0.785852	0
14.0031	0.017373	118.716	0.797089	0
13.9943	0.0172729	120.333	0.787895	0
13.9641	0.0168205	117.866	0.788236	0
13.9541	0.0169465	118.449	0.799472	0
13.9943	0.0172368	119.45	0.79096	0
14.0068	0.0172931	118.916	0.80526	0
13.9713	0.0168718	119.516	0.787895	0
13.9699	0.017423	116.632	0.776659	0
13.9975	0.0177819	119.683	0.802196	0
14.0022	0.0172184	118.116	0.7913	0
13.9946	0.0170149	119.116	0.785171	0
14.0034	0.0170193	119.283	0.783469	0
13.988	0.0170708	117.566	0.789938	0
13.9503	0.0169512	118.283	0.79096	0
13.9685	0.0170101	119.283	0.800153	0
13.9981	0.0171253	118.316	0.771552	0
13.9639	0.0170997	117.616	0.796408	0
13.9363	0.0174098	118.699	0.807644	0
13.9608	0.017703	118.549	0.77053	0
13.963	0.0169195	118.049	0.78415	0
13.9486	0.0170806	118.299	0.796408	0
13.9553	0.0169066	119.05	0.775297	0
13.9536	0.0172582	119.433	0.786533	0
13.9474	0.0171455	118.683	0.782788	0
13.9362	0.0173743	118.9	0.795046	0
13.921	0.0171379	118.549	0.804579	0
13.9124	0.0170467	117.999	0.7913	0
13.9089	0.0168494	119.416	0.787214	0
13.9227	0.0167806	118.349	0.798791	0
13.9322	0.017234	117.149	0.795046	0
13.9222	0.0172494	119.35	0.787895	0
13.9233	0.017171	119.35	0.790619	0
13.9303	0.0169677	118.533	0.789598	0
13.9338	0.017551	117.716	0.803558	0
13.8911	0.0168877	118.016	0.786533	0
13.8663	0.0176238	118.349	0.79811	0
13.8778	0.0170899	118.616	0.7913	0
13.9047	0.0166989	119.083	0.782788	0
13.9109	0.0169556	116.882	0.773935	0
13.897	0.01743	117.899	0.780405	0
13.9375	0.0172389	119.566	0.78415	0
13.9727	0.0171561	118.816	0.785512	0
13.9087	0.0169693	118.599	0.801855	0
13.8806	0.0169185	118.599	0.774276	0
13.9143	0.0175149	118.449	0.791641	0
13.8975	0.0169117	117.649	0.784831	0
13.8702	0.016905	118.499	0.786874	0
13.9025	0.0172446	117.349	0.775638	0
13.8982	0.0172109	118.749	0.79811	0
13.8723	0.0169091	118.033	0.781426	0
13.8777	0.0177814	118.349	0.795727	0
13.8626	0.0169517	118.433	0.794705	0
13.8591	0.0170341	120.1	0.770871	0
13.8757	0.0172494	118.766	0.801855	0
13.8767	0.016938	118.333	0.788917	0
13.8651	0.0172109	118.649	0.823987	0
13.8857	0.0170708	117.732	0.78449	0
13.908	0.016718	119.566	0.777681	0
13.8854	0.0171195	118.833	0.803898	0
13.8755	0.0172446	116.949	0.771892	0
13.8785	0.0170427	118.083	0.78449	0
13.8563	0.0169043	117.599	0.772233	0
13.8521	0.0167858	119.683	0.807303	0
13.9002	0.0174124	117.849	0.778362	0
13.9053	0.0171448	117.599	0.79096	0
13.8572	0.0171066	118.266	0.824328	0
13.8544	0.0177288	116.765	0.795727	0
13.8787	0.0173674	117.966	0.781766	0
13.8733	0.0173005	117.482	0.779383	0
13.8626	0.0172909	118.799	0.785852	0
13.8631	0.0168582	118.016	0.791981	0
13.8597	0.0170153	117.482	0.802196	0
13.881	0.0172815	118.583	0.795727	0
13.8911	0.0173287	117.816	0.797089	0
13.852	0.0172635	116.715	0.807303	0
13.8516	0.0167479	118.683	0.76372	0
13.8874	0.0172759	120.1	0.796408	0
13.8903	0.0168127	117.616	0.802536	0
13.8647	0.0171917	118.616	0.794024	0
13.8506	0.0171706	117.632	0.799131	0
13.839	0.0172048	117.999	0.778702	0
13.8287	0.0170923	116.815	0.792662	0
13.8575	0.0170511	120.2	0.802877	0
13.8641	0.0168791	117.582	0.776659	0
13.8431	0.0171076	118.283	0.788576	0
13.8539	0.0170559	118.683	0.783128	0
13.8676	0.0172191	117.165	0.803217	0
13.8457	0.0172575	118.699	0.808665	0
13.8306	0.0170285	117.599	0.792662	0
13.8514	0.0168531	118.383	0.778021	0
13.8633	0.0166721	117.266	0.773935	0
13.8628	0.01692	117.616	0.780064	0
13.8815	0.0172338	117.632	0.787555	0
13.8617	0.0168786	118.483	0.786193	0
13.8348	0.0173009	117.566	0.816837	0
13.8557	0.0171815	117.349	0.786874	0
13.8552	0.0177602	117.282	0.793343	0
13.8394	0.0169346	117.266	0.785512	0
13.8591	0.0169093	118.499	0.792662	0
13.8475	0.0174163	117.832	0.782447	0
13.8391	0.0168067	118.099	0.795386	0
13.8662	0.0167727	118.349	0.792662	0
13.8451	0.0167312	117.699	0.768147	0
13.8255	0.0170762	118.066	0.814794	0
13.8309	0.0165916	118.016	0.785171	0
13.8547	0.0167518	117.115	0.790619	0
13.8735	0.0166036	117.416	0.794705	0
13.8627	0.0168508	117.399	0.7913	0
13.8679	0.0172964	118.533	0.796748	0
13.8454	0.0167611	118.433	0.795046	0
13.8369	0.017481	117.332	0.801855	0
13.8595	0.0169594	118.516	0.792322	0
13.8337	0.0169829	118.349	0.795727	0
13.8019	0.0171625	118.549	0.815475	0
13.8433	0.0170003	116.765	0.785852	0
13.8699	0.0168663	119.633	0.795727	0
13.8367	0.0175514	118.149	0.792662	0
13.8208	0.0171633	117.782	0.783128	0
13.8169	0.0173077	118.749	0.785852	0
13.82	0.0173025	118.449	0.791641	0
13.8291	0.0172303	117.599	0.789257	0
13.8518	0.0170308	118.383	0.789938	0
13.8745	0.0172305	117.732	0.788917	0
13.8646	0.0168983	117.982	0.81207	0
13.8552	0.0168114	118.566	0.79096	0
13.8399	0.016955	118.349	0.792662	0
13.8069	0.0170489	116.915	0.79096	0
13.816	0.0170758	119.566	0.78449	0
13.8376	0.0168624	117.632	0.786874	0
13.8202	0.0174825	118.716	0.789938	0
13.8115	0.0172898	117.832	0.802536	0
13.8051	0.016839	120.634	0.799131	0
13.8171	0.016711	119.216	0.795727	0
13.83	0.0170421	116.915	0.789598	0
13.8121	0.0172533	116.699	0.793003	0
13.8018	0.0167614	117.299	0.787895	0
13.8068	0.0172225	117.249	0.7913	0
13.8005	0.0168665	118.516	0.795386	0
13.8058	0.0167575	117.382	0.759294	0
13.7994	0.0171613	118.799	0.788576	0
13.8028	0.0172571	116.449	0.813092	0
13.8052	0.0167296	117.699	0.774957	0
13.7968	0.0168087	116.382	0.811389	0
13.8133	0.0167708	117.916	0.807984	0
13.8124	0.0166633	118.483	0.780064	0
13.7964	0.0165281	118.299	0.789257	0
13.8088	0.0169219	117.182	0.801855	0
13.8214	0.016691	117.115	0.788236	0
13.8147	0.0168149	117.849	0.794705	0
13.7962	0.0168099	117.549	0.783809	0
13.7847	0.0173149	117.832	0.79096	0
13.8057	0.0169376	117.065	0.782788	0
13.8218	0.0164813	118.916	0.783128	0
13.8232	0.016792	118.133	0.793684	0
13.8188	0.0169912	118.333	0.799472	0
13.8007	0.0171859	117.999	0.805601	0
13.7971	0.0168789	117.332	0.786874	0
13.8022	0.017017	117.949	0.793684	0
13.8041	0.0167911	116.999	0.782107	0
13.803	0.0171157	117.666	0.781766	0
13.8032	0.0167573	117.849	0.802877	0
13.7965	0.0167474	117.732	0.793343	0
13.793	0.0163653	117.115	0.799472	0
13.8009	0.0169283	118.633	0.812751	0
13.8014	0.016804	118.433	0.79096	0
13.793	0.0167596	117.482	0.811049	0
13.7896	0.0169919	117.682	0.782447	0
13.807	0.0174468	117.799	0.803217	0
13.811	0.016939	117.582	0.789598	0
13.7926	0.0170495	119.75	0.778021	0
13.7878	0.0169632	117.632	0.793684	0
13.7835	0.0166939	118.366	0.786533	0
13.7707	0.0175141	118.016	0.787214	0
13.7846	0.0168935	118.516	0.800834	0
13.8096	0.0172779	118.533	0.805941	0
13.8025	0.0170988	117.866	0.776319	0
13.8019	0.0170493	118.299	0.799472	0
13.8079	0.0168829	119.733	0.78449	0
13.8126	0.0169388	117.799	0.772573	0
13.8138	0.0170277	118.049	0.82603	0
13.8001	0.0171414	118.583	0.804579	0
13.8009	0.0171708	118.016	0.795046	0
13.8046	0.0169574	120.183	0.759975	0
13.7957	0.0171488	116.215	0.794024	0
13.7846	0.0174412	117.266	0.804579	0
13.775	0.0168761	117.466	0.782447	0
13.7963	0.0172512	117.799	0.786533	0
13.8084	0.0171454	117.899	0.807303	0
13.7935	0.0169968	117.199	0.814794	0
13.7924	0.0170586	116.982	0.800493	0
13.7977	0.0171412	117.499	0.793343	0
13.8072	0.0167534	118.549	0.775978	0
13.8279	0.016942	118.499	0.79777	0
13.8351	0.0166534	118.866	0.789257	0
13.8069	0.016868	118.166	0.799131	0
13.7901	0.0170119	118.499	0.806282	0
13.8323	0.0170078	118.483	0.788236	0
13.8235	0.0172084	118.083	0.791641	0
13.7819	0.017288	116.965	0.786193	0
13.8059	0.0171498	119.45	0.801515	0
13.8235	0.0169637	118.416	0.765763	0
13.8034	0.0166107	117.216	0.779043	0
13.8062	0.0170897	117.832	0.793343	0
13.8092	0.0166898	118.533	0.768828	0
13.7956	0.0171602	116.715	0.821944	0
13.7981	0.0169585	118.416	0.797089	0
13.7954	0.0169198	116.549	0.787895	0
13.7894	0.0170864	118.583	0.789598	0
13.8239	0.0171405	118.9	0.767466	0
13.8537	0.0169682	117.516	0.797429	0
13.8339	0.0171273	117.916	0.783809	0
13.8107	0.0168998	118.916	0.790279	0
13.8209	0.0169816	117.616	0.774957	0
13.8303	0.016815	117.566	0.791981	0
13.8118	0.0172787	118.266	0.788576	0
13.7996	0.0167922	119.183	0.80526	0
13.7961	0.0171825	117.399	0.789598	0
13.776	0.0168459	116.932	0.7913	0
13.7759	0.0169116	117.099	0.773254	0
13.8123	0.0168169	118.483	0.799131	0
13.8354	0.0170032	118.766	0.812411	0
13.8031	0.0170235	117.499	0.789257	0
13.7943	0.0169374	117.216	0.789938	0
13.8069	0.0171025	117.649	0.806963	0
13.8158	0.0170469	116.148	0.81207	0
13.8031	0.0173423	117.782	0.782447	0
13.7928	0.017022	118.516	0.791981	0
13.7967	0.0169178	117.299	0.782788	0
13.8034	0.0166757	119.25	0.786193	0
13.8245	0.0171937	119.65	0.792662	0
13.8087	0.016606	118.266	0.806963	0
13.7824	0.017142	118.666	0.794705	0
13.8003	0.0167276	117.416	0.800493	0
13.7937	0.0168831	116.715	0.787555	0
13.783	0.0169962	118.933	0.797429	0
13.8155	0.0169957	116.632	0.806963	0
13.8161	0.017301	119.833	0.781766	0
13.7991	0.0171249	117.165	0.795727	0
13.7901	0.0172188	117.049	0.785171	0
13.7984	0.0166544	116.782	0.799131	0
13.8179	0.0171847	117.949	0.805601	0
13.8138	0.0172031	118.566	0.786193	0
13.7662	0.0175086	117.282	0.781085	0
13.7752	0.0173307	116.749	0.778702	0
13.7912	0.01691	116.782	0.802536	0
13.781	0.0170565	119.033	0.774957	0
13.796	0.0168241	118.633	0.795386	0
13.8046	0.0168893	117.666	0.786193	0
13.7937	0.0168902	117.132	0.789257	0
13.7968	0.0169919	117.566	0.807984	0
13.7911	0.0167007	117.249	0.809687	0
13.7682	0.0163851	117.866	0.780064	0
13.7812	0.0169271	118.699	0.778702	0
13.8058	0.0170402	118.149	0.785171	0
13.8122	0.0166549	117.999	0.806282	0
13.8083	0.0167492	117.916	0.783469	0
13.8224	0.0171851	117.466	0.813092	0
13.7992	0.0169739	116.949	0.790279	0
13.7726	0.0169376	119.15	0.778362	0
13.7805	0.0169777	116.815	0.794024	0
13.768	0.0166112	117.165	0.779724	0
13.7688	0.0170153	118.583	0.804239	0
13.7928	0.0174894	118.183	0.798791	0
13.7974	0.0169665	117.249	0.796748	0
13.7825	0.0169667	118.383	0.783809	0
13.7962	0.0167879	116.449	0.804239	0
13.772	0.0170867	118.349	0.797429	0
13.7481	0.0169626	116.699	0.783809	0
13.7917	0.0169154	120.6	0.79777	0
13.7924	0.0164654	117.982	0.785852	0
13.754	0.0168378	117.065	0.794365	0
13.7556	0.0174837	118.199	0.783469	0
13.7745	0.0170408	117.699	0.781426	0
13.7784	0.0166977	118.033	0.79096	0
13.7699	0.0169744	117.749	0.799131	0
13.7892	0.0169482	118.783	0.782107	0
13.7906	0.0165082	117.699	0.799131	0
13.7749	0.0168653	117.932	0.80526	0
13.7915	0.0167418	118.816	0.802536	0
13.7917	0.0168861	117.932	0.78415	0
13.7771	0.0165715	116.132	0.812411	0
13.7718	0.017611	117.982	0.800834	0
13.7777	0.0173239	118.816	0.78449	0
13.7583	0.0169343	118.299	0.781085	0
13.7649	0.0172227	118.199	0.782447	0
13.8018	0.0168071	117.816	0.783128	0
13.7737	0.0170527	117.782	0.800153	0
13.7483	0.0168746	117.149	0.801515	0
13.7692	0.0168323	117.499	0.805601	0
13.7757	0.0170244	119.1	0.789938	0
13.7589	0.0168604	116.899	0.787214	0
13.7603	0.0170108	117.332	0.779724	0
13.7687	0.0170801	117.349	0.810708	0
13.7694	0.0167558	117.916	0.784831	0
13.7631	0.0170452	117.232	0.780405	0
13.763	0.0169719	118.583	0.809006	0
13.7941	0.0170529	117.432	0.804579	0
13.8109	0.01692	117.266	0.812411	0
13.7908	0.0166495	119.25	0.764401	0
13.7499	0.0169481	117.732	0.769168	0
13.74	0.017415	117.149	0.800153	0
13.7678	0.0170885	116.765	0.813773	0
13.7604	0.016569	119.1	0.771552	0
13.76	0.0168039	116.832	0.791641	0
13.7832	0.017402	117.666	0.805941	0
13.7773	0.0167433	117.399	0.801174	0
13.754	0.0171947	116.732	0.795046	0
13.7792	0.0169755	118.249	0.796067	0
13.7755	0.0172177	117.966	0.780064	0
13.738	0.0170878	118.333	0.802536	0
13.7577	0.0174076	117.849	0.815135	0
13.7772	0.0168239	116.965	0.786533	0
13.7509	0.0165152	116.932	0.765763	0
13.7414	0.0168967	117.866	0.7913	0
13.7617	0.0171523	117.632	0.813432	0
13.7594	0.0173583	118.516	0.781766	0
13.7532	0.0168846	119.283	0.800153	0
13.7644	0.0165715	118.633	0.795046	0
13.7477	0.0169543	118.233	0.795046	0
13.7401	0.0171846	118.116	0.78449	0
13.7726	0.0164175	118.283	0.792322	0
13.7634	0.0170664	117.316	0.781085	0
13.7513	0.0165869	118.433	0.789938	0
13.7825	0.0172754	117.882	0.801855	0
13.7918	0.0170704	118.149	0.780405	0
13.7718	0.0166471	118.233	0.771211	0
13.7366	0.0164715	118.216	0.802536	0
13.7244	0.0165595	116.915	0.785171	0
13.7566	0.0171853	118.833	0.807644	0
13.7608	0.0173106	117.499	0.825009	0
13.7588	0.0168342	117.999	0.779043	0
13.7992	0.0170075	119.15	0.798451	0
13.7635	0.0169095	117.349	0.797429	0
13.7283	0.0163336	118.866	0.777	0
13.7573	0.0169701	116.315	0.786193	0
13.7633	0.0168269	118.466	0.795386	0
13.7516	0.0172524	117.449	0.782107	0
13.7416	0.0168479	117.732	0.79777	0
13.7468	0.0169791	118.649	0.780745	0
13.7673	0.0166201	117.782	0.80492	0
13.7646	0.01683	118.933	0.786533	0
13.76	0.0170079	118.216	0.779043	0
13.7775	0.0171699	117.049	0.790619	0
13.7847	0.0171021	117.932	0.80526	0
13.752	0.016441	117.115	0.810368	0
13.7235	0.0167334	116.982	0.80526	0
13.7506	0.0172031	117.949	0.798451	0
13.7655	0.0168461	118.266	0.793003	0
13.7594	0.0169771	115.848	0.794365	0
13.7704	0.0168846	117.899	0.786533	0
13.7746	0.016958	117.216	0.783809	0
13.75	0.0166651	117.449	0.781085	0
13.7375	0.0162989	116.148	0.788576	0
13.7527	0.0163694	116.365	0.781766	0
13.7618	0.0167482	120.367	0.796748	0
13.7845	0.0170977	117.816	0.780064	0
13.789	0.0166214	117.216	0.794024	0
13.7602	0.0164763	117.716	0.80492	0
13.7558	0.0170088	117.816	0.795386	0
13.7788	0.0170265	116.382	0.809346	0
13.7667	0.0173177	117.666	0.810368	0
13.7523	0.0170257	117.649	0.784831	0
13.7797	0.0171961	117.999	0.786874	0
13.784	0.0170513	116.382	0.782447	0
13.7707	0.0164382	119.233	0.793684	0
13.7896	0.0166757	117.049	0.78449	0
13.7882	0.017212	117.899	0.796067	0
13.7709	0.0165621	118.066	0.787214	0
13.7643	0.0165695	116.949	0.801174	0
13.7315	0.0165554	116.332	0.786874	0
13.7283	0.0167882	117.366	0.782107	0
13.7691	0.0163542	119.433	0.777	0
13.8022	0.0171277	118.049	0.787555	0
13.8005	0.0169134	117.932	0.794705	0
13.776	0.016575	117.299	0.795727	0
13.7514	0.0168667	117.932	0.779043	0
13.7442	0.0172277	118.066	0.793343	0
13.7379	0.0172681	118.816	0.788236	0
13.7375	0.0170432	117.449	0.795046	0
13.7594	0.017125	118.783	0.76372	0
13.7623	0.0171829	118.533	0.794705	0
13.7705	0.0167387	117.432	0.821944	0
13.7818	0.0170163	118.499	0.788236	0
13.7563	0.0163817	115.832	0.816837	0
13.7463	0.0167049	117.582	0.795386	0
13.7705	0.0168572	117.799	0.784831	0
13.7701	0.0166769	120.133	0.792662	0
13.7857	0.0168098	117.482	0.806622	0
13.7865	0.0173406	116.032	0.761337	0
13.7335	0.0169921	118.516	0.78449	0
13.7348	0.0170549	117.866	0.787895	0
13.7799	0.0172486	118.299	0.800493	0
13.7724	0.0169948	118.766	0.801855	0
13.7655	0.0166314	118.016	0.806963	0
13.7658	0.017061	117.482	0.782107	0
13.763	0.0170006	117.182	0.789598	0
13.7605	0.0169763	117.732	0.800493	0
13.7544	0.017491	119.1	0.800153	0
13.7606	0.0173273	117.349	0.800153	0
13.7559	0.0170321	118.383	0.758954	0
13.7623	0.0166214	117.015	0.792662	0
13.755	0.0168773	117.282	0.786533	0
13.7539	0.0172617	118.366	0.792662	0
13.7825	0.0168486	119.116	0.784831	0
13.7546	0.0170398	116.815	0.787214	0
13.7397	0.016649	118.083	0.758273	0
13.7655	0.0168031	118.249	0.781426	0
13.7718	0.0168018	117.466	0.795386	0
13.7741	0.0174991	119.133	0.791981	0
13.7814	0.017205	117.349	0.792662	0
13.7879	0.0165656	116.699	0.7913	0
13.7685	0.0170435	117.499	0.806282	0
13.7463	0.0170286	117.582	0.798451	0
13.7599	0.0171042	118.266	0.783469	0
13.751	0.0169048	117.065	0.778021	0
13.764	0.01677	117.749	0.800834	0
13.7863	0.0168705	117.699	0.793684	0
13.7726	0.0169498	116.432	0.791981	0
13.7761	0.0170937	118.933	0.785171	0
13.7558	0.0170138	117.249	0.79777	0
13.7349	0.0170229	117.466	0.793003	0
13.7695	0.0171901	116.749	0.806622	0
13.776	0.0168048	118.549	0.803217	0
13.7629	0.0168382	118.883	0.795386	0
13.7731	0.0167903	117.249	0.787214	0
13.7819	0.0169184	117.132	0.787214	0
13.7758	0.0168339	118.566	0.783809	0
13.7388	0.0168257	116.949	0.805601	0
13.7192	0.0163918	117.416	0.784831	0
13.7495	0.0165889	117.982	0.771211	0
13.7574	0.0167792	117.266	0.790619	0
13.7528	0.0168735	118.883	0.809346	0
13.7365	0.0167384	116.882	0.783809	0
13.7373	0.0167762	117.732	0.806963	0
13.7616	0.0171273	118.299	0.798451	0
13.7776	0.0167832	116.865	0.782447	0
13.7683	0.0173093	117.099	0.805601	0
13.739	0.0173881	118.183	0.797429	0
13.773	0.0170665	118.449	0.788576	0
13.7852	0.0169958	116.599	0.778021	0
13.7331	0.0169067	118.733	0.775297	0
13.7474	0.016858	117.466	0.810708	0
13.7681	0.0170964	118.666	0.805601	0
13.7708	0.0171568	119.3	0.790279	0
13.7763	0.0170289	117.999	0.778021	0
13.7717	0.0171317	119.116	0.796067	0
13.791	0.0166057	117.682	0.781766	0
13.7879	0.016895	118.266	0.787214	0
13.7801	0.016504	117.749	0.77734	0
13.7999	0.0172579	118.833	0.799131	0
13.7819	0.0168846	116.415	0.778702	0
13.7408	0.0168415	117.516	0.788917	0
13.7417	0.0165091	118.083	0.805941	0
13.7569	0.0164865	117.466	0.786874	0
13.7468	0.0168593	117.599	0.771211	0
13.7668	0.0168287	117.649	0.766104	0
13.78	0.0172105	117.599	0.788236	0
13.761	0.0167164	116.549	0.805601	0
13.7735	0.0170175	118.083	0.785171	0
13.7814	0.0169747	117.882	0.805941	0
13.7567	0.0168081	117.916	0.794024	0
13.7329	0.0168652	115.715	0.805941	0
13.7379	0.0172063	117.816	0.802877	0
13.7507	0.0172133	117.366	0.758613	0
13.7568	0.0170382	118.966	0.780745	0
13.768	0.0167001	117.182	0.797089	0
13.7717	0.0175209	117.966	0.792322	0
13.7705	0.0175015	117.582	0.787214	0
13.7405	0.017247	116.332	0.808665	0
13.7356	0.0171081	117.499	0.7913	0
13.7723	0.0167575	117.466	0.78449	0
13.7779	0.0173702	117.099	0.792322	0
13.7481	0.0170678	117.299	0.79096	0
13.7587	0.016792	116.982	0.787895	0
13.7752	0.0170146	119.4	0.782107	0
13.7597	0.0168904	116.232	0.7913	0
13.7721	0.0166675	118.466	0.77019	0
13.7969	0.0168434	118.316	0.777681	0
13.7753	0.0174332	118.283	0.802877	0
13.7496	0.0170062	117.699	0.802196	0
13.7397	0.016909	119.617	0.77053	0
13.765	0.0165797	117.916	0.796067	0
13.7768	0.016698	117.466	0.766104	0
13.7501	0.0166879	117.982	0.786193	0
13.752	0.0170111	117.366	0.779383	0
13.772	0.0171121	118.616	0.801855	0
13.7834	0.016997	118.883	0.790619	0
13.7846	0.0172242	118.333	0.808325	0
13.7658	0.0172964	118.483	0.764742	0
13.7557	0.0166832	117.049	0.802536	0
13.7534	0.0169848	117.049	0.775638	0
13.7358	0.0169158	116.499	0.790279	0
13.7202	0.0169033	117.532	0.773595	0
13.744	0.0169284	117.366	0.78415	0
13.765	0.0168324	118.033	0.803898	0
13.7859	0.0170113	117.999	0.801515	0
13.7928	0.0170899	117.232	0.798791	0
13.7723	0.0169942	118.033	0.798791	0
13.7799	0.017405	116.982	0.810027	0
13.7661	0.0168437	116.565	0.771892	0
13.745	0.0164911	116.865	0.781426	0
13.765	0.0170094	118.183	0.800834	0
13.7642	0.0167133	117.932	0.802536	0
13.7591	0.0169839	116.965	0.796408	0
13.7572	0.0166849	117.482	0.778362	0
13.7437	0.0169563	118.149	0.781085	0
13.7593	0.0166878	117.115	0.778021	0
13.7689	0.0167231	117.432	0.795046	0
13.7509	0.0167025	117.749	0.780405	0
13.7404	0.0168976	118.049	0.768487	0
13.7379	0.0169543	118.483	0.785171	0
13.7459	0.0167433	119.116	0.786193	0
13.7569	0.0168602	117.649	0.785852	0
13.744	0.0168235	117.682	0.803217	0
13.7246	0.0165693	117.482	0.801174	0
13.7433	0.0169033	119.416	0.795386	0
13.7694	0.0169275	117.165	0.783128	0
13.7493	0.0166493	117.666	0.775297	0
13.7514	0.0169085	118.616	0.789257	0
13.7763	0.017375	118.499	0.800834	0
13.7668	0.0165908	116.982	0.77734	0
13.7585	0.0171011	116.315	0.79096	0
13.7577	0.0169283	118.649	0.806963	0
13.7583	0.0172612	119.016	0.797429	0
13.7748	0.0164254	117.115	0.798451	0
13.784	0.0169834	118.766	0.810027	0
13.7936	0.0172648	117.499	0.799472	0
13.7902	0.0170506	119.583	0.78449	0
13.7823	0.017041	116.782	0.787214	0
13.7577	0.0166372	118.149	0.773254	0
13.7319	0.0166509	117.466	0.790279	0
13.741	0.0165801	117.332	0.803898	0
13.7619	0.0167201	118.466	0.793684	0
13.7507	0.0169076	118.449	0.778362	0
13.7623	0.0169409	116.082	0.79777	0
13.7683	0.0171028	117.566	0.810368	0
13.7416	0.0171551	117.432	0.785852	0
13.7238	0.0173142	117.299	0.782107	0
13.7353	0.0174946	118.016	0.791981	0
13.7606	0.0171941	117.699	0.787895	0
13.7515	0.0166537	118.233	0.796748	0
13.7516	0.0168817	116.715	0.806282	0
13.7497	0.016959	117.015	0.785852	0
13.745	0.0171697	119.333	0.788236	0
13.7647	0.0169445	116.915	0.791981	0
13.784	0.0172001	116.982	0.815135	0
13.7778	0.0167246	117.349	0.774957	0
13.7755	0.0168523	117.249	0.790279	0
13.7724	0.017028	117.832	0.80526	0
13.7773	0.0168109	116.449	0.775297	0
13.7951	0.0169375	116.832	0.796067	0
13.7624	0.016752	117.716	0.800153	0
13.7486	0.0165032	117.816	0.802536	0
13.7769	0.0169498	118.116	0.801174	0
13.7621	0.0167972	118.249	0.790619	0
13.7424	0.0164981	116.298	0.783809	0
13.7335	0.0174191	117.466	0.795046	0
13.7397	0.0169463	119.767	0.794365	0
13.7762	0.0171098	117.749	0.769849	0
13.7736	0.0172606	118.799	0.785852	0
13.7502	0.0168705	118.033	0.800834	0
13.7481	0.0166882	117.449	0.79777	0
13.7391	0.0164062	117.366	0.791981	0
13.7343	0.0166762	118.916	0.782107	0
13.7519	0.0168664	118.066	0.799812	0
13.7615	0.0168109	118.433	0.781085	0
13.7615	0.0174258	116.982	0.794705	0
13.7645	0.0167688	117.782	0.785852	0
13.7474	0.0166096	119.516	0.822625	0
13.7535	0.0171994	117.616	0.812751	0
13.7618	0.0168042	118.983	0.773254	0
13.7656	0.0168221	116.949	0.782788	0
13.7791	0.0165013	117.099	0.789598	0
13.7717	0.0167078	119.266	0.781085	0
13.7313	0.0168419	118.349	0.802536	0
13.7294	0.0169747	116.365	0.765082	0
13.7369	0.0164454	117.349	0.791641	0
13.7467	0.0169798	117.916	0.788236	0
13.7625	0.0170499	118.199	0.769168	0
13.7669	0.0165727	117.149	0.808665	0
13.7822	0.0169887	116.882	0.77053	0
13.8047	0.0171318	116.615	0.789598	0
13.773	0.0167921	116.832	0.800834	0
13.7605	0.016973	117.899	0.80492	0
13.7953	0.0168468	118.066	0.797089	0
13.7907	0.0174772	117.332	0.775638	0
13.7583	0.0171614	118.983	0.80492	0
13.7648	0.017269	117.866	0.77734	0
13.7716	0.0167608	117.616	0.773595	0
13.7516	0.0168291	117.416	0.7913	0
13.759	0.0167307	116.665	0.783809	0
13.7786	0.0169518	117.999	0.795727	0
13.7707	0.0174717	116.849	0.787895	0
13.7295	0.0165691	117.582	0.779043	0
13.7224	0.0168131	117.599	0.794705	0
13.7656	0.0171014	119.133	0.823647	0
13.7755	0.0169092	116.865	0.798451	0
13.7589	0.0164957	117.716	0.780745	0
13.7469	0.0168487	119.233	0.79777	0
13.7365	0.0167261	116.982	0.794365	0
13.7471	0.0167531	117.682	0.808665	0
13.7676	0.0166099	117.882	0.796748	0
13.7656	0.0170941	117.849	0.780064	0
13.7357	0.0167215	117.982	0.788917	0
13.7516	0.016603	118.049	0.793003	0
13.786	0.016938	117.399	0.802196	0
13.7488	0.0166801	116.215	0.786193	0
13.7465	0.0166615	116.132	0.782107	0
13.7603	0.0167279	117.916	0.772573	0
13.7386	0.0170297	118.866	0.797089	0
13.766	0.0169317	117.849	0.782788	0
13.7743	0.0169831	116.765	0.806622	0
13.721	0.0168531	116.465	0.788576	0
13.7477	0.0166759	117.832	0.770871	0
13.7794	0.0165634	118.649	0.772914	0
13.737	0.0165856	117.165	0.766785	0
13.7283	0.0167638	117.882	0.795727	0
13.7478	0.0172175	117.699	0.816497	0
13.7264	0.0164182	118.016	0.786193	0
13.737	0.0165294	117.282	0.778702	0
13.7662	0.0169594	118.166	0.779043	0
13.7703	0.0169311	118.183	0.797089	0
13.7817	0.0167408	118.616	0.795386	0
13.7476	0.0166909	117.849	0.788576	0
13.7386	0.0172874	118.683	0.777	0
13.7763	0.017093	116.015	0.777	0
13.772	0.0174461	118.016	0.780405	0
13.7622	0.017101	117.716	0.795727	0
13.7586	0.0168622	117.432	0.774616	0
13.7435	0.0173552	119.15	0.806622	0
13.7361	0.0173526	117.499	0.776659	0
13.7358	0.0168643	117.816	0.795046	0
13.7239	0.016596	118.833	0.7913	0
13.7402	0.0166531	118.133	0.800493	0
13.7506	0.0167293	116.832	0.81888	0
13.7656	0.0167833	117.366	0.781426	0
13.7851	0.0171255	118.716	0.80526	0
13.7769	0.0172137	118.533	0.800834	0
13.7704	0.0171429	117.399	0.802877	0
13.7571	0.0164971	118.566	0.789257	0
13.7416	0.0168033	117.349	0.754527	0
13.7419	0.0164208	118.016	0.787895	0
13.7436	0.016731	117.316	0.805941	0
13.7616	0.0169496	118.183	0.779043	0
13.7673	0.0170163	116.682	0.782788	0
13.7434	0.0170129	118.833	0.795727	0
13.7528	0.0166891	118.049	0.794365	0
13.766	0.0170162	116.865	0.80526	0
13.7605	0.0171598	119.867	0.789598	0
13.7575	0.0166637	118.583	0.783128	0
13.7514	0.0169156	117.566	0.79811	0
13.7706	0.0165615	117.682	0.795727	0
13.7771	0.0167082	117.932	0.778021	0
13.7508	0.0171706	118.249	0.772914	0
13.7661	0.0167897	118.716	0.793684	0
13.7803	0.0163748	116.915	0.782107	0
13.7472	0.0171923	117.516	0.795386	0
13.7536	0.0166671	118.416	0.794705	0
13.7736	0.0166466	117.132	0.803898	0
13.7812	0.0174262	118.299	0.793003	0
13.7683	0.0171736	117.466	0.779043	0
13.7457	0.0168233	118.883	0.782107	0
13.7479	0.0165004	118.749	0.794705	0
13.7532	0.0167853	117.816	0.776319	0
13.7651	0.0171155	118.549	0.791981	0
13.7885	0.0172409	117.932	0.781766	0
13.7603	0.0169572	117.182	0.774276	0
13.7108	0.0168015	116.899	0.794705	0
13.7132	0.0170667	118.066	0.780064	0
13.7357	0.0164209	116.115	0.821604	0
13.7231	0.0167091	116.499	0.792322	0
13.7452	0.0168239	118.616	0.785852	0
13.7932	0.0169372	118.149	0.788917	0
13.7672	0.0171306	117.949	0.794024	0
13.7505	0.0169434	118.233	0.802536	0
13.7658	0.0167011	118.033	0.796067	0
13.7608	0.0171069	117.216	0.817858	0
13.7836	0.016812	117.999	0.798791	0
13.7834	0.0170448	117.249	0.809346	0
13.7471	0.0171662	116.982	0.772573	0
13.7522	0.0168562	117.382	0.788576	0
13.7281	0.0168869	116.282	0.796748	0
13.7492	0.0172415	119.7	0.778021	0
13.8106	0.0171926	117.932	0.79777	0
13.788	0.0170955	116.899	0.803217	0
13.759	0.0170409	119.016	0.792662	0
13.7489	0.0167144	115.315	0.791641	0
13.7365	0.0168509	118.366	0.794705	0
13.741	0.0171923	118.733	0.789598	0
13.7601	0.0170052	118.599	0.796408	0
13.7707	0.0173862	116.849	0.786193	0
13.7728	0.0169856	118.183	0.782788	0
13.7854	0.0170204	117.232	0.764742	0
13.7688	0.0171313	117.682	0.801855	0
13.757	0.0169193	117.766	0.797089	0
13.7477	0.0171355	117.866	0.777681	0
13.7421	0.0168408	116.165	0.813432	0
13.7525	0.017341	119.6	0.79096	0
13.7496	0.0168343	116.398	0.789257	0
13.7456	0.0170462	117.049	0.800834	0
13.7455	0.0172911	117.199	0.780064	0
13.7498	0.0173225	118.883	0.807303	0
13.7718	0.0166992	116.832	0.810368	0
13.7688	0.0166862	118.483	0.795386	0
13.7628	0.0165136	118.783	0.817518	0
13.7612	0.0167661	118.033	0.785171	0
13.7548	0.0168216	118.083	0.795727	0
13.7629	0.0166463	119.5	0.780745	0
13.7763	0.0170497	118.033	0.803217	0
13.7761	0.0170414	118.566	0.799131	0
13.7678	0.0169754	117.916	0.787214	0
13.7298	0.0171525	116.515	0.795046	0
13.7261	0.0166912	117.416	0.783469	0
13.7562	0.0166737	117.632	0.773254	0
13.7634	0.0168761	116.882	0.780405	0
13.765	0.0165593	117.699	0.779724	0
13.7301	0.0169913	116.832	0.787214	0
13.7341	0.0174241	118.016	0.800153	0
13.7844	0.0171595	116.532	0.798791	0
13.7511	0.0166331	117.149	0.79777	0
13.733	0.0166706	118.333	0.805601	0
13.7809	0.0174839	115.565	0.806963	0
13.7632	0.0164124	117.482	0.801855	0
13.7347	0.0164291	118.083	0.795727	0
13.7547	0.0166165	118.049	0.768828	0
13.7552	0.0167372	118.816	0.780405	0
13.7471	0.0166945	117.199	0.805941	0
13.7586	0.01727	117.849	0.800153	0
13.7667	0.0171532	117.516	0.771892	0
13.7482	0.0169818	117.549	0.78449	0
13.73	0.0170888	117.249	0.788917	0
13.74	0.0170834	117.049	0.780745	0
13.7517	0.0168378	118.083	0.776659	0
13.7447	0.0169864	118.033	0.818199	0
13.7367	0.0171214	116.549	0.791981	0
13.7406	0.0171812	118.966	0.791641	0
13.7636	0.0173176	117.949	0.792322	0
13.7541	0.0171612	119.35	0.788236	0
13.7282	0.0169685	118.583	0.787555	0
13.7383	0.0170462	118.983	0.787895	0
13.7646	0.0168809	117.666	0.789598	0
13.7574	0.0164152	117.266	0.782107	0
13.7433	0.0167881	117.649	0.795046	0
13.7492	0.0166847	117.182	0.773595	0
13.7503	0.0171666	119.166	0.793684	0
13.7581	0.0166811	117.682	0.795727	0
13.7466	0.0171803	117.599	0.788236	0
13.7299	0.0165621	117.982	0.771211	0
13.7491	0.0167783	118.233	0.762359	0
13.765	0.0171799	118.016	0.807644	0
13.7685	0.0169109	116.949	0.783128	0
13.7497	0.0170662	116.649	0.797089	0
13.7355	0.0169515	117.782	0.792662	0
13.74	0.0162379	117.499	0.788917	0
13.7437	0.0162709	116.715	0.788576	0
13.7687	0.0169765	117.866	0.798451	0
13.7818	0.0169535	117.482	0.793684	0
13.7604	0.0169307	119	0.789257	0
13.757	0.0170947	117.366	0.789938	0
13.7687	0.0172711	119.066	0.808325	0
13.7608	0.0169987	118.083	0.805601	0
13.7485	0.0166275	118.699	0.779724	0
13.7601	0.0170078	117.416	0.793003	0
13.7725	0.0168965	119.316	0.805601	0
13.7526	0.0171426	117.099	0.794024	0
13.7441	0.0169918	117.866	0.79777	0
13.7578	0.0165379	117.799	0.787555	0
13.7738	0.0168229	118.533	0.800834	0
13.7626	0.016857	117.032	0.793343	0
13.7415	0.016658	118.799	0.789257	0
13.7365	0.016826	117.232	0.786874	0
13.7414	0.0165906	117.532	0.791981	0
13.7645	0.0168848	117.316	0.782447	0
13.7677	0.0169786	115.832	0.814113	0
13.7444	0.0166342	118.216	0.786874	0
13.7613	0.0172029	117.382	0.779383	0
13.7527	0.017387	117.332	0.783128	0
13.7306	0.0169122	118.316	0.766104	0
13.7675	0.0168151	116.665	0.771211	0
13.7614	0.0172823	118.383	0.790279	0
13.7379	0.0170821	117.399	0.782788	0
13.7528	0.017074	117.449	0.795727	0
13.7556	0.0170614	117.949	0.782788	0
13.76	0.0171556	117.716	0.785171	0
13.7563	0.0169123	117.182	0.771892	0
13.7417	0.0171924	118.233	0.775978	0
13.7686	0.0172919	118.283	0.794365	0
13.7834	0.0165869	117.582	0.780064	0
13.7701	0.0166949	117.732	0.786193	0
13.7477	0.0171161	116.415	0.806622	0
13.7289	0.0168729	118.549	0.77734	0
13.756	0.0175638	118.433	0.794024	0
13.764	0.0167128	118.366	0.79096	0
13.744	0.0173668	118.866	0.78449	0
13.7447	0.0170388	117.182	0.80526	0
13.7162	0.0168525	117.782	0.788917	0
13.7303	0.0170384	117.149	0.808665	0
13.7881	0.0169213	118.599	0.805601	0
13.7687	0.0166784	117.566	0.80526	0
13.7354	0.0169491	117.932	0.815475	0
13.7488	0.0173169	117.649	0.788917	0
13.7665	0.0173838	116.632	0.767466	0
13.7852	0.0169079	118.133	0.788236	0
13.7988	0.0172744	118.749	0.779043	0
13.7663	0.017486	117.349	0.793684	0
13.7405	0.0173564	118.149	0.777	0
13.7657	0.0170336	118.216	0.795386	0
13.7752	0.0168778	117.449	0.789598	0
13.7536	0.017711	116.632	0.795386	0
13.753	0.0171146	116.815	0.777	0
13.7496	0.0172052	116.865	0.773254	0
13.7483	0.0170352	119.266	0.77053	0
13.7618	0.0176731	117.065	0.773935	0
13.767	0.0173457	117.149	0.797429	0
13.7603	0.0171006	117.182	0.799131	0
13.7497	0.0166933	118.599	0.773935	0
13.7785	0.016948	115.965	0.787895	0
13.7732	0.0168809	116.999	0.796067	0
13.7368	0.0168633	118.116	0.776319	0
13.7281	0.0165184	117.399	0.79096	0
13.7497	0.0166858	117.466	0.793003	0
13.7682	0.0167188	116.715	0.824328	0
13.7919	0.017001	119.583	0.803898	0
13.7831	0.0167086	116.765	0.796748	0
13.7408	0.0174464	117.582	0.781766	0
13.7677	0.0166414	117.849	0.794705	0
13.7772	0.0173717	117.399	0.791641	0
13.7271	0.0166445	116.965	0.774276	0
13.7136	0.0167822	117.616	0.779043	0
13.736	0.0172809	118.466	0.800493	0
13.7565	0.0167618	117.099	0.810708	0
13.7438	0.0168431	118.799	0.803898	0
13.7316	0.0165351	117.949	0.779383	0
13.7452	0.0167227	116.465	0.782788	0
13.743	0.0168645	117.332	0.791641	0
13.7492	0.0168359	118.183	0.807644	0
13.7687	0.0169477	118.85	0.793343	0
13.7437	0.0169792	116.315	0.777681	0
13.7292	0.0171503	119.283	0.784831	0
13.7469	0.0170005	117.932	0.785852	0
13.7499	0.0170143	117.899	0.800493	0
13.7273	0.0170195	118.333	0.809346	0
13.7307	0.0171552	118.533	0.785171	0
13.7591	0.0170034	116.232	0.791641	0
13.769	0.0172326	117.232	0.786874	0
13.7612	0.0167617	117.015	0.806963	0
13.7578	0.0165375	116.582	0.781426	0
13.7482	0.0164931	118.116	0.778702	0
13.7683	0.0168156	117.766	0.804239	0
13.7677	0.0167311	117.065	0.79811	0
13.7427	0.0170031	118.683	0.7913	0
13.7437	0.0171214	115.765	0.80492	0
13.7724	0.0166338	118.183	0.786874	0
13.7698	0.0166148	116.815	0.785852	0
13.7235	0.0164251	117.649	0.792662	0
13.7289	0.0175235	118.283	0.777	0
13.7636	0.0170914	117.099	0.78449	0
13.7331	0.0168963	117.866	0.789938	0
13.7173	0.0168867	116.549	0.799472	0
13.7465	0.0171738	118.249	0.776659	0
13.7496	0.0169416	116.849	0.799131	0
13.7553	0.0171411	117.499	0.795386	0
13.7674	0.0172835	117.416	0.774616	0
13.7575	0.017052	116.248	0.79777	0
13.7338	0.0167615	118.366	0.811389	0
13.7395	0.0172713	116.032	0.785171	0
13.7438	0.0171064	117.432	0.777	0
13.7354	0.0171699	117.716	0.794365	0
13.7515	0.0166684	116.599	0.805601	0
13.764	0.0167003	116.599	0.791981	0
13.7351	0.0169889	117.216	0.778362	0
13.7302	0.0176204	116.265	0.792662	0
13.759	0.0174949	116.415	0.808325	0
13.756	0.0174045	116.832	0.782447	0
13.7526	0.0171077	118.649	0.793003	0
13.7646	0.0169026	118.583	0.773254	0
13.7602	0.0174385	117.999	0.802877	0
13.7516	0.016747	118.799	0.803217	0
13.7602	0.0173963	117.366	0.815135	0
13.7703	0.0170645	117.982	0.809006	0
13.771	0.0173136	117.616	0.768828	0
13.7637	0.016853	116.615	0.795386	0
13.756	0.0171631	117.466	0.784831	0
13.7555	0.0164482	119.183	0.780405	0
13.7674	0.0164525	116.999	0.804579	0
13.7853	0.0171776	117.716	0.801515	0
13.7841	0.0168835	117.582	0.791641	0
13.7492	0.0168959	116.282	0.783128	0
13.7301	0.0170448	116.615	0.780405	0
13.7603	0.0169683	119.083	0.79777	0
13.7757	0.017206	117.816	0.810368	0
13.7455	0.0171382	117.499	0.800834	0
13.7358	0.0170774	116.565	0.796748	0
13.7428	0.0168048	118.549	0.793003	0
13.7391	0.0168289	117.132	0.798791	0
13.7483	0.0168904	118.9	0.7913	0
13.7469	0.0167298	118.099	0.786533	0
13.7409	0.0168348	116.232	0.778702	0
13.7502	0.016655	118.683	0.800834	0
13.761	0.0165738	118.349	0.810027	0
13.7585	0.0169547	116.899	0.772573	0
13.7483	0.0168666	117.382	0.78449	0
13.7435	0.0171349	116.499	0.805941	0
13.7411	0.0170134	117.149	0.803558	0
13.7412	0.0169818	117.749	0.776659	0
13.7456	0.0169815	117.032	0.785852	0
13.7534	0.0171713	117.316	0.791641	0
13.7489	0.0167698	118.033	0.800834	0
13.7297	0.0167179	117.499	0.797429	0
13.7332	0.0166986	116.732	0.798451	0
13.7392	0.0164195	117.432	0.802536	0
13.7423	0.0165314	117.882	0.787555	0
13.7477	0.0164917	115.898	0.776319	0
13.7568	0.0170384	117.732	0.764742	0
13.7957	0.0171836	118.766	0.821263	0
13.7911	0.0170242	115.398	0.766444	0
13.7467	0.0171109	116.882	0.810027	0
13.7449	0.0168015	116.949	0.793684	0
13.7443	0.0171003	117.716	0.79096	0
13.7359	0.0170525	117.982	0.799812	0
13.7472	0.0169965	118.733	0.779383	0
13.7518	0.0171295	116.549	0.786193	0
13.7492	0.0166044	117.816	0.768487	0
13.7544	0.0171686	116.749	0.7913	0
13.7314	0.0173293	117.632	0.78415	0
13.7304	0.0170969	117.882	0.809687	0
13.7371	0.0165343	117.432	0.786533	0
13.7299	0.0170303	115.998	0.776659	0
13.7369	0.0173932	116.815	0.796748	0
13.7145	0.0167396	118.133	0.772233	0
13.7198	0.0171218	117.499	0.806622	0
13.7497	0.0166866	117.366	0.775297	0
13.7369	0.0169613	117.532	0.799472	0
13.7369	0.0173433	118.416	0.796067	0
13.7692	0.0174598	116.215	0.785171	0
13.7589	0.0170899	117.182	0.811049	0
13.7363	0.0169398	119.083	0.803217	0
13.745	0.0172757	118.316	0.790279	0
13.7431	0.0166875	117.032	0.815816	0
13.7226	0.0166868	117.549	0.81173	0
13.729	0.0166478	117.499	0.801174	0
13.7745	0.0170127	118.083	0.791981	0
13.7864	0.0164007	118.466	0.789598	0
13.7362	0.0170823	118.283	0.786533	0
13.7298	0.0171063	118.216	0.800153	0
13.7693	0.0170459	117.299	0.809346	0
13.778	0.0166104	117.049	0.781085	0
13.7621	0.0167183	118.766	0.771892	0
13.7603	0.0169769	117.549	0.791641	0
13.7807	0.0170373	116.582	0.788236	0
13.7792	0.0173041	116.499	0.800153	0
13.7393	0.0166118	117.932	0.780064	0
13.7458	0.017021	118.9	0.77053	0
13.7729	0.0170258	118.066	0.803217	0
13.7492	0.017069	117.366	0.804579	0
13.7411	0.0167205	118.349	0.79811	0
13.7617	0.0167186	117.982	0.817858	0
13.7352	0.0167062	116.915	0.784831	0
13.7115	0.0169087	118.349	0.802536	0
13.7311	0.0172679	117.899	0.797429	0
13.7532	0.0173715	116.365	0.7913	0
13.7484	0.0172469	116.432	0.802877	0
13.734	0.0171258	118.149	0.7913	0
13.742	0.0169791	116.949	0.787555	0
13.7577	0.016952	117.582	0.809006	0
13.764	0.0169487	118.083	0.791641	0
13.7682	0.0162546	117.416	0.804579	0
13.7582	0.0166434	118.716	0.798791	0
13.7477	0.016902	116.565	0.803217	0
13.7641	0.0175846	117.449	0.782107	0
13.7581	0.017241	117.749	0.766104	0
13.7483	0.016842	118.433	0.788917	0
13.7717	0.0171926	117.249	0.773254	0
13.7769	0.0162597	117.632	0.800493	0
13.7745	0.0167581	117.999	0.799131	0
13.7875	0.0168722	116.949	0.792322	0
13.7652	0.0169199	117.416	0.766444	0
13.7479	0.0169685	116.999	0.787895	0
13.7573	0.0166356	117.316	0.798791	0
13.7271	0.0164032	117.299	0.795386	0
13.7383	0.0167096	117.432	0.775297	0
13.775	0.0171121	117.566	0.801515	0
13.7613	0.0166925	117.482	0.768147	0
13.7553	0.016796	117.216	0.78449	0
13.7585	0.0171203	118.649	0.809687	0
13.743	0.0171746	118.533	0.80526	0
13.7589	0.0167449	117.899	0.815475	0
13.7832	0.0169969	119.166	0.806622	0
13.7727	0.0169448	117.432	0.779383	0
13.7583	0.0170432	120.1	0.801174	0
13.7542	0.0167753	116.315	0.782788	0
13.7383	0.0167716	117.716	0.771552	0
13.7503	0.0171752	117.599	0.786533	0
13.7475	0.0173319	118.883	0.801515	0
13.7182	0.0167926	116.849	0.787895	0
13.7368	0.0173159	118.249	0.781085	0
13.7503	0.0172944	119.083	0.807984	0
13.7344	0.0168031	115.815	0.791641	0
13.7362	0.0167668	119.233	0.801174	0
13.758	0.0170532	116.682	0.786874	0
13.769	0.0164419	117.832	0.793684	0
13.7463	0.0168647	116.365	0.799131	0
13.7339	0.0165506	117.982	0.808665	0
13.7491	0.0169239	117.132	0.792322	0
13.751	0.0168007	116.632	0.796408	0
13.7532	0.017085	118.466	0.778362	0
13.7527	0.0172335	118.716	0.787895	0
13.7419	0.0170144	117.816	0.774616	0
13.7587	0.016953	118.316	0.775978	0
13.7888	0.0168901	116.949	0.772914	0
13.7596	0.0169587	117.299	0.800834	0
13.7152	0.016939	117.449	0.79777	0
13.7335	0.0168377	117.699	0.783469	0
13.7708	0.0173459	118.249	0.805601	0
13.7643	0.0168268	117.916	0.806963	0
13.7671	0.0166285	117.115	0.783809	0
13.7681	0.0171541	116.799	0.810368	0
13.7516	0.0171181	117.566	0.811389	0
13.7588	0.0167828	118.566	0.797429	0
13.7427	0.0167332	118.499	0.813432	0
13.7429	0.0167309	117.582	0.779043	0
13.7604	0.0169413	118.366	0.770871	0
13.7548	0.0168075	117.499	0.785512	0
13.7544	0.0166569	117.699	0.789598	0
13.7526	0.016361	118.283	0.799472	0
13.7328	0.0165138	117.249	0.7913	0
13.7282	0.0164612	116.815	0.79096	0
13.7458	0.0167511	118.266	0.779724	0
13.7522	0.0174449	117.366	0.787214	0
13.7348	0.0171147	117.132	0.773935	0
13.7367	0.0170641	117.782	0.793684	0
13.7494	0.0167383	116.365	0.801855	0
13.7337	0.0173631	117.899	0.767806	0
13.7201	0.0167421	116.882	0.79811	0
13.7331	0.0172418	118.099	0.79811	0
13.7287	0.0171749	117.482	0.813092	0
13.7184	0.0171479	116.982	0.798791	0
13.7424	0.0173597	118.433	0.788917	0
13.7786	0.0170886	117.416	0.785852	0
13.7854	0.0168657	117.866	0.81207	0
13.7843	0.0170312	116.649	0.779724	0
13.7708	0.0168616	117.466	0.783469	0
13.7566	0.0165986	118.216	0.80492	0
13.7547	0.0167282	116.999	0.775297	0
13.7657	0.0168731	117.432	0.788576	0
13.7934	0.0171947	119.133	0.789938	0
13.7821	0.0169506	117.566	0.790619	0
13.7548	0.0174935	118.066	0.786193	0
13.7792	0.016737	118.766	0.800834	0
13.7905	0.0172301	116.832	0.794024	0
13.7499	0.0165738	117.216	0.773935	0
13.7302	0.0170588	117.982	0.809006	0
13.7409	0.0173096	117.632	0.797429	0
13.7552	0.0168852	118.333	0.790279	0
13.7587	0.0165773	116.348	0.78415	0
13.7543	0.0169015	117.015	0.781766	0
13.7549	0.0170147	118.483	0.784831	0
13.7518	0.0171618	118.016	0.787214	0
13.748	0.0169579	117.816	0.783469	0
13.7525	0.0169853	116.515	0.778362	0
13.7651	0.0168123	117.282	0.788236	0
13.761	0.0169258	119.083	0.793003	0
13.7525	0.0168682	118.116	0.781085	0
13.7775	0.0170639	117.232	0.791981	0
13.7678	0.0169531	117.532	0.796748	0
13.7334	0.0165649	117.832	0.778021	0
13.7473	0.0169612	117.132	0.799472	0
13.7567	0.0170093	118.783	0.785512	0
13.7407	0.016874	118.033	0.798451	0
13.7557	0.0172924	116.965	0.786193	0
13.7683	0.0171187	117.416	0.803217	0
13.7538	0.0163954	118.799	0.801515	0
13.7598	0.0163811	117.682	0.770871	0
13.7594	0.0168995	116.932	0.799131	0
13.7473	0.0169737	117.666	0.801174	0
13.7735	0.0170701	118.633	0.797089	0
13.7855	0.0169074	117.366	0.787214	0
13.7607	0.0169982	119.266	0.787214	0
13.7775	0.0170065	117.115	0.804239	0
13.763	0.0165291	118.266	0.781085	0
13.7117	0.0166707	117.599	0.767466	0
13.7337	0.016721	117.649	0.793684	0
13.7406	0.0167346	118.583	0.808325	0
13.7048	0.0168421	117.115	0.764061	0
13.7164	0.0168294	117.549	0.77734	0
13.7287	0.0169324	117.532	0.794365	0
13.7169	0.0163033	117.999	0.790279	0
13.7486	0.0163993	118.449	0.81207	0
13.7578	0.0163953	116.832	0.775297	0
13.7312	0.0169096	117.749	0.80526	0
13.7096	0.0167401	116.765	0.788917	0
13.7037	0.0166532	118.183	0.797429	0
13.7484	0.0170288	117.532	0.761678	0
13.7755	0.0171527	120.25	0.817177	0
13.7413	0.0167461	119.1	0.792322	0
13.7089	0.0171851	117.015	0.796748	0
13.7042	0.0165069	118.216	0.775638	0
13.7406	0.0169586	118.9	0.795386	0
13.7786	0.0168734	118.933	0.786874	0
13.7524	0.0170667	117.399	0.773254	0
13.7194	0.0169408	116.599	0.781085	0
13.744	0.01679	117.899	0.804579	0
13.7517	0.0165934	116.599	0.768828	0
13.7519	0.016806	118.233	0.7913	0
13.7762	0.0172873	118.016	0.806282	0
13.7556	0.0163379	117.266	0.790619	0
13.7374	0.01654	117.499	0.790619	0
13.7442	0.0165361	117.666	0.815816	0
13.7366	0.0168939	117.199	0.799472	0
13.743	0.0169578	116.348	0.788917	0
13.7597	0.0168144	118.433	0.799812	0
13.7603	0.0169133	118.133	0.807303	0
13.7613	0.0172248	118.049	0.79096	0
13.7654	0.0172746	117.632	0.806622	0
13.7401	0.017237	116.148	0.789938	0
13.7343	0.0171334	117.382	0.761337	0
13.7702	0.0169906	116.415	0.79777	0
13.7773	0.0171975	117.015	0.781766	0
13.7524	0.0171277	116.999	0.765082	0
13.7588	0.0167961	117.766	0.788236	0
13.7714	0.0168299	117.532	0.794024	0
13.775	0.0167957	118.616	0.793343	0
13.7502	0.0170091	116.432	0.790279	0
13.7225	0.0170595	118.783	0.783469	0
13.745	0.0171571	117.716	0.792322	0
13.7565	0.0172234	118.049	0.80492	0
13.7514	0.0170091	117.949	0.779724	0
13.7551	0.0164651	118.599	0.792322	0
13.7298	0.0169715	118.766	0.773595	0
13.7125	0.0170664	117.716	0.796408	0
13.7534	0.0171703	117.666	0.779043	0
13.7784	0.0166708	118.966	0.787895	0
13.7647	0.0168065	118.733	0.795386	0
13.7527	0.0172866	116.615	0.798451	0
13.7404	0.0164391	117.199	0.788576	0
13.7277	0.01645	118.683	0.800834	0
13.7313	0.0168131	117.199	0.788236	0
13.7484	0.0166736	117.382	0.791641	0
13.7605	0.0168751	118.599	0.788917	0
13.7433	0.0168693	116.882	0.798451	0
13.7361	0.0169722	117.316	0.803558	0
13.7479	0.0170041	117.382	0.774957	0
13.7679	0.0169647	119.366	0.774957	0
13.7882	0.0169492	117.682	0.789598	0
13.7739	0.0168076	116.815	0.803558	0
13.7577	0.0170525	118.349	0.769509	0
13.7649	0.0168593	117.949	0.796408	0
13.7666	0.0166813	118.199	0.77019	0
13.7434	0.0166521	116.665	0.798791	0
13.7407	0.0168487	118.633	0.781085	0
13.7677	0.0167002	117.982	0.785512	0
13.7599	0.0165991	117.932	0.78449	0
13.7469	0.0170409	116.315	0.798791	0
13.7411	0.0170059	117.316	0.792662	0
13.7353	0.0169384	118.383	0.779043	0
13.7518	0.0166886	118.666	0.774276	0
13.7554	0.0169154	116.749	0.786193	0
13.7374	0.0172909	115.682	0.777	0
13.7494	0.0170615	118.049	0.781426	0
13.7539	0.0169098	116.132	0.783469	0
13.7395	0.0169108	117.082	0.772233	0
13.7443	0.0167677	118.633	0.793684	0
13.7709	0.0167746	118.033	0.782107	0
13.7807	0.0170479	116.348	0.776319	0
13.7537	0.0165862	117.049	0.796748	0
13.7369	0.0170456	117.449	0.80492	0
13.7552	0.0170204	118.9	0.807303	0
13.7613	0.016943	116.549	0.783809	0
13.74	0.0166662	116.382	0.79096	0
13.7466	0.0168389	117.732	0.786874	0
13.7601	0.0166723	117.432	0.793684	0
13.7365	0.017111	116.932	0.781085	0
13.7239	0.0172919	117.599	0.803217	0
13.7271	0.0169624	118.116	0.798451	0
13.7304	0.0167375	118.049	0.800834	0
13.7294	0.0170672	116.699	0.78449	0
13.7387	0.017407	117.632	0.796067	0
13.752	0.0171197	116.982	0.809346	0
13.7492	0.0171047	117.015	0.794365	0
13.7208	0.0171534	118.749	0.799812	0
13.7325	0.0171569	118.766	0.803558	0
13.7749	0.0167316	117.432	0.785852	0
13.7757	0.0165436	118.033	0.811049	0
13.7386	0.0166996	116.749	0.783128	0
13.7313	0.017011	117.632	0.800153	0
13.7493	0.0164428	117.766	0.778021	0
13.7549	0.0169539	116.665	0.788917	0
13.7503	0.0168544	117.716	0.780064	0
13.7387	0.016847	116.915	0.769509	0
13.7519	0.0170642	117.299	0.78449	0
13.7658	0.0170474	117.566	0.790619	0
13.7587	0.016955	117.849	0.786193	0
13.7573	0.0171066	118.016	0.794024	0
13.7503	0.0175745	116.582	0.796067	0
13.7428	0.0168374	118.066	0.783809	0
13.7419	0.0170677	117.949	0.786193	0
13.7502	0.017295	117.165	0.773254	0
13.7455	0.0169042	117.182	0.807644	0
13.7342	0.0168435	117.632	0.779043	0
13.7662	0.0168705	118.633	0.801855	0
13.7585	0.0169493	118.049	0.795727	0
13.7293	0.0172882	117.516	0.800834	0
13.7493	0.0170332	116.865	0.776659	0
13.7597	0.0176513	119.383	0.789938	0
13.7563	0.0170716	117.832	0.781766	0
13.7535	0.0172664	116.849	0.783809	0
13.76	0.0168437	116.682	0.79096	0
13.7601	0.0173167	117.616	0.792322	0
13.7519	0.0170777	117.416	0.804239	0
13.7562	0.017053	117.516	0.790619	0
13.7542	0.0170892	117.632	0.780405	0
13.7591	0.0169641	117.632	0.786193	0
13.7659	0.0171139	117.065	0.78449	0
13.752	0.0166794	117.382	0.79096	0
13.746	0.0171201	119.216	0.795386	0
13.759	0.0170288	117.282	0.801174	0
13.7405	0.0172053	117.666	0.782107	0
13.7479	0.0170998	118.966	0.785171	0
13.7739	0.0168122	117.799	0.803217	0
13.7626	0.0167124	118.583	0.806622	0
13.7616	0.0166148	118.733	0.79811	0
13.7774	0.0170108	116.749	0.790619	0
13.7732	0.0167483	116.749	0.807303	0
13.7601	0.0169532	117.399	0.810708	0
13.7606	0.0165324	117.099	0.782788	0
13.7694	0.0170716	117.099	0.793003	0
13.7658	0.0164922	119.583	0.782107	0
13.7493	0.017011	116.832	0.793684	0
13.7468	0.0170032	116.649	0.758273	0
13.7536	0.0171719	117.732	0.790279	0
13.7544	0.0170467	117.816	0.805601	0
13.7567	0.0169469	117.349	0.796067	0
13.7642	0.0169841	118.433	0.789257	0
13.7717	0.0170083	118.016	0.795386	0
13.7563	0.0171341	117.449	0.793003	0
13.7563	0.0164016	118.316	0.796067	0
13.7662	0.0169173	117.099	0.780745	0
13.7557	0.0170132	116.965	0.793003	0
13.735	0.0171937	117.599	0.801855	0
13.7411	0.0168813	115.948	0.795727	0
13.761	0.0168116	118.083	0.785171	0
13.7686	0.0169665	117.982	0.783809	0
13.7624	0.0166748	118.533	0.784831	0
13.7608	0.0168291	118.216	0.782788	0
13.7571	0.0166809	117.749	0.799812	0
13.7518	0.0166316	118.099	0.78449	0
13.744	0.0161535	117.649	0.80492	0
13.7464	0.017012	118.116	0.797429	0
13.7501	0.0167422	118.199	0.792662	0
13.7453	0.0168143	118.049	0.801174	0
13.7632	0.0168357	119.016	0.793343	0
13.7665	0.0174934	118.333	0.803558	0
13.7631	0.017031	118.166	0.799131	0
13.7748	0.0168766	117.682	0.791981	0
13.7513	0.0169306	117.882	0.800493	0
13.7459	0.0168976	118.299	0.794365	0
13.7663	0.0171303	116.632	0.786193	0
13.7618	0.0168963	117.165	0.789257	0
13.7442	0.0165297	117.649	0.79096	0
13.7436	0.0172941	118.266	0.798791	0
13.7503	0.0170864	118.333	0.78449	0
13.733	0.0171419	118.266	0.7913	0
13.7606	0.0172422	118.966	0.783469	0
13.7739	0.0170677	118.099	0.801855	0
13.7368	0.0170386	118.95	0.788917	0
13.7628	0.0169009	118.233	0.779043	0
13.767	0.0171151	116.432	0.773254	0
13.7381	0.0168249	117.332	0.79811	0
13.7667	0.017245	117.115	0.800153	0
13.7812	0.016732	117.816	0.798791	0
13.7404	0.0162448	117.182	0.803217	0
13.7279	0.0168555	117.416	0.771552	0
13.7726	0.0168538	117.282	0.788236	0
13.7743	0.0166069	117.599	0.806963	0
13.7293	0.0170059	118.149	0.799131	0
13.7286	0.0168528	116.682	0.78449	0
13.7586	0.0167777	118.333	0.783128	0
13.747	0.017311	118.049	0.777	0
13.7259	0.0168142	117.115	0.778702	0
13.7451	0.0170317	117.966	0.795386	0
13.7473	0.0166388	116.415	0.799812	0
13.7466	0.0168839	118.016	0.776319	0
13.7505	0.0170139	116.415	0.782107	0
13.7511	0.0170441	117.899	0.79811	0
13.7601	0.0169361	116.649	0.77734	0
13.7627	0.0172362	118.316	0.77734	0
13.7705	0.0166302	117.099	0.789257	0
13.7593	0.0167569	117.549	0.787895	0
13.7428	0.0164989	116.882	0.78415	0
13.7498	0.0168529	117.882	0.775297	0
13.7642	0.0170423	118.866	0.789598	0
13.7411	0.0165634	118.166	0.777	0
13.7532	0.0169143	118.433	0.803217	0
13.789	0.0167573	116.899	0.795386	0
13.7519	0.0170874	117.932	0.780745	0
13.7414	0.0168808	118.933	0.802196	0
13.7654	0.0170617	116.599	0.784831	0
13.7553	0.0170461	116.682	0.81888	0
13.7259	0.0174039	116.765	0.788576	0
13.7245	0.0170215	118.333	0.819901	0
13.7624	0.017246	118.549	0.7913	0
13.7903	0.0168675	117.366	0.780745	0
13.7785	0.0168917	118.833	0.795386	0
13.7514	0.0168928	118.099	0.787214	0
13.7487	0.017094	119.65	0.785512	0
13.7733	0.0173624	117.532	0.810368	0
13.7733	0.0165312	117.749	0.805941	0
13.736	0.0169147	118.183	0.806282	0
13.7195	0.0172705	116.849	0.791981	0
13.7394	0.0169609	117.216	0.790279	0
13.7496	0.0171003	118.116	0.785171	0
13.7699	0.0169212	118.966	0.802877	0
13.7915	0.0169661	118.799	0.790279	0
13.7728	0.0172079	117.299	0.777	0
13.7379	0.0168539	118.733	0.802877	0
13.741	0.0174869	117.132	0.800493	0
13.759	0.0168231	117.266	0.7913	0
13.7606	0.0170554	118.266	0.794365	0
13.7371	0.0167114	118.416	0.799131	0
13.717	0.0169066	118.133	0.785852	0
13.7529	0.0171349	116.815	0.795727	0
13.772	0.0171039	117.716	0.777681	0
13.7515	0.0165315	117.099	0.796067	0
13.7406	0.0168787	117.649	0.80526	0
13.7343	0.0169641	118.283	0.786533	0
13.7556	0.0169607	117.866	0.789938	0
13.7595	0.0166281	116.999	0.783128	0
13.7266	0.0169698	117.299	0.796067	0
13.7601	0.0166784	117.716	0.795046	0
13.8141	0.0166412	117.065	0.775638	0
13.7708	0.0171219	116.415	0.781766	0
13.7281	0.0167434	117.799	0.787555	0
13.7382	0.0169367	116.732	0.795386	0
13.7352	0.0165315	118.866	0.794365	0
13.7622	0.0170073	117.799	0.780745	0
13.7873	0.0170099	118.633	0.77734	0
13.7539	0.0171	116.265	0.798451	0
13.7443	0.017146	117.549	0.789938	0
13.7581	0.0168126	117.766	0.776659	0
13.7473	0.0168248	118.166	0.783809	0
0	0	0	0	0
0	0	0	0	0
0	0	0	0	0
0	0	0	0	0
0	0	0	0	0
0	0	0	0	0
0	0	0	0	0
0	0	0	0	0
0	0	0	0	0
0	0	0	0	0
0	0	0	0	0
0	0	0	0	0
0	0	0	0	0
0	0	0	0	0
0	0	0	0	0
0	0	0	0	0
0	0	0	0	0
0	0	0	0	0
0	0	0	0	0
0	0	0	0	0
0	0	0	0	0
0	0	0	0	0
0	0	0	0	0
0	0	0	0	0
0	0	0	0	0
0	0	0	0	0
0	0	0	0	0
0	0	0	0	0
0	0	0	0	0
0	0	0	0	0
0	0	0	0	0
0	0	0	0	0
0	0	0	0	0
0	0	0	0	0
0	0	0	0	0
0	0	0	0	0
0	0	0	0	0
0	0	0	0	0
0	0	0	0	0
0	0	0	0	0
0	0	0	0	0
0	0	0	0	0
0	0	0	0	0
0	0	0	0	0
0	0	0	0	0
0	0	0	0	0
0	0	0	0	0
0	0	0	0	0
0	0	0	0	0
0	0	0	0	0
0	0	0	0	0
0	0	0	0	0
0	0	0	0	0
0	0	0	0	0
0	0	0	0	0
0	0	0	0	0
0	0	0	0	0
0	0	0	0	0
0	0	0	0	0
0	0	0	0	0
0	0	0	0	0
0	0	0	0	0
0	0	0	0	0
0	0	0	0	0
0	0	0	0	0
0	0	0	0	0
0	0	0	0	0
0	0	0	0	0
0	0	0	0	0
0	0	0	0	0
0	0	0	0	0
0	0	0	0	0
0	0	0	0	0
0	0	0	0	0
0	0	0	0	0
0	0	0	0	0
0	0	0	0	0
0	0	0	0	0
0	0	0	0	0
0	0	0	0	0
0	0	0	0	0
0	0	0	0	0
0	0	0	0	0
0	0	0	0	0
0	0	0	0	0
0	0	0	0	0
0	0	0	0	0
0	0	0	0	0
0	0	0	0	0
0	0	0	0	0
0	0	0	0	0
0	0	0	0	0
0	0	0	0	0
0	0	0	0	0
0	0	0	0	0
0	0	0	0	0
0	0	0	0	0
0	0	0	0	0
0	0	0	0	0
0	0	0	0	0
0	0	0	0	0
0	0	0	0	0
0	0	0	0	0
0	0	0	0	0
0	0	0	0	0
0	0	0	0	0
0	0	0	0	0
0	0	0	0	0
0	0	0	0	0
0	0	0	0	0
0	0	0	0	0
0	0	0	0	0
0	0	0	0	0
0	0	0	0	0
0	0	0	0	0
0	0	0	0	0
0	0	0	0	0
0	0	0	0	0
0	0	0	0	0
0	0	0	0	0
0	0	0	0	0
0	0	0	0	0
0	0	0	0	0
0	0	0	0	0
0	0	0	0	0
0	0	0	0	0
0	0	0	0	0
0	0	0	0	0
0	0	0	0	0
0	0	0	0	0
0	0	0	0	0
0	0	0	0	0
0	0	0	0	0
0	0	0	0	0
0	0	0	0	0
0	0	0	0	0
0	0	0	0	0
0	0	0	0	0
0	0	0	0	0
0	0	0	0	0
0	0	0	0	0
0	0	0	0	0
0	0	0	0	0
0	0	0	0	0
0	0	0	0	0
0	0	0	0	0
0	0	0	0	0
0	0	0	0	0
0	0	0	0	0
0	0	0	0	0
0	0	0	0	0
0	0	0	0	0
0	0	0	0	0
0	0	0	0	0
0	0	0	0	0
0	0	0	0	0
0	0	0	0	0
0	0	0	0	0
0	0	0	0	0
0	0	0	0	0
0	0	0	0	0
0	0	0	0	0
0	0	0	0	0
0	0	0	0	0
0	0	0	0	0
0	0	0	0	0
0	0	0	0	0
0	0	0	0	0
0	0	0	0	0
0	0	0	0	0
0	0	0	0	0
0	0	0	0	0
0	0	0	0	0
0	0	0	0	0
0	0	0	0	0
0	0	0	0	0
0	0	0	0	0
0	0	0	0	0
0	0	0	0	0
0	0	0	0	0
0	0	0	0	0
0	0	0	0	0
0	0	0	0	0
0	0	0	0	0
0	0	0	0	0
0	0	0	0	0
0	0	0	0	0
0	0	0	0	0
0	0	0	0	0
0	0	0	0	0
0	0	0	0	0
0	0	0	0	0
0	0	0	0	0
0	0	0	0	0
0	0	0	0	0
0	0	0	0	0
0	0	0	0	0
0	0	0	0	0
0	0	0	0	0
0	0	0	0	0
0	0	0	0	0
0	0	0	0	0
0	0	0	0	0
0	0	0	0	0
0	0	0	0	0
0	0	0	0	0
0	0	0	0	0
0	0	0	0	0
0	0	0	0	0
0	0	0	0	0
0	0	0	0	0
0	0	0	0	0
0	0	0	0	0
0	0	0	0	0
0	0	0	0	0
0	0	0	0	0
0	0	0	0	0
0	0	0	0	0
0	0	0	0	0
0	0	0	0	0
0	0	0	0	0
0	0	0	0	0
0	0	0	0	0
0	0	0	0	0
0	0	0	0	0
0	0	0	0	0
0	0	0	0	0
0	0	0	0	0
0	0	0	0	0
0	0	0	0	0
0	0	0	0	0
0	0	0	0	0
0	0	0	0	0
0	0	0	0	0
0	0	0	0	0
0	0	0	0	0
0	0	0	0	0
0	0	0	0	0
0	0	0	0	0
0	0	0	0	0
0	0	0	0	0
0	0	0	0	0
0	0	0	0	0
0	0	0	0	0
0	0	0	0	0
0	0	0	0	0
0	0	0	0	0
0	0	0	0	0
0	0	0	0	0
0	0	0	0	0
0	0	0	0	0
0	0	0	0	0
0	0	0	0	0
0	0	0	0	0
0	0	0	0	0
0	0	0	0	0
0	0	0	0	0
0	0	0	0	0
0	0	0	0	0
0	0	0	0	0
0	0	0	0	0
0	0	0	0	0
0	0	0	0	0
0	0	0	0	0
0	0	0	0	0
0	0	0	0	0
0	0	0	0	0
0	0	0	0	0
0	0	0	0	0
0	0	0	0	0
0	0	0	0	0
0	0	0	0	0
0	0	0	0	0
0	0	0	0	0
0	0	0	0	0
0	0	0	0	0
0	0	0	0	0
0	0	0	0	0
0	0	0	0	0
0	0	0	0	0
0	0	0	0	0
0	0	0	0	0
0	0	0	0	0
0	0	0	0	0
0	0	0	0	0
0	0	0	0	0
0	0	0	0	0
0	0	0	0	0
0	0	0	0	0
0	0	0	0	0
0	0	0	0	0
0	0	0	0	0
0	0	0	0	0
0	0	0	0	0
0	0	0	0	0
0	0	0	0	0
0	0	0	0	0
0	0	0	0	0
0	0	0	0	0
0	0	0	0	0
0	0	0	0	0
0	0	0	0	0
0	0	0	0	0
0	0	0	0	0
0	0	0	0	0
0	0	0	0	0
0	0	0	0	0
0	0	0	0	0
0	0	0	0	0
0	0	0	0	0
0	0	0	0	0
0	0	0	0	0
0	0	0	0	0
0	0	0	0	0
0	0	0	0	0
0	0	0	0	0
0	0	0	0	0
0	0	0	0	0
0	0	0	0	0
0	0	0	0	0
0	0	0	0	0
0	0	0	0	0
0	0	0	0	0
0	0	0	0	0
0	0	0	0	0
0	0	0	0	0
0	0	0	0	0
0	0	0	0	0
0	0	0	0	0
0	0	0	0	0
0	0	0	0	0
0	0	0	0	0
0	0	0	0	0
0	0	0	0	0
0	0	0	0	0
0	0	0	0	0
0	0	0	0	0
0	0	0	0	0
0	0	0	0	0
0	0	0	0	0
0	0	0	0	0
0	0	0	0	0
0	0	0	0	0
0	0	0	0	0
0	0	0	0	0
0	0	0	0	0
0	0	0	0	0
0	0	0	0	0
0	0	0	0	0
0	0	0	0	0
0	0	0	0	0
0	0	0	0	0
0	0	0	0	0
0	0	0	0	0
0	0	0	0	0
0	0	0	0	0
0	0	0	0	0
0	0	0	0	0
0	0	0	0	0
0	0	0	0	0
0	0	0	0	0
0	0	0	0	0
0	0	0	0	0
0	0	0	0	0
0	0	0	0	0
0	0	0	0	0
0	0	0	0	0
0	0	0	0	0
0	0	0	0	0
0	0	0	0	0
0	0	0	0	0
0	0	0	0	0
0	0	0	0	0
0	0	0	0	0
0	0	0	0	0
0	0	0	0	0
0	0	0	0	0
0	0	0	0	0
0	0	0	0	0
0	0	0	0	0
0	0	0	0	0
0	0	0	0	0
0	0	0	0	0
0	0	0	0	0
0	0	0	0	0
0	0	0	0	0
0	0	0	0	0
0	0	0	0	0
0	0	0	0	0
0	0	0	0	0
0	0	0	0	0
0	0	0	0	0
0	0	0	0	0
0	0	0	0	0
0	0	0	0	0
0	0	0	0	0
0	0	0	0	0
0	0	0	0	0
0	0	0	0	0
0	0	0	0	0
