a2610514.350164
Narit-cm 05/01/2026 14:09:47 05/01/2026 14:35:01 0045 0013.384714 0052.542598 00.0 00.0
0002382 0010 0000000 0010 05 0000000 0010 0000000 0010
1 0 1 01600 1 0000 3.75 00000.o 0 0 01 000 16 002382 0.500 BT0
1 2 1 02000 1 0000 3.75 00000.o 0 0 01 000 16 002382 0.500 S2A0
1 1 1 01600 1 0000 3.75 00000.o 0 0 00 000 00 002382 3.1746 BC0
1 3 1 02000 1 0000 3.75 00000.o 0 0 00 000 00 002382 3.1746 S2P0
1 5 0 01600 0 0000 1.00 00000.o 0 0 00 000 00 000000 0.000 OF0
0.000 .o Analog 0 	0.000 .o Analog StErr 0 	0.000 .o Photon Counting 0 	0.000 .o PC StErr 0 	0.000 .o Overflow Info 0 
27.8481	0.0983732	157.716	0.828007	0
47.2672	0.172833	163.409	0.850377	0
116.606	0.790402	83.8119	1.17249	0
322.787	1.58062	0.419815	0.0960158	0
496.304	0.207146	30.6633	0.840741	1
499.936	0.0246112	150.294	1.25646	1
492.659	0.228821	132.107	1.28881	1
491.763	0.234095	32.9975	0.736809	1
499.451	0.0687409	25.7935	0.650086	1
499.967	0.016745	45.6255	0.804261	1
499.978	0.0154216	88.1612	1.01901	1
499.983	0.0125646	142.401	1.05617	1
499.999	0.00103134	162.233	1.04447	1
499.987	0.0113089	138.136	1.02899	1
499.989	0.011143	120.705	1.01006	1
499.989	0.0111366	114.929	1.0104	1
500	0	118.321	0.964632	1
500	0	121.276	0.951555	1
500	0	119.58	0.978742	1
499.736	0.0338419	128.363	0.945016	1
483.344	0.285394	149.74	0.910602	1
444.172	0.321387	166.247	0.95121	1
406.577	0.302974	179.731	0.900966	0
373.463	0.26148	188.883	0.961191	0
344.424	0.230882	191.134	0.931938	0
318.318	0.211094	190.512	0.918173	0
294.847	0.192698	192.242	0.886856	0
273.934	0.178488	190.21	0.903719	0
255.119	0.168967	186.314	0.899245	0
238.031	0.156161	186.851	0.884791	0
222.458	0.145496	185.995	0.893739	0
208.064	0.140456	183.073	0.85898	0
194.612	0.135702	182.502	0.900621	0
182.056	0.13034	180.202	0.891674	0
170.266	0.126462	178.791	0.891674	0
159.054	0.1231	177.229	0.850032	0
148.376	0.119286	173.736	0.875499	0
138.349	0.117745	173.988	0.871713	0
128.874	0.115305	173.031	0.861045	0
119.742	0.111519	173.367	0.872402	0
110.961	0.10823	171.956	0.854506	0
102.616	0.106525	169.673	0.870681	0
94.5854	0.105557	168.95	0.877908	0
86.8925	0.103981	167.909	0.844182	0
79.5586	0.101926	165.928	0.844182	0
72.4662	0.101173	165.961	0.841429	0
65.7586	0.100165	162.25	0.831105	0
59.4461	0.0987742	162.25	0.839364	0
53.5069	0.0960831	162.116	0.843494	0
48.1754	0.0921739	161.024	0.83489	0
43.3735	0.0880543	159.228	0.837299	0
39.0245	0.0830714	157.565	0.860701	0
35.3169	0.0770117	156.558	0.842805	0
32.188	0.0698307	155.852	0.816651	0
29.592	0.0632159	154.442	0.813209	0
27.5857	0.0573732	154.005	0.806326	0
26.0049	0.0512661	152.107	0.805294	0
24.7437	0.0454052	150.697	0.836611	0
23.798	0.0403143	150.126	0.807015	0
23.0039	0.0365333	150.143	0.819748	0
22.3576	0.0338497	148.228	0.826631	0
21.8525	0.0311776	147.086	0.803229	0
21.425	0.0293538	147.12	0.828351	0
21.0488	0.0284353	147.053	0.779483	0
20.7504	0.0275391	144.635	0.816306	0
20.4977	0.0267925	143.946	0.805982	0
20.238	0.0261154	144.887	0.805638	0
20.007	0.0259707	141.998	0.818027	0
19.8259	0.0264636	142.301	0.802541	0
19.6921	0.0254052	144.013	0.802197	0
19.6005	0.0250751	142.552	0.8108	0
19.4487	0.0252243	143.275	0.827319	0
19.2789	0.0253564	141.276	0.802541	0
19.1766	0.024892	141.444	0.797034	0
19.0335	0.0247927	140.94	0.797034	0
18.8792	0.0246912	140.369	0.815618	0
18.7711	0.0246343	140.134	0.814242	0
18.6568	0.0241102	139.043	0.809768	0
18.5756	0.0237116	138.942	0.818027	0
18.5212	0.0241367	141.209	0.816651	0
18.4163	0.0237877	137.817	0.806326	0
18.308	0.023163	139.362	0.826287	0
18.2312	0.0239923	137.716	0.804261	0
18.1508	0.0240536	140.05	0.803573	0
18.0752	0.0237275	139.681	0.803573	0
17.9977	0.0234828	138.724	0.811833	0
17.9245	0.0232413	138.086	0.807703	0
17.8839	0.0237292	139.127	0.826975	0
17.864	0.0242165	137.666	0.814586	0
17.7861	0.0239035	138.942	0.821469	0
17.7032	0.0236198	137.767	0.808047	0
17.6632	0.0234134	138.841	0.827663	0
17.6378	0.0228754	139.06	0.822845	0
17.5998	0.0234376	138.959	0.812521	0
17.5637	0.0228997	137.582	0.783957	0
17.4946	0.0230021	137.263	0.821813	0
17.4401	0.0236408	138.858	0.798067	0
17.4295	0.0231571	138.539	0.813897	0
17.381	0.0227878	138.321	0.801508	0
17.3369	0.0235474	137.196	0.804606	0
17.3379	0.0231512	137.431	0.776042	0
17.2864	0.0224374	138.757	0.823189	0
17.2442	0.02298	136.306	0.805294	0
17.2156	0.0230402	136.138	0.785334	0
17.1674	0.0229842	136.339	0.808047	0
17.1288	0.023348	135.668	0.796002	0
17.0919	0.0227416	137.397	0.793937	0
17.0742	0.0223473	136.843	0.798411	0
17.0506	0.0227385	136.944	0.794281	0
17.0185	0.0231479	134.895	0.803573	0
16.9915	0.0221624	137.229	0.818027	0
16.9593	0.0225276	136.742	0.798067	0
16.9204	0.0231804	135.214	0.792905	0
16.8817	0.0226033	135.516	0.801852	0
16.8418	0.0221643	136.322	0.799099	0
16.8005	0.0224058	134.929	0.79669	0
16.7713	0.021808	135.886	0.790496	0
16.7387	0.0226435	136.054	0.801508	0
16.6795	0.0223194	134.895	0.808391	0
16.6466	0.0220554	136.558	0.791872	0
16.6008	0.0214535	135.936	0.80082	0
16.5255	0.0226199	134.542	0.790496	0
16.5189	0.0218963	135.113	0.811488	0
16.4746	0.0221387	136.776	0.820436	0
16.415	0.0221476	134.929	0.797723	0
16.4102	0.0221663	134.744	0.819404	0
16.3697	0.0215479	135.651	0.805982	0
16.2943	0.0214478	133.736	0.789807	0
16.2115	0.0220284	134.022	0.803917	0
16.1773	0.0217201	135.953	0.79497	0
16.1455	0.0218401	134.727	0.811833	0
16.1222	0.0218612	134.945	0.805294	0
16.0821	0.0214242	134.156	0.818371	0
16.0136	0.0215556	134.845	0.822845	0
15.9803	0.020954	133.098	0.790152	0
15.9494	0.021219	132.678	0.803229	0
15.92	0.0211655	134.274	0.8108	0
15.8639	0.0213709	134.66	0.808391	0
15.793	0.0215233	134.257	0.792216	0
15.7917	0.0213882	135.13	0.785678	0
15.7597	0.0210941	133.619	0.799443	0
15.6664	0.0212103	133.065	0.804606	0
15.6121	0.021178	133.636	0.802197	0
15.5833	0.0205582	134.341	0.829728	0
15.5438	0.0207852	132.208	0.822157	0
15.5044	0.0209631	133.014	0.819404	0
15.4528	0.0215066	133.804	0.81906	0
15.397	0.0210119	131.99	0.802541	0
15.3618	0.0206075	133.266	0.801164	0
15.3502	0.0208295	133.199	0.797723	0
15.3261	0.0211991	133.367	0.792561	0
15.3094	0.0206775	132.343	0.810456	0
15.2608	0.0201354	130.462	0.791528	0
15.1883	0.0199594	132.275	0.778451	0
15.1731	0.0203621	132.712	0.796002	0
15.148	0.0207684	131.856	0.79669	0
15.0794	0.0203266	131.436	0.779827	0
15.0422	0.0206624	131.553	0.791872	0
15.0191	0.0203737	132.477	0.811833	0
14.9544	0.0201657	131.335	0.794625	0
14.9381	0.0198053	132.124	0.807359	0
14.9418	0.0202813	131.604	0.803917	0
14.8675	0.0200684	131.1	0.814242	0
14.8439	0.0203985	131.369	0.802197	0
14.8318	0.0199582	130.898	0.792561	0
14.7654	0.020244	132.04	0.790496	0
14.7311	0.0202577	130.798	0.801164	0
14.7036	0.0205277	131.335	0.801164	0
14.6924	0.0203352	130.848	0.803917	0
14.6749	0.0199465	130.294	0.797723	0
14.6569	0.0198383	131.805	0.828007	0
14.6182	0.0201238	129.706	0.789119	0
14.5438	0.0200791	128.883	0.80082	0
14.518	0.0192932	131.033	0.796346	0
14.5462	0.0199611	129.337	0.779827	0
14.5364	0.0202182	129.337	0.802197	0
14.4454	0.0199607	130.361	0.783269	0
14.4188	0.020104	130.428	0.812521	0
14.4601	0.0198271	130.411	0.804261	0
14.418	0.0197711	128.783	0.803229	0
14.3793	0.0194452	129.723	0.793249	0
14.3655	0.0196181	129.488	0.787743	0
14.331	0.0199055	129.538	0.801508	0
14.3325	0.0202664	129.84	0.787398	0
14.3177	0.0195992	130.243	0.801164	0
14.2811	0.0195939	129.673	0.817339	0
14.2569	0.0199567	128.329	0.803573	0
14.2503	0.0199504	130.747	0.80667	0
14.2299	0.0194689	129.941	0.795658	0
14.1901	0.0197782	128.329	0.786022	0
14.1656	0.0196369	129.253	0.784989	0
14.1564	0.0190094	129.32	0.80667	0
14.154	0.0194975	129.186	0.80495	0
14.1197	0.0199062	128.245	0.788431	0
14.0683	0.019715	127.691	0.789463	0
14.0798	0.0196827	130.092	0.779827	0
14.0828	0.019268	129.303	0.788775	0
14.0459	0.0194853	130.193	0.807359	0
14.049	0.0194399	127.506	0.78258	0
14.0318	0.0190598	127.859	0.787398	0
13.9774	0.0195239	129.303	0.791528	0
14.0021	0.0192083	128.547	0.792216	0
14.041	0.0190128	128.396	0.775698	0
13.9935	0.019291	129.001	0.803229	0
13.9442	0.0194114	128.228	0.810456	0
13.9417	0.0193561	128.732	0.803917	0
13.9409	0.0193066	128.044	0.799443	0
13.9228	0.0192661	128.95	0.80667	0
13.9066	0.0190476	129.37	0.809768	0
13.9104	0.0189107	128.044	0.802541	0
13.8927	0.01912	127.775	0.794625	0
13.8843	0.0197792	130.361	0.799788	0
13.8854	0.0191358	128.01	0.771224	0
13.8713	0.0189423	129.639	0.804606	0
13.8701	0.0188537	127.355	0.792216	0
13.8591	0.0190043	129.219	0.818371	0
13.8159	0.018974	127.439	0.804261	0
13.8061	0.0194136	129.303	0.80495	0
13.8099	0.0190172	128.094	0.813553	0
13.7915	0.018674	127.825	0.806326	0
13.7917	0.0182952	128.027	0.771912	0
13.7869	0.0192481	126.835	0.797723	0
13.7578	0.0193131	127.204	0.782925	0
13.7429	0.0192555	128.262	0.800476	0
13.7584	0.0194385	128.144	0.8108	0
13.7535	0.0190245	127.506	0.809079	0
13.7482	0.0190188	127.506	0.801508	0
13.7447	0.0192613	126.801	0.790496	0
13.7054	0.0188961	128.564	0.82904	0
13.7005	0.0181464	126.734	0.797379	0
13.7062	0.0186751	127.288	0.808391	0
13.708	0.0188453	128.094	0.789119	0
13.7465	0.0191499	127.338	0.811488	0
13.7399	0.0192786	127.859	0.79497	0
13.6754	0.0190042	128.833	0.789119	0
13.6643	0.0187576	126.549	0.798755	0
13.6878	0.0191725	127.641	0.792905	0
13.7021	0.0189773	127.59	0.810456	0
13.6893	0.019288	125.76	0.792216	0
13.6488	0.0189404	126.734	0.80082	0
13.6577	0.018566	125.76	0.797379	0
13.651	0.0185694	126.079	0.792561	0
13.6142	0.0187103	128.43	0.798067	0
13.6225	0.0183872	128.296	0.808735	0
13.642	0.0188521	126.767	0.802541	0
13.6254	0.0186025	126.919	0.788431	0
13.6153	0.0189929	126.969	0.817683	0
13.6305	0.0190111	127.573	0.808047	0
13.6357	0.0186547	127.59	0.797034	0
13.612	0.0193141	127.725	0.787743	0
13.6141	0.0192411	128.615	0.789807	0
13.6126	0.0188749	126.129	0.792905	0
13.5872	0.0190705	127.557	0.797379	0
13.5876	0.0186544	128.044	0.790152	0
13.6045	0.0182177	126.683	0.793937	0
13.6025	0.018506	126.28	0.810112	0
13.5728	0.0188895	126.633	0.789119	0
13.5731	0.0192272	127.053	0.790496	0
13.5895	0.0189772	126.616	0.783957	0
13.5492	0.0189537	126.751	0.800476	0
13.5314	0.0187467	128.178	0.805982	0
13.5773	0.0187111	125.945	0.817683	0
13.5713	0.0187887	126.331	0.789807	0
13.5734	0.0192852	127.657	0.766406	0
13.581	0.0193227	127.204	0.777418	0
13.554	0.0189241	125.81	0.79497	0
13.5772	0.0189063	127.036	0.813897	0
13.5782	0.0191826	127.893	0.809424	0
13.5437	0.0186732	127.17	0.786022	0
13.5449	0.0185168	126.751	0.780171	0
13.5374	0.0181338	127.12	0.793937	0
13.5317	0.0185807	126.599	0.791528	0
13.5297	0.0184998	127.473	0.800476	0
13.5191	0.0185174	126.868	0.816995	0
13.5053	0.0188051	127.691	0.800132	0
13.5144	0.0186758	126.784	0.805982	0
13.4949	0.0186692	125.34	0.78086	0
13.4811	0.0180535	125.844	0.795658	0
13.5384	0.0188074	126.835	0.804606	0
13.537	0.0187144	127.036	0.790496	0
13.5171	0.0185329	126.331	0.781892	0
13.5588	0.0187583	126.331	0.795314	0
13.5608	0.0183128	125.239	0.786366	0
13.5158	0.0184109	127.842	0.783957	0
13.4863	0.0187027	127.103	0.787054	0
13.4839	0.0185608	126.902	0.810112	0
13.4769	0.0188092	125.038	0.79084	0
13.4722	0.0188266	126.784	0.78671	0
13.4745	0.0187068	125.81	0.791528	0
13.4689	0.0187549	125.659	0.788087	0
13.4733	0.0186717	127.624	0.782236	0
13.4738	0.0190686	128.044	0.812177	0
13.471	0.0184928	126.566	0.804606	0
13.4813	0.0182136	126.902	0.795314	0
13.4795	0.0188105	126.65	0.803229	0
13.4624	0.0188656	127.859	0.783957	0
13.4485	0.0188486	126.213	0.805294	0
13.4515	0.0187377	127.825	0.802885	0
13.4567	0.0187977	125.542	0.794281	0
13.4627	0.0181593	126.247	0.789463	0
13.4713	0.0191536	126.566	0.778107	0
13.473	0.0185279	126.432	0.812865	0
13.4704	0.0188893	125.995	0.803917	0
13.4683	0.0188044	127.12	0.798067	0
13.4559	0.0187316	125.491	0.797034	0
13.4416	0.017785	126.633	0.815618	0
13.4306	0.0185097	127.439	0.783957	0
13.4213	0.0186201	125.239	0.791528	0
13.442	0.0190114	125.827	0.787398	0
13.4294	0.0188878	125.055	0.807703	0
13.4098	0.0183974	126.818	0.80667	0
13.4474	0.0184876	125.877	0.801852	0
13.4665	0.0189394	125.693	0.781892	0
13.4302	0.0184813	125.844	0.826287	0
13.427	0.018639	128.329	0.788087	0
13.4506	0.0183923	125.29	0.789119	0
13.4309	0.0182188	126.364	0.800476	0
13.415	0.0187339	126.633	0.789463	0
13.4165	0.0182725	126.297	0.807015	0
13.4536	0.0185434	126.23	0.789807	0
13.4541	0.0184005	126.264	0.801164	0
13.4096	0.0186894	127.17	0.803229	0
13.4089	0.0186053	126.398	0.787054	0
13.4248	0.0186843	127.07	0.82078	0
13.433	0.0187026	126.079	0.799099	0
13.4206	0.0183752	126.079	0.785678	0
13.4063	0.0187598	127.389	0.789119	0
13.4134	0.0184763	125.306	0.814586	0
13.4231	0.0185777	127.338	0.777074	0
13.4247	0.0181616	126.432	0.798411	0
13.4283	0.0186594	126.885	0.811833	0
13.4149	0.0181958	125.81	0.786366	0
13.4098	0.0184666	128.296	0.799788	0
13.4352	0.0186384	125.995	0.794281	0
13.444	0.0185353	127.036	0.791872	0
13.413	0.0188546	127.573	0.801508	0
13.3967	0.0186967	125.928	0.782236	0
13.4068	0.0186702	126.767	0.785678	0
13.4304	0.0186882	128.027	0.805982	0
13.4311	0.0182812	126.415	0.785678	0
13.3831	0.0185622	126.583	0.797723	0
13.3594	0.0185325	126.079	0.776386	0
13.3839	0.018987	125.81	0.790152	0
13.3794	0.0182716	126.818	0.813897	0
13.3888	0.0190211	125.961	0.798755	0
13.3918	0.0183004	126.7	0.798411	0
13.3743	0.0184121	126.902	0.795314	0
13.391	0.0181618	125.592	0.813553	0
13.3796	0.0188578	126.549	0.806326	0
13.3707	0.0187238	125.693	0.802197	0
13.3958	0.0182935	126.045	0.779483	0
13.4056	0.0184411	127.406	0.803229	0
13.4009	0.0186862	126.23	0.784301	0
13.4016	0.0188361	127.288	0.832137	0
13.4062	0.0185565	127.322	0.821469	0
13.4079	0.01877	126.734	0.783613	0
13.4141	0.0185861	126.331	0.781204	0
13.394	0.0182188	124.853	0.805294	0
13.3721	0.018275	126.683	0.803229	0
13.3856	0.0183691	126.583	0.784989	0
13.399	0.0186741	126.465	0.79497	0
13.4061	0.0185927	126.566	0.813553	0
13.3999	0.0191595	125.206	0.78671	0
13.3825	0.018274	127.573	0.788431	0
13.3736	0.0183103	126.029	0.809768	0
13.3742	0.0187737	126.247	0.794281	0
13.3904	0.0183613	127.406	0.775353	0
13.4038	0.0187698	127.019	0.809768	0
13.4054	0.0182076	127.036	0.811833	0
13.3947	0.0186638	127.557	0.776042	0
13.3602	0.0189249	126.734	0.797723	0
13.3718	0.0192319	127.322	0.811488	0
13.3837	0.0183629	128.178	0.791184	0
13.3706	0.0184978	125.894	0.812521	0
13.3685	0.018508	126.835	0.801164	0
13.3824	0.0187469	125.34	0.785334	0
13.3868	0.0185716	127.624	0.806326	0
13.3797	0.0186873	125.642	0.810456	0
13.3909	0.019051	126.835	0.801852	0
13.4033	0.0183369	125.189	0.774665	0
13.3711	0.018967	125.726	0.782925	0
13.3517	0.0185588	125.978	0.820092	0
13.3788	0.0181727	126.851	0.796346	0
13.3923	0.0188939	126.129	0.813209	0
13.3813	0.0182763	125.306	0.803917	0
13.3684	0.0184167	127.876	0.815274	0
13.3782	0.0186364	127.456	0.797034	0
13.3871	0.0186618	126.633	0.800476	0
13.3588	0.0184047	125.39	0.780171	0
13.3303	0.0181061	124.87	0.789463	0
13.3763	0.0182249	127.288	0.784645	0
13.4137	0.0188342	125.978	0.791528	0
13.3833	0.0182291	126.045	0.802197	0
13.3575	0.0190748	126.079	0.798067	0
13.3602	0.0186451	127.086	0.805294	0
13.3615	0.0189182	128.514	0.80667	0
13.3676	0.018645	126.448	0.79497	0
13.3578	0.0184481	126.348	0.805638	0
13.3394	0.0189984	127.641	0.802541	0
13.3442	0.0187606	126.969	0.77673	0
13.3616	0.0185245	126.264	0.789463	0
13.3697	0.0185786	126.717	0.785678	0
13.348	0.0184773	127.657	0.799099	0
13.333	0.0183266	127.288	0.787398	0
13.3614	0.0187767	125.961	0.80495	0
13.3687	0.0184301	126.398	0.78258	0
13.3562	0.0179527	126.314	0.80082	0
13.3572	0.0189028	126.616	0.791528	0
13.3481	0.01874	126.986	0.763308	0
13.3283	0.0181793	125.844	0.816651	0
13.3326	0.0182662	126.432	0.773633	0
13.3447	0.0182218	126.448	0.810112	0
13.3397	0.0186596	125.844	0.803917	0
13.3453	0.0184114	126.633	0.810112	0
13.3406	0.0182312	126.28	0.807015	0
13.3221	0.0188416	125.071	0.79084	0
13.3265	0.0182488	126.868	0.795314	0
13.3409	0.0189704	125.626	0.798067	0
13.3184	0.0183511	127.137	0.804606	0
13.312	0.0183579	124.803	0.802197	0
13.3244	0.0184983	125.659	0.802197	0
13.3214	0.0187272	126.23	0.799099	0
13.3511	0.0182581	127.271	0.806326	0
13.3549	0.0188916	125.055	0.798067	0
13.3075	0.0180848	127.288	0.793937	0
13.3261	0.0188059	125.105	0.799788	0
13.3542	0.0183455	125.592	0.784301	0
13.3382	0.0184619	126.919	0.793249	0
13.337	0.018717	125.071	0.792561	0
13.3293	0.0185828	127.305	0.78086	0
13.328	0.0183094	126.062	0.788775	0
13.3449	0.0186252	124.769	0.795314	0
13.3343	0.0187151	125.189	0.792561	0
13.3233	0.0185486	126.818	0.791872	0
13.3352	0.0180973	125.777	0.810456	0
13.3502	0.0190403	127.406	0.81493	0
13.3274	0.0183602	127.271	0.799788	0
13.3242	0.0183468	125.525	0.793593	0
13.3564	0.0184198	125.525	0.813209	0
13.353	0.0182908	127.204	0.781204	0
13.3267	0.0185866	125.575	0.80495	0
13.3124	0.0184982	126.633	0.799099	0
13.3285	0.0184745	125.592	0.777418	0
13.3028	0.0183247	126.885	0.815962	0
13.299	0.0181089	126.364	0.789119	0
13.3217	0.0185083	126.65	0.775009	0
13.3307	0.0189234	127.288	0.798067	0
13.351	0.0188082	125.844	0.785678	0
13.3317	0.0185486	124.87	0.764341	0
13.3322	0.0182043	127.103	0.808047	0
13.3433	0.0180278	124.064	0.781548	0
13.3101	0.0186442	125.105	0.818715	0
13.3026	0.0185168	125.827	0.797723	0
13.3091	0.0186227	126.348	0.815962	0
13.3125	0.0190257	125.29	0.810456	0
13.3276	0.0182586	127.523	0.81906	0
13.307	0.0185468	126.465	0.779139	0
13.2991	0.018164	126.18	0.787054	0
13.3386	0.0182209	126.599	0.788431	0
13.3544	0.0188058	125.508	0.795658	0
13.3303	0.0183488	126.012	0.779139	0
13.3106	0.0184584	125.122	0.821469	0
13.302	0.0184896	127.389	0.801164	0
13.3032	0.0181968	126.045	0.801508	0
13.32	0.0179742	126.667	0.792905	0
13.3316	0.0181106	128.06	0.790496	0
13.3181	0.0186903	126.767	0.79084	0
13.3149	0.0181138	125.726	0.789119	0
13.3092	0.0192368	124.232	0.790152	0
13.3075	0.0186171	126.717	0.799099	0
13.3048	0.0185235	126.751	0.801508	0
13.2998	0.0184467	125.256	0.807015	0
13.334	0.0185198	126.499	0.803229	0
13.3318	0.018192	125.105	0.798411	0
13.2909	0.0184167	126.465	0.792561	0
13.3081	0.018291	126.516	0.82078	0
13.3196	0.0183699	127.49	0.79669	0
13.3034	0.018537	126.113	0.817683	0
13.2987	0.018045	127.271	0.811144	0
13.3142	0.018181	126.7	0.785678	0
13.3347	0.0185896	124.601	0.792216	0
13.3287	0.0185252	128.212	0.771568	0
13.3233	0.0185707	125.726	0.803917	0
13.346	0.0185264	127.154	0.788087	0
13.3485	0.0185377	126.549	0.795314	0
13.3368	0.0183919	125.609	0.803229	0
13.3392	0.0178679	126.129	0.811144	0
13.3023	0.018748	125.81	0.786022	0
13.2761	0.0182485	127.238	0.806326	0
13.3151	0.0186504	126.885	0.776042	0
13.3356	0.0186005	125.306	0.786366	0
13.3163	0.0185147	126.079	0.793593	0
13.3126	0.0184212	125.995	0.794625	0
13.3248	0.0187821	125.626	0.810456	0
13.3251	0.0183774	126.801	0.794625	0
13.3133	0.0180944	126.415	0.809424	0
13.3294	0.0182013	127.103	0.797034	0
13.3341	0.0183147	126.129	0.809768	0
13.3269	0.0185533	126.784	0.792216	0
13.333	0.0185312	126.885	0.803229	0
13.3307	0.0181241	126.801	0.791184	0
13.3067	0.0181025	126.784	0.804606	0
13.2691	0.0182065	125.609	0.792216	0
13.2561	0.0181613	126.062	0.817683	0
13.2647	0.0185242	125.139	0.791528	0
13.2892	0.0177531	126.163	0.78258	0
13.31	0.0182997	125.945	0.788431	0
13.3068	0.0181825	126.616	0.817339	0
13.3127	0.0184102	125.525	0.812521	0
13.2936	0.018696	126.566	0.79669	0
13.2785	0.0178413	126.398	0.79497	0
13.2895	0.0181865	125.642	0.793593	0
13.3125	0.0184085	126.482	0.793249	0
13.3162	0.0187614	126.029	0.777762	0
13.2803	0.0183236	126.398	0.789119	0
13.2917	0.0183458	128.111	0.802541	0
13.3064	0.0180173	125.374	0.80082	0
13.2659	0.018046	125.626	0.801164	0
13.2595	0.0183016	126.516	0.804606	0
13.2607	0.0189595	125.441	0.796002	0
13.2903	0.0188021	126.851	0.79084	0
13.3399	0.0184197	125.004	0.793593	0
13.3186	0.0182797	126.012	0.797379	0
13.2912	0.0186962	126.532	0.796346	0
13.3066	0.018536	125.642	0.80082	0
13.2794	0.0183472	125.407	0.809424	0
13.2665	0.0184721	126.667	0.799788	0
13.3012	0.0181428	126.364	0.814242	0
13.2834	0.0184924	125.206	0.795314	0
13.2641	0.0184404	126.113	0.776386	0
13.2817	0.0187204	126.919	0.80082	0
13.2802	0.018314	124.4	0.818715	0
13.2763	0.0182708	126.012	0.798411	0
13.2868	0.0186458	126.751	0.819748	0
13.2846	0.0184545	127.019	0.797034	0
13.2701	0.0185901	125.861	0.792216	0
13.2763	0.0183071	127.17	0.798067	0
13.2867	0.0184204	126.297	0.811144	0
13.2933	0.0183018	126.264	0.778107	0
13.2716	0.0182366	125.357	0.79669	0
13.2592	0.018343	126.717	0.779827	0
13.293	0.0181954	126.331	0.79497	0
13.3135	0.018475	124.484	0.802885	0
13.2988	0.0190342	125.978	0.792561	0
13.2862	0.0182755	126.532	0.79084	0
13.2935	0.0183529	124.618	0.80495	0
13.2974	0.0182617	125.961	0.785678	0
13.3128	0.0181222	126.213	0.811144	0
13.3223	0.0179908	126.146	0.80667	0
13.292	0.0180717	126.314	0.792561	0
13.2811	0.0182175	125.239	0.803229	0
13.2922	0.0188356	123.762	0.791184	0
13.2756	0.0185549	125.558	0.784301	0
13.2484	0.0186196	126.247	0.7726	0
13.254	0.0181613	127.825	0.815618	0
13.2749	0.0184389	126.549	0.802541	0
13.295	0.0184302	126.264	0.789807	0
13.3099	0.0184417	125.777	0.820436	0
13.2958	0.0184027	127.338	0.798067	0
13.2836	0.0185117	125.542	0.784645	0
13.2569	0.0184435	126.717	0.794281	0
13.2643	0.0184343	125.306	0.796346	0
13.294	0.0186046	125.676	0.796346	0
13.2764	0.0180471	126.381	0.812865	0
13.2651	0.0177151	126.952	0.791528	0
13.2721	0.018569	125.256	0.8108	0
13.2691	0.0180483	126.683	0.804606	0
13.2754	0.018327	125.978	0.813209	0
13.2814	0.0183618	125.995	0.778451	0
13.2912	0.0183518	125.659	0.79669	0
13.2824	0.0186467	125.894	0.808047	0
13.2645	0.0185512	125.76	0.803573	0
13.2824	0.0186405	126.415	0.798755	0
13.3006	0.0186048	126.012	0.801852	0
13.2973	0.0183182	126.113	0.802885	0
13.2826	0.0183815	125.592	0.812177	0
13.2543	0.0184061	125.911	0.78671	0
13.259	0.0187905	124.769	0.787743	0
13.2722	0.0185321	126.717	0.805294	0
13.2652	0.0184756	123.98	0.790496	0
13.2611	0.0187996	126.247	0.781204	0
13.2686	0.0179833	126.012	0.807359	0
13.2527	0.018498	126.851	0.782236	0
13.2532	0.0184597	124.903	0.790152	0
13.3039	0.0186535	127.674	0.786366	0
13.3065	0.0179143	125.223	0.794625	0
13.2563	0.018453	125.223	0.786022	0
13.2688	0.0185813	124.786	0.779483	0
13.2944	0.018097	125.894	0.775009	0
13.2699	0.0183163	124.652	0.783613	0
13.2797	0.0189467	126.096	0.801508	0
13.2935	0.018389	125.676	0.793937	0
13.2786	0.0181546	126.18	0.804606	0
13.2692	0.0181537	126.213	0.805294	0
13.2735	0.0183298	125.542	0.788775	0
13.2871	0.018331	126.297	0.811488	0
13.2847	0.0184388	126.448	0.78086	0
13.2642	0.0184078	126.717	0.803917	0
13.2623	0.018067	127.086	0.798755	0
13.2982	0.0186009	125.189	0.798411	0
13.2925	0.0188342	125.441	0.801164	0
13.2856	0.018024	127.019	0.791872	0
13.3163	0.0181957	125.642	0.798755	0
13.3002	0.0181635	126.801	0.798411	0
13.2996	0.0182769	126.096	0.798411	0
13.31	0.0186013	125.995	0.779483	0
13.2845	0.0184832	128.044	0.81493	0
13.2813	0.0185956	125.155	0.781892	0
13.2707	0.0184624	125.693	0.783269	0
13.2571	0.0182125	126.482	0.80667	0
13.2666	0.0182216	125.139	0.8108	0
13.2678	0.0184308	126.029	0.793937	0
13.2677	0.0184491	125.877	0.800132	0
13.2506	0.0184742	126.633	0.805294	0
13.242	0.0179553	124.618	0.777074	0
13.256	0.0180372	126.264	0.796346	0
13.2709	0.0187533	125.693	0.793593	0
13.3099	0.0186198	127.473	0.79669	0
13.2925	0.0182675	125.676	0.798067	0
13.2411	0.0186646	125.81	0.796002	0
13.268	0.0182933	125.021	0.804261	0
13.2541	0.0177301	125.609	0.797723	0
13.2515	0.0187522	125.844	0.797034	0
13.2885	0.0185896	126.767	0.800476	0
13.2801	0.0182507	126.213	0.791528	0
13.2624	0.0181736	125.004	0.800476	0
13.2561	0.0185847	125.961	0.785678	0
13.2624	0.0182849	125.945	0.801508	0
13.272	0.0180945	126.935	0.792905	0
13.2631	0.0179511	126.348	0.792561	0
13.2631	0.0186529	126.784	0.799099	0
13.2744	0.0184108	125.474	0.808735	0
13.2733	0.0183005	126.784	0.783613	0
13.269	0.0185989	125.961	0.811833	0
13.2808	0.0184922	125.491	0.798067	0
13.2849	0.0183454	126.549	0.805982	0
13.2531	0.0183052	125.021	0.807359	0
13.2342	0.0182406	125.642	0.803917	0
13.2552	0.0183093	124.635	0.788775	0
13.2655	0.0179714	126.7	0.813553	0
13.2812	0.0189445	126.062	0.791528	0
13.2876	0.0179027	126.767	0.815618	0
13.2727	0.0181474	126.432	0.811833	0
13.2675	0.0182668	125.911	0.801508	0
13.2721	0.0182311	126.196	0.794625	0
13.2922	0.0180563	125.726	0.798411	0
13.2849	0.0184196	125.76	0.79669	0
13.2851	0.0186815	126.448	0.783269	0
13.3003	0.0186095	125.693	0.778795	0
13.3163	0.0187835	125.76	0.815274	0
13.2992	0.0182688	125.777	0.797723	0
13.2925	0.0184973	125.642	0.791872	0
13.2971	0.0186419	126.398	0.784301	0
13.2637	0.0182729	124.954	0.798755	0
13.2649	0.0181088	125.81	0.805982	0
13.2727	0.0180249	126.432	0.802885	0
13.2731	0.0182282	125.743	0.798067	0
13.2718	0.017939	126.919	0.789463	0
13.2717	0.018464	128.346	0.78086	0
13.3122	0.0181808	126.583	0.819404	0
13.3159	0.0185029	126.012	0.817339	0
13.2633	0.0184311	126.767	0.782236	0
13.2608	0.0184679	127.372	0.80082	0
13.2933	0.0183914	126.398	0.792905	0
13.2938	0.0187446	125.39	0.795658	0
13.2787	0.0184441	125.777	0.793593	0
13.273	0.018634	125.726	0.812521	0
13.2437	0.0181101	125.709	0.819404	0
13.2736	0.0187099	126.213	0.789119	0
13.3274	0.018074	125.038	0.778107	0
13.2946	0.0187906	127.053	0.783957	0
13.2574	0.0185747	125.273	0.797723	0
13.2706	0.018621	126.7	0.794625	0
13.2941	0.0182076	125.306	0.801508	0
13.2756	0.0179048	125.474	0.778107	0
13.262	0.0186265	126.213	0.791872	0
13.2811	0.0180264	125.558	0.788087	0
13.3042	0.0186477	126.247	0.808735	0
13.3148	0.0186169	126.113	0.807015	0
13.2958	0.0185394	125.609	0.791528	0
13.269	0.0183307	126.835	0.80082	0
13.2711	0.0184408	125.609	0.825254	0
13.2373	0.0183784	125.474	0.805294	0
13.2178	0.0182215	126.314	0.797723	0
13.286	0.0181138	126.129	0.798411	0
13.3007	0.0184253	124.685	0.791528	0
13.2491	0.0188818	126.381	0.800476	0
13.2626	0.018407	126.65	0.788431	0
13.2873	0.0183847	126.583	0.790152	0
13.2672	0.0188234	125.995	0.814586	0
13.2551	0.0181806	127.154	0.807359	0
13.2659	0.0184334	126.935	0.794281	0
13.2602	0.0182871	125.139	0.802197	0
13.2496	0.018214	125.374	0.803573	0
13.2741	0.0183218	126.096	0.796002	0
13.2921	0.0181298	125.39	0.794625	0
13.2824	0.0184685	125.777	0.782236	0
13.2959	0.0181045	126.885	0.780171	0
13.2738	0.0183048	126.717	0.791872	0
13.2411	0.0189175	126.667	0.803917	0
13.2744	0.0187451	125.558	0.797379	0
13.3094	0.018176	124.987	0.789463	0
13.2844	0.0185723	125.844	0.793593	0
13.2674	0.0182463	126.516	0.804606	0
13.256	0.0186864	127.019	0.808047	0
13.2686	0.0186239	124.92	0.807015	0
13.2806	0.0185826	125.844	0.784989	0
13.2578	0.0180235	125.844	0.788775	0
13.2612	0.018676	125.861	0.803917	0
13.2815	0.0190119	125.844	0.809424	0
13.2821	0.0182223	125.961	0.811833	0
13.2807	0.0181293	126.398	0.798755	0
13.2912	0.0183288	125.609	0.806326	0
13.2574	0.018559	125.961	0.816995	0
13.2543	0.0181546	124.433	0.786366	0
13.2881	0.0184464	127.019	0.779139	0
13.2704	0.0180928	126.18	0.815962	0
13.2667	0.0185126	126.952	0.788775	0
13.2926	0.0184699	125.206	0.779139	0
13.2738	0.0182152	125.659	0.794625	0
13.2671	0.0182596	127.372	0.807015	0
13.2962	0.0190519	125.609	0.795658	0
13.2927	0.0182328	125.743	0.788087	0
13.2833	0.0179569	126.65	0.8108	0
13.2827	0.0180739	125.508	0.800476	0
13.2711	0.0178308	127.473	0.794625	0
13.2818	0.0180571	125.424	0.800476	0
13.2715	0.0180611	125.693	0.780516	0
13.2566	0.0178186	126.062	0.77088	0
13.2729	0.0182109	126.952	0.803229	0
13.2962	0.018093	124.736	0.777074	0
13.2678	0.0180867	125.76	0.790152	0
13.252	0.0179679	126.331	0.794281	0
13.2769	0.0184353	127.221	0.808047	0
13.2461	0.0187016	126.516	0.795314	0
13.2389	0.0182001	125.021	0.789807	0
13.2885	0.0184815	126.969	0.80667	0
13.2744	0.0183109	125.206	0.808391	0
13.2404	0.0184665	126.482	0.797723	0
13.2688	0.0181556	125.038	0.779139	0
13.2864	0.0181734	126.7	0.820436	0
13.2926	0.0178556	123.829	0.794281	0
13.282	0.0179606	127.17	0.801508	0
13.2624	0.0183596	125.491	0.799443	0
13.2822	0.018524	127.003	0.793593	0
13.2868	0.0183182	127.49	0.804261	0
13.2486	0.0182676	125.525	0.819404	0
13.269	0.0182624	126.23	0.816651	0
13.2961	0.0184294	125.592	0.819748	0
13.2608	0.0183596	126.986	0.79084	0
13.2766	0.0182249	127.355	0.814242	0
13.2854	0.0185772	125.088	0.792561	0
13.246	0.0182054	126.616	0.803573	0
13.2655	0.0178135	126.516	0.785334	0
13.3093	0.0185675	125.575	0.799099	0
13.2923	0.018136	126.381	0.796002	0
13.2694	0.018271	125.659	0.792561	0
13.2844	0.0184828	125.709	0.790496	0
13.2731	0.0182868	124.081	0.798411	0
13.2573	0.0183757	125.004	0.794281	0
13.2809	0.0186374	124.584	0.779827	0
13.2733	0.018731	126.096	0.81493	0
13.2722	0.0185868	126.264	0.812177	0
13.2862	0.0180549	124.92	0.793937	0
13.2692	0.0178651	126.045	0.78086	0
13.2647	0.0183387	126.196	0.778107	0
13.2702	0.0186681	126.599	0.790152	0
13.2803	0.0187276	125.827	0.819748	0
13.2781	0.0184727	127.003	0.791528	0
13.2623	0.0182254	126.348	0.803917	0
13.2441	0.0180242	124.416	0.808047	0
13.2484	0.0189205	126.196	0.81906	0
13.2616	0.0188065	126.448	0.805638	0
13.2534	0.0187457	126.247	0.820436	0
13.2381	0.0186037	127.137	0.809424	0
13.2445	0.0188084	126.835	0.795314	0
13.2658	0.0185118	126.432	0.798067	0
13.2513	0.0190105	125.055	0.802885	0
13.2521	0.0183543	125.709	0.780516	0
13.2847	0.0187821	127.389	0.828007	0
13.3112	0.0180536	125.877	0.804261	0
13.2858	0.0186846	125.693	0.802541	0
13.2446	0.0184324	127.422	0.807703	0
13.2762	0.0181847	124.484	0.797379	0
13.2939	0.0180452	127.859	0.808047	0
13.2711	0.018057	125.827	0.801852	0
13.2743	0.018182	124.702	0.780516	0
13.2735	0.0182286	125.676	0.816306	0
13.265	0.0182526	126.364	0.793937	0
13.2817	0.0183172	124.853	0.797723	0
13.2811	0.0188021	126.532	0.807703	0
13.2639	0.0182924	126.163	0.802885	0
13.2499	0.0186846	126.079	0.782236	0
13.2676	0.0180591	126.415	0.789463	0
13.2955	0.0184538	126.516	0.80082	0
13.2813	0.0185838	124.736	0.784989	0
13.2639	0.017892	125.961	0.786366	0
13.231	0.018109	125.743	0.788775	0
13.2132	0.018219	127.17	0.793593	0
13.2504	0.0182028	125.709	0.812521	0
13.2626	0.0182721	124.769	0.769503	0
13.2402	0.0181205	125.894	0.803573	0
13.2501	0.0181572	126.213	0.793249	0
13.2606	0.0184045	124.819	0.805638	0
13.243	0.0181099	126.465	0.788087	0
13.2511	0.0185767	126.045	0.810456	0
13.2529	0.0181877	126.331	0.792561	0
13.2778	0.018019	126.364	0.797034	0
13.2906	0.0186425	126.835	0.802885	0
13.2665	0.0182165	126.599	0.799099	0
13.2698	0.0179639	127.439	0.811488	0
13.281	0.0181365	125.306	0.819748	0
13.2726	0.0183417	125.877	0.802541	0
13.2537	0.0185486	124.87	0.793937	0
13.2495	0.0179562	125.34	0.788775	0
13.2648	0.0180335	124.819	0.789463	0
13.2752	0.0183193	126.297	0.807015	0
13.2852	0.0184108	125.743	0.787054	0
13.2563	0.0186319	127.49	0.80667	0
13.2394	0.0189346	124.971	0.807703	0
13.2718	0.0183774	126.297	0.789807	0
13.2745	0.0183488	125.995	0.802197	0
13.2639	0.018324	126.952	0.79084	0
13.2608	0.0183224	127.422	0.795658	0
13.2777	0.0180607	125.357	0.799443	0
13.2825	0.0180116	126.868	0.803229	0
13.261	0.0182309	125.709	0.799443	0
13.2726	0.018405	127.103	0.790152	0
13.2948	0.0182661	126.213	0.798411	0
13.2871	0.0185667	126.012	0.809424	0
13.2677	0.0181524	125.626	0.804261	0
13.2526	0.018513	126.398	0.80082	0
13.2261	0.0184042	125.542	0.798755	0
13.2237	0.0182932	126.045	0.805294	0
13.274	0.0184942	126.465	0.807015	0
13.2797	0.018938	125.911	0.788087	0
13.2457	0.0179849	127.07	0.791184	0
13.2683	0.0183386	124.752	0.792905	0
13.2784	0.0189239	125.928	0.793593	0
13.246	0.018293	125.542	0.798067	0
13.2423	0.0184007	125.172	0.79497	0
13.2373	0.0184534	127.003	0.808047	0
13.2536	0.0186034	126.717	0.775353	0
13.2747	0.017935	125.155	0.807703	0
13.2615	0.017702	125.777	0.807015	0
13.2559	0.0177216	127.003	0.802541	0
13.2583	0.0183948	126.348	0.788775	0
13.2474	0.0185761	126.18	0.787054	0
13.2579	0.0183992	125.474	0.787743	0
13.2716	0.0185075	125.273	0.801852	0
13.2861	0.0184928	125.743	0.789807	0
13.2761	0.0188721	126.448	0.803229	0
13.2585	0.0181732	127.204	0.784301	0
13.2784	0.0182153	126.499	0.797034	0
13.2659	0.0182413	125.189	0.782236	0
13.2621	0.018257	126.633	0.801852	0
13.297	0.0182149	126.364	0.798755	0
13.3011	0.0185992	126.029	0.80495	0
13.2919	0.0186689	125.122	0.793937	0
13.2899	0.0181647	125.76	0.798411	0
13.247	0.0179517	125.642	0.811488	0
13.2369	0.0182187	125.827	0.789463	0
13.2949	0.0184327	125.39	0.793593	0
13.3213	0.0184449	125.609	0.799099	0
13.2865	0.0185397	125.676	0.788087	0
13.2537	0.0183953	126.499	0.792561	0
13.2658	0.0182601	126.045	0.80082	0
13.2725	0.0181879	126.583	0.816306	0
13.2362	0.0182271	126.432	0.773289	0
13.2346	0.0183604	126.012	0.809768	0
13.2857	0.0184379	126.683	0.773289	0
13.308	0.0186468	126.818	0.796346	0
13.2855	0.0185374	125.122	0.80082	0
13.2572	0.0186673	124.819	0.800132	0
13.24	0.0184424	126.247	0.813553	0
13.2489	0.0179964	125.004	0.788087	0
13.2787	0.0183308	125.223	0.816306	0
13.2818	0.0186785	126.465	0.789119	0
13.2597	0.0179154	126.264	0.774665	0
13.241	0.0183596	124.853	0.792905	0
13.2408	0.0179392	125.961	0.778795	0
13.2649	0.0186675	126.096	0.790496	0
13.304	0.0188573	124.736	0.789463	0
13.2978	0.0185753	126.767	0.789119	0
13.2881	0.0185172	125.81	0.773633	0
13.2894	0.018403	125.374	0.791872	0
13.2557	0.0181328	126.163	0.805638	0
13.2378	0.0182748	124.87	0.796346	0
13.2592	0.0178767	125.961	0.779827	0
13.2596	0.0184513	127.053	0.780516	0
13.2586	0.0178242	126.297	0.795314	0
13.2715	0.018424	125.861	0.765373	0
13.2696	0.0187313	125.525	0.793593	0
13.2675	0.0182316	126.549	0.788775	0
13.2749	0.018168	125.592	0.801852	0
13.2629	0.0183963	125.609	0.792216	0
13.2535	0.0186085	126.499	0.79669	0
13.2675	0.018047	125.777	0.812177	0
13.2767	0.0179419	126.717	0.799099	0
13.2807	0.0182547	125.877	0.802541	0
13.281	0.0188851	126.297	0.803573	0
13.2808	0.0186028	125.777	0.780171	0
13.275	0.0185515	125.088	0.777074	0
13.2637	0.0181586	126.415	0.783613	0
13.2748	0.0183224	125.928	0.799788	0
13.2726	0.0182442	125.676	0.787743	0
13.2498	0.0185717	125.34	0.793937	0
13.2725	0.0183947	125.894	0.787054	0
13.2926	0.0183413	124.467	0.805982	0
13.2608	0.0184286	126.919	0.794281	0
13.2558	0.018497	125.945	0.779483	0
13.2655	0.0178094	126.415	0.808735	0
13.282	0.0185972	125.609	0.784989	0
13.2976	0.0186242	124.03	0.805982	0
13.271	0.0181676	125.34	0.797034	0
13.253	0.0184615	125.004	0.799099	0
13.2533	0.0183059	126.113	0.803229	0
13.2433	0.0182102	126.919	0.803917	0
13.2777	0.0181501	126.28	0.800476	0
13.292	0.0185663	125.038	0.778795	0
13.2701	0.0184167	127.976	0.801852	0
13.2845	0.0182619	125.239	0.786022	0
13.2816	0.0184111	125.827	0.787054	0
13.2639	0.0183856	126.549	0.791872	0
13.2629	0.0187031	125.743	0.795658	0
13.2683	0.0187002	126.23	0.795314	0
13.2709	0.0179618	126.364	0.823189	0
13.261	0.0181879	128.531	0.798067	0
13.2595	0.0184056	126.113	0.815274	0
13.2738	0.0181269	125.424	0.789119	0
13.2723	0.0178183	125.961	0.802885	0
13.2624	0.0181677	125.458	0.799099	0
13.2669	0.0186923	126.969	0.791528	0
13.2761	0.0179729	126.28	0.779483	0
13.2644	0.0189382	124.584	0.808391	0
13.2541	0.0182787	125.777	0.8108	0
13.2538	0.0182385	126.683	0.788431	0
13.2498	0.0184729	125.642	0.814586	0
13.2713	0.0184116	125.81	0.800476	0
13.2805	0.0179588	125.273	0.781548	0
13.2309	0.0181758	125.626	0.789463	0
13.2155	0.0179566	125.525	0.799788	0
13.2635	0.0176539	126.28	0.819404	0
13.2771	0.0182011	125.861	0.811833	0
13.2523	0.0179153	126.717	0.803917	0
13.2425	0.0181887	126.062	0.791528	0
13.2642	0.0180062	125.189	0.805294	0
13.2749	0.0183375	125.861	0.798067	0
13.2528	0.0184276	126.163	0.816306	0
13.2756	0.0180303	125.777	0.807015	0
13.308	0.0179618	125.894	0.807359	0
13.2897	0.0183262	126.734	0.801164	0
13.2742	0.0178992	126.28	0.799443	0
13.2496	0.0181073	125.172	0.808735	0
13.2367	0.0178201	126.398	0.798411	0
13.2518	0.0181934	124.349	0.801164	0
13.2493	0.0185398	125.34	0.780516	0
13.2665	0.0183585	125.206	0.784989	0
13.2665	0.0187455	126.969	0.804606	0
13.2442	0.0184837	125.609	0.80495	0
13.2703	0.0180999	125.575	0.794625	0
13.2721	0.0182279	124.87	0.802197	0
13.2478	0.017798	125.239	0.813209	0
13.2755	0.0184718	124.971	0.789119	0
13.2886	0.0179675	127.624	0.803917	0
13.2653	0.0180297	126.784	0.817339	0
13.2505	0.0183342	125.928	0.811833	0
13.2507	0.0182456	124.013	0.805294	0
13.259	0.0180184	127.338	0.795314	0
13.2763	0.0184525	126.247	0.799443	0
13.2859	0.0183658	125.458	0.782925	0
13.2576	0.0189843	126.096	0.78258	0
13.2392	0.0185562	124.433	0.788087	0
13.2695	0.0184518	127.691	0.804261	0
13.2826	0.0186254	125.474	0.781204	0
13.2668	0.0182448	126.113	0.791528	0
13.2731	0.0186193	126.264	0.80495	0
13.2808	0.0185004	124.702	0.812865	0
13.2608	0.0182383	127.708	0.797034	0
13.2726	0.0186466	125.323	0.811833	0
13.2968	0.0181911	126.129	0.80082	0
13.2668	0.0186595	127.758	0.782925	0
13.2542	0.0183094	127.003	0.805638	0
13.2762	0.0189213	126.767	0.791528	0
13.2744	0.01894	125.34	0.80667	0
13.2621	0.0185203	127.221	0.790152	0
13.2718	0.0184546	124.887	0.800132	0
13.2447	0.0181378	126.599	0.785678	0
13.2324	0.0180905	126.213	0.802885	0
13.2595	0.0183208	126.045	0.786366	0
13.2439	0.0183809	124.803	0.830416	0
13.2447	0.0185975	127.338	0.803229	0
13.2805	0.0184545	125.424	0.777418	0
13.294	0.0189289	123.946	0.80667	0
13.2778	0.0184771	124.668	0.78258	0
13.2566	0.0185167	126.835	0.831105	0
13.243	0.0184467	126.213	0.802885	0
13.231	0.01775	126.465	0.782925	0
13.2455	0.0185269	125.911	0.804261	0
13.2774	0.0187542	125.76	0.798067	0
13.2845	0.018578	125.542	0.798755	0
13.2778	0.0182128	124.618	0.78671	0
13.2785	0.0185665	125.726	0.773633	0
13.2607	0.0185768	124.534	0.789807	0
13.2351	0.0179793	125.34	0.79669	0
13.2498	0.0182572	126.029	0.80495	0
13.2708	0.0186639	125.105	0.815274	0
13.2611	0.0183259	125.659	0.796002	0
13.2544	0.0186053	125.609	0.793937	0
13.273	0.018684	126.28	0.817683	0
13.2612	0.0184915	123.862	0.794281	0
13.2397	0.0182526	126.432	0.788087	0
13.2352	0.018455	126.18	0.801508	0
13.2309	0.0185314	125.273	0.801852	0
13.2496	0.0185533	126.751	0.807015	0
13.2792	0.0183507	125.676	0.805294	0
13.2659	0.0184882	126.516	0.821124	0
13.2349	0.0183026	124.114	0.801852	0
13.2637	0.0183815	126.432	0.799443	0
13.2817	0.0180963	126.163	0.791872	0
13.2597	0.0185501	125.777	0.807703	0
13.2706	0.0184488	125.861	0.794625	0
13.2669	0.0182941	126.398	0.799443	0
13.2606	0.0183043	126.264	0.809079	0
13.2525	0.0179852	124.534	0.797379	0
13.2211	0.018244	125.004	0.803229	0
13.2493	0.0185569	127.204	0.804606	0
13.276	0.0181951	125.592	0.807703	0
13.2621	0.0182486	126.264	0.810456	0
13.2518	0.0181335	124.937	0.791184	0
13.2651	0.01822	126.902	0.811488	0
13.2698	0.0188324	125.793	0.766062	0
13.2841	0.0181961	126.784	0.811144	0
13.2838	0.018803	125.189	0.807703	0
13.2273	0.0179395	125.592	0.81493	0
13.2304	0.0180242	126.65	0.80082	0
13.2767	0.0182108	126.952	0.813209	0
13.2867	0.0182588	126.331	0.783957	0
13.2815	0.0186164	125.39	0.791184	0
13.2444	0.0184767	127.338	0.802541	0
13.2329	0.0182256	125.575	0.784645	0
13.2681	0.0177471	127.07	0.801164	0
13.26	0.018271	125.894	0.791184	0
13.2317	0.0183633	125.642	0.785334	0
13.2511	0.0183889	126.549	0.809768	0
13.2716	0.0185045	127.17	0.80667	0
13.2501	0.0183229	124.87	0.785334	0
13.241	0.0185284	126.23	0.800132	0
13.2633	0.0185495	125.122	0.807359	0
13.2694	0.0191322	125.575	0.796002	0
13.2676	0.0185266	125.306	0.809768	0
13.2882	0.0183657	125.928	0.801164	0
13.2843	0.0181621	124.416	0.796346	0
13.2782	0.0182644	126.583	0.792905	0
13.2887	0.018739	125.693	0.798755	0
13.2651	0.0179283	127.221	0.79497	0
13.2627	0.0179325	125.155	0.787054	0
13.2553	0.0183877	123.728	0.775698	0
13.2367	0.0184132	126.868	0.76675	0
13.2771	0.0179088	126.045	0.82491	0
13.2837	0.0180629	125.071	0.794625	0
13.2583	0.0181456	125.945	0.789807	0
13.2835	0.0182228	125.105	0.790152	0
13.2937	0.0184342	127.254	0.79669	0
13.2616	0.0186424	125.709	0.805982	0
13.2325	0.018481	124.467	0.801164	0
13.228	0.018497	124.047	0.80495	0
13.2589	0.0179793	125.575	0.808391	0
13.2744	0.0181761	126.65	0.781892	0
13.2559	0.0184099	128.06	0.802541	0
13.2608	0.0183812	125.626	0.799788	0
13.2732	0.0183934	126.784	0.8108	0
13.2744	0.0183597	128.01	0.772944	0
13.2513	0.0179223	123.762	0.800476	0
13.2319	0.0181978	126.683	0.784989	0
13.2399	0.0180054	125.844	0.796346	0
13.2582	0.017576	126.633	0.786366	0
13.2903	0.0184175	126.902	0.789463	0
13.2839	0.0186328	126.146	0.798755	0
13.2495	0.0185858	126.012	0.803229	0
13.2194	0.0186205	126.113	0.806326	0
13.2348	0.0181262	125.407	0.794625	0
13.2664	0.0184654	126.23	0.786366	0
13.2519	0.0183978	125.004	0.803573	0
13.2389	0.0185311	126.163	0.801508	0
13.2539	0.0183791	127.254	0.811144	0
13.2791	0.0184211	125.407	0.802885	0
13.2699	0.0182802	126.264	0.777074	0
13.2352	0.0184586	127.103	0.799443	0
13.2314	0.0182958	125.323	0.788775	0
13.2407	0.0177542	125.743	0.798067	0
13.2574	0.0183372	126.7	0.802197	0
13.2766	0.0180935	125.592	0.804606	0
13.2671	0.0185331	125.995	0.794281	0
13.2532	0.0185375	125.961	0.794625	0
13.2634	0.018496	125.928	0.782236	0
13.2603	0.0182593	125.928	0.815274	0
13.2237	0.0183269	126.549	0.821813	0
13.2247	0.0185826	124.971	0.799788	0
13.2632	0.0184896	126.213	0.780516	0
13.2675	0.0180926	125.273	0.787398	0
13.2368	0.0181606	126.348	0.808391	0
13.2439	0.0182886	125.071	0.77673	0
13.2783	0.0186739	124.584	0.787743	0
13.2759	0.0186546	128.027	0.799788	0
13.2585	0.0187772	124.786	0.793593	0
13.2691	0.0186743	126.801	0.783613	0
13.2718	0.0180435	127.271	0.815618	0
13.2496	0.0183553	126.616	0.781892	0
13.2546	0.0181489	126.734	0.795658	0
13.263	0.0182021	126.516	0.807703	0
13.2434	0.0184343	125.592	0.800476	0
13.2401	0.017684	125.659	0.794625	0
13.2592	0.0184093	125.491	0.803229	0
13.2681	0.0181936	126.381	0.784301	0
13.2595	0.018412	126.096	0.801508	0
13.2542	0.0183909	126.7	0.812521	0
13.2378	0.0181761	124.652	0.801164	0
13.2297	0.0180052	125.038	0.78671	0
13.2675	0.0182684	126.364	0.809079	0
13.2803	0.0185207	126.835	0.788431	0
13.2527	0.0184946	125.122	0.791184	0
13.2579	0.0181512	125.525	0.777762	0
13.2743	0.0185052	125.676	0.799443	0
13.254	0.0187967	126.868	0.802885	0
13.2695	0.0184736	125.374	0.794625	0
13.2712	0.018289	125.76	0.790152	0
13.2526	0.0181478	126.398	0.82078	0
13.2736	0.0187779	124.685	0.797379	0
13.2991	0.0186546	127.523	0.804261	0
13.2923	0.0183736	125.491	0.778451	0
13.2608	0.019091	125.793	0.796002	0
13.2557	0.0182255	125.978	0.794625	0
13.2482	0.0180889	126.348	0.783957	0
13.2492	0.0180226	125.558	0.814586	0
13.275	0.017989	124.752	0.795314	0
13.2555	0.0179319	127.003	0.805294	0
13.2389	0.0183488	125.609	0.788431	0
13.2614	0.0182045	126.566	0.798411	0
13.281	0.0181058	126.851	0.784989	0
13.2695	0.0181141	126.079	0.807015	0
13.2404	0.0186115	127.456	0.819404	0
13.2557	0.0183693	125.844	0.797379	0
13.267	0.018204	125.29	0.802541	0
13.2395	0.0181779	126.599	0.779483	0
13.2487	0.0181428	125.844	0.782925	0
13.2483	0.0186214	125.558	0.798755	0
13.2457	0.0185616	125.945	0.809768	0
13.2797	0.0186441	124.534	0.809424	0
13.2857	0.0182866	125.256	0.822157	0
13.2674	0.0185185	125.525	0.789119	0
13.2729	0.0184997	126.583	0.801164	0
13.2842	0.0179825	126.65	0.797379	0
13.2874	0.0184278	126.062	0.776386	0
13.2652	0.0184441	125.256	0.815962	0
13.2494	0.018472	125.978	0.805982	0
13.2449	0.0179629	125.223	0.800132	0
13.2265	0.0181343	124.903	0.791872	0
13.2367	0.0181731	124.987	0.784301	0
13.2886	0.018008	126.499	0.802541	0
13.2919	0.0186332	127.641	0.804261	0
13.2605	0.0185361	126.566	0.815274	0
13.2626	0.0182784	127.825	0.794281	0
13.2484	0.0183638	126.28	0.801508	0
13.2424	0.0184542	126.448	0.778107	0
13.2693	0.0179707	125.911	0.79669	0
13.2871	0.0184334	126.549	0.798067	0
13.2886	0.017732	125.76	0.804261	0
13.2548	0.0177584	124.332	0.797723	0
13.2499	0.0180757	126.448	0.797379	0
13.2518	0.0180989	124.987	0.801852	0
13.2358	0.018833	125.223	0.797723	0
13.2769	0.0185866	126.18	0.80082	0
13.2853	0.0184171	125.995	0.775353	0
13.2548	0.0184769	126.129	0.792905	0
13.2628	0.0180756	126.667	0.798411	0
13.253	0.0182683	125.357	0.796346	0
13.2381	0.0177505	125.693	0.810112	0
13.2533	0.0182397	124.702	0.79084	0
13.254	0.0180172	124.786	0.804606	0
13.2672	0.0190329	125.374	0.787054	0
13.2932	0.0180357	127.204	0.776386	0
13.2761	0.0182886	124.937	0.823878	0
13.2601	0.0178934	125.978	0.794625	0
13.2588	0.018544	124.971	0.791872	0
13.2261	0.0188349	125.139	0.809079	0
13.2375	0.0184691	127.036	0.802197	0
13.2864	0.01802	125.877	0.807015	0
13.2679	0.0185319	126.734	0.807359	0
13.2352	0.0183702	124.803	0.783957	0
13.2407	0.018037	124.92	0.794625	0
13.258	0.0184788	126.113	0.799443	0
13.2788	0.0188217	126.499	0.802885	0
13.2694	0.0187025	126.146	0.795658	0
13.2323	0.0179302	127.372	0.802885	0
13.2315	0.0184295	125.861	0.80495	0
13.2432	0.018118	126.012	0.792561	0
13.2322	0.0176878	126.516	0.807703	0
13.2385	0.0178529	126.045	0.826631	0
13.2484	0.0178936	124.635	0.784301	0
13.2645	0.0183171	125.861	0.798067	0
13.2648	0.0184028	125.105	0.789463	0
13.2492	0.0179831	126.532	0.795658	0
13.2437	0.0181067	126.667	0.804606	0
13.2388	0.0181532	125.81	0.796346	0
13.2352	0.0182375	126.935	0.792216	0
13.2395	0.0182047	125.978	0.795658	0
13.2672	0.0182367	126.583	0.809424	0
13.2753	0.0182481	125.894	0.799788	0
13.2566	0.0184571	126.045	0.786366	0
13.2614	0.0187166	125.676	0.808735	0
13.263	0.0179143	125.357	0.806326	0
13.2634	0.0182657	125.726	0.784989	0
13.2568	0.0183721	124.987	0.794625	0
13.2356	0.0176757	126.902	0.783957	0
13.2662	0.018002	127.204	0.791184	0
13.3041	0.0180232	125.071	0.783957	0
13.2685	0.0183305	126.062	0.798067	0
13.235	0.0180306	126.381	0.803573	0
13.2414	0.0180545	124.853	0.789463	0
13.264	0.0185524	127.674	0.799099	0
13.2823	0.0185363	125.424	0.802541	0
13.2697	0.0184838	125.542	0.799788	0
13.2636	0.0184697	124.551	0.801164	0
13.2938	0.0188235	126.516	0.803917	0
13.2803	0.0187459	125.995	0.816995	0
13.2678	0.0186126	126.247	0.823533	0
13.2895	0.018543	125.877	0.778451	0
13.2883	0.0180901	127.238	0.795314	0
13.2724	0.0181154	126.029	0.804261	0
13.2666	0.0184836	126.28	0.793937	0
13.2541	0.018022	125.374	0.784301	0
13.2409	0.018415	126.432	0.801852	0
13.2272	0.0184122	125.474	0.812521	0
13.2421	0.0183947	125.877	0.776386	0
13.2547	0.0184475	126.448	0.813553	0
13.2194	0.0186317	125.189	0.791184	0
13.2291	0.0183383	127.17	0.805294	0
13.2731	0.0182248	125.038	0.792561	0
13.2387	0.0185633	124.702	0.811144	0
13.2147	0.0185534	124.853	0.819404	0
13.2589	0.0183877	124.954	0.78671	0
13.2685	0.0181387	126.599	0.803229	0
13.2514	0.0184096	124.652	0.791184	0
13.2515	0.0188206	125.777	0.789807	0
13.269	0.0180536	125.626	0.798067	0
13.2797	0.0186319	126.146	0.795314	0
13.268	0.0183881	125.626	0.794625	0
13.2494	0.0184238	126.902	0.788087	0
13.2233	0.0180713	125.558	0.796346	0
13.244	0.0185379	127.003	0.787398	0
13.2978	0.0187354	126.935	0.798755	0
13.2805	0.0179188	125.021	0.79084	0
13.2567	0.0185828	125.693	0.797034	0
13.2875	0.0184064	127.825	0.793937	0
13.2744	0.0188568	125.542	0.788775	0
13.2283	0.0184876	125.659	0.815618	0
13.2365	0.0182775	126.096	0.798067	0
13.2511	0.0181766	126.935	0.802197	0
13.2494	0.0180511	125.474	0.79669	0
13.2478	0.0180188	126.986	0.791872	0
13.233	0.018665	124.047	0.794281	0
13.2507	0.0179802	124.282	0.763997	0
13.2678	0.0184232	125.709	0.800132	0
13.2396	0.0181109	124.282	0.802885	0
13.2355	0.0186457	125.088	0.792216	0
13.2303	0.0182051	125.642	0.766062	0
13.2513	0.0183781	126.448	0.809079	0
13.2902	0.0186212	127.389	0.789807	0
13.2495	0.0186325	127.322	0.799443	0
13.2335	0.0186392	124.971	0.773977	0
13.2808	0.0180472	126.029	0.791528	0
13.2808	0.0183357	126.264	0.813209	0
13.2545	0.0185634	126.398	0.801164	0
13.2777	0.019026	125.458	0.799099	0
13.2833	0.0186325	127.641	0.768815	0
13.262	0.0184025	127.573	0.818027	0
13.2742	0.0184307	126.314	0.803229	0
13.2767	0.018393	126.18	0.812865	0
13.225	0.017964	125.256	0.788431	0
13.2296	0.018075	126.835	0.781892	0
13.2659	0.0180542	125.491	0.796346	0
13.2262	0.0183411	124.467	0.79497	0
13.2316	0.0181296	126.398	0.791528	0
13.275	0.0180513	125.374	0.796346	0
13.265	0.017871	125.81	0.800476	0
13.2627	0.0178263	125.793	0.799443	0
13.249	0.0181073	125.693	0.800476	0
13.2437	0.0179427	125.575	0.793249	0
13.2571	0.0181576	125.995	0.791184	0
13.2423	0.0181008	125.877	0.798067	0
13.2576	0.0182389	125.609	0.783269	0
13.2733	0.0179432	126.247	0.797723	0
13.2645	0.0183239	126.096	0.801852	0
13.2701	0.0186769	124.954	0.778795	0
13.2632	0.0187088	127.204	0.779483	0
13.2622	0.0183348	126.499	0.799788	0
13.2874	0.0188395	126.616	0.78086	0
13.2771	0.018554	126.851	0.803573	0
13.2477	0.0184689	125.726	0.80082	0
13.2352	0.0184549	126.751	0.813209	0
13.2467	0.0186681	125.877	0.771224	0
13.2663	0.018301	125.827	0.783957	0
13.2627	0.0182393	125.256	0.790496	0
13.2549	0.0182847	125.676	0.789119	0
13.2698	0.0182393	125.038	0.8108	0
13.2492	0.0185241	126.079	0.799788	0
13.2276	0.0183436	124.971	0.796346	0
13.2593	0.0183478	125.877	0.800132	0
13.2816	0.0184422	125.642	0.784301	0
13.2562	0.0186633	123.913	0.788775	0
13.2552	0.0182605	126.616	0.768815	0
13.2584	0.0180369	125.206	0.797723	0
13.2383	0.0180339	126.129	0.817339	0
13.2605	0.0181585	125.542	0.783613	0
13.2481	0.0185362	125.105	0.816651	0
13.2118	0.0181815	125.626	0.805982	0
13.2384	0.0185044	125.693	0.794281	0
13.2554	0.0185759	127.506	0.815618	0
13.2468	0.0183955	126.096	0.832481	0
13.2422	0.0180799	123.51	0.803573	0
13.2346	0.0185969	126.885	0.785678	0
13.2562	0.0186737	124.668	0.815274	0
13.2686	0.0177456	125.827	0.80667	0
13.2741	0.0178738	125.474	0.772256	0
13.2769	0.0183299	125.693	0.796346	0
13.2842	0.018204	126.062	0.799788	0
13.281	0.0179527	125.961	0.802541	0
13.2581	0.0181949	125.558	0.781204	0
13.2659	0.0180125	125.34	0.777762	0
13.2684	0.0187333	124.786	0.799443	0
13.2526	0.0185666	127.036	0.821813	0
13.2699	0.0185476	125.558	0.789807	0
13.2803	0.0185808	126.348	0.807703	0
13.2654	0.0185144	126.18	0.786366	0
13.2659	0.0185855	124.551	0.789119	0
13.2914	0.0185711	126.18	0.789807	0
13.2894	0.0186537	125.407	0.798755	0
13.2464	0.018527	125.609	0.783957	0
13.2323	0.0181344	126.129	0.793249	0
13.2478	0.0182842	124.719	0.80082	0
13.2615	0.0183863	126.784	0.788087	0
13.2571	0.0180255	126.683	0.778795	0
13.2619	0.0181979	125.978	0.788087	0
13.2849	0.01838	125.961	0.796346	0
13.2449	0.0184403	124.299	0.803229	0
13.2316	0.0185319	125.29	0.805982	0
13.2734	0.0182654	125.172	0.788087	0
13.2549	0.0182941	126.986	0.80082	0
13.2508	0.0180403	127.876	0.771568	0
13.2889	0.0184437	125.458	0.793937	0
13.2941	0.0182989	126.331	0.813553	0
13.2775	0.0178229	126.784	0.791184	0
13.2679	0.0187262	125.676	0.799099	0
13.2573	0.0184611	126.062	0.797723	0
13.25	0.0181248	125.743	0.807015	0
13.2759	0.0188679	127.305	0.82078	0
13.2877	0.0182977	125.424	0.806326	0
13.2814	0.0187247	125.827	0.788087	0
13.2772	0.0184028	126.499	0.784645	0
13.2738	0.0180189	125.861	0.792905	0
13.2742	0.0182956	126.902	0.793249	0
13.2592	0.018107	126.012	0.793249	0
13.2543	0.0181521	126.851	0.798755	0
13.2594	0.0183064	125.306	0.803573	0
13.2583	0.0188355	127.086	0.781204	0
13.2614	0.018495	125.34	0.790152	0
13.265	0.0184878	125.726	0.79497	0
13.2704	0.0181982	124.097	0.795658	0
13.2471	0.0182072	124.954	0.804606	0
13.2519	0.0187663	126.717	0.790496	0
13.2537	0.0182506	125.709	0.791528	0
13.2358	0.0188322	125.155	0.8108	0
13.2547	0.0182865	125.525	0.79497	0
13.2698	0.0186466	126.448	0.79497	0
13.2669	0.0180332	125.575	0.780516	0
13.2774	0.0182929	127.557	0.781892	0
13.2654	0.0188826	126.113	0.794281	0
13.2515	0.0185412	124.702	0.790152	0
13.2412	0.0184872	126.23	0.771912	0
13.2313	0.0175368	127.254	0.796002	0
13.2443	0.0183048	127.238	0.782236	0
13.2571	0.0177827	128.077	0.791528	0
13.261	0.0186671	126.247	0.806326	0
13.2601	0.0189785	125.474	0.792561	0
13.257	0.0185886	125.508	0.797723	0
13.2797	0.0183053	127.254	0.784301	0
13.2927	0.018341	126.566	0.797723	0
13.276	0.0187968	126.398	0.768815	0
13.2412	0.018036	126.28	0.823189	0
13.2189	0.0182987	125.609	0.796002	0
13.242	0.018741	124.265	0.810456	0
13.2359	0.0186483	127.254	0.815962	0
13.232	0.0189078	126.784	0.801852	0
13.2703	0.0184148	124.736	0.768471	0
13.2805	0.0182009	126.264	0.81493	0
13.2476	0.0179974	126.348	0.78671	0
13.2515	0.0189006	126.23	0.795658	0
13.267	0.0181758	125.323	0.80667	0
13.2307	0.0185041	126.381	0.783613	0
13.2331	0.0180216	126.566	0.804606	0
13.2708	0.0178456	126.683	0.795658	0
13.2697	0.0178885	126.23	0.774321	0
13.2664	0.0182745	124.517	0.775698	0
13.2587	0.0181167	125.525	0.792216	0
13.2564	0.0184602	125.424	0.774665	0
13.2825	0.0179678	125.693	0.785678	0
13.2912	0.0180026	125.961	0.79497	0
13.2711	0.0187289	125.827	0.78671	0
13.2817	0.0186635	126.952	0.818715	0
13.2851	0.0185505	125.81	0.803229	0
13.2322	0.0182651	125.827	0.801852	0
13.2099	0.0182554	125.81	0.816306	0
13.266	0.0186147	126.835	0.792561	0
13.2977	0.0182654	127.641	0.812177	0
13.2519	0.0179784	125.088	0.802197	0
13.2396	0.0183793	126.583	0.774321	0
13.2621	0.0186499	127.003	0.804606	0
13.2454	0.0182169	125.626	0.792905	0
13.2381	0.0178842	126.129	0.778107	0
13.251	0.0177514	124.618	0.805982	0
13.2464	0.0181592	126.465	0.796002	0
13.2504	0.018321	125.626	0.800132	0
13.2744	0.018449	126.079	0.804606	0
13.2819	0.0182561	124.752	0.807015	0
13.2814	0.0183889	125.525	0.805294	0
13.2723	0.0182524	126.667	0.784989	0
13.2568	0.018275	125.726	0.791184	0
13.2452	0.0182419	125.223	0.802541	0
13.2401	0.0182083	125.592	0.79497	0
13.2426	0.0178702	126.163	0.783957	0
13.2551	0.0180395	125.206	0.814586	0
13.2738	0.0179095	125.961	0.803229	0
13.2592	0.0184997	127.523	0.8108	0
13.2389	0.0180769	126.717	0.793249	0
13.2442	0.018209	125.038	0.804606	0
13.2455	0.0182344	126.062	0.786022	0
13.2409	0.0182842	125.911	0.794625	0
13.2473	0.0178557	125.256	0.79669	0
13.2536	0.0184087	125.945	0.788431	0
13.2623	0.0182412	125.659	0.799443	0
13.2643	0.0181338	125.357	0.79084	0
13.2455	0.0184649	127.271	0.792905	0
13.236	0.0182918	125.071	0.820092	0
13.2328	0.01826	126.146	0.80082	0
13.239	0.0186465	125.726	0.812177	0
13.2623	0.0185312	126.7	0.798755	0
13.26	0.018492	125.038	0.792216	0
13.2385	0.0182356	125.424	0.783957	0
13.2492	0.0182338	126.079	0.80495	0
13.2589	0.0182045	125.726	0.790496	0
13.2547	0.0185774	126.096	0.798755	0
13.2286	0.0186309	126.364	0.812521	0
13.238	0.0180901	125.81	0.792561	0
13.274	0.0183061	125.39	0.787398	0
13.257	0.0180836	125.995	0.799443	0
13.2435	0.0178773	125.978	0.788431	0
13.2343	0.0180477	125.306	0.795658	0
13.2196	0.0179401	126.566	0.810112	0
13.2482	0.0185588	126.213	0.811144	0
13.2578	0.0184187	126.969	0.792216	0
13.2518	0.0187583	126.499	0.814586	0
13.2598	0.018974	125.34	0.789463	0
13.263	0.0181216	125.961	0.802541	0
13.27	0.0186208	126.146	0.779139	0
13.286	0.0186343	125.709	0.798755	0
13.2808	0.0185529	125.34	0.808047	0
13.2833	0.0182416	126.499	0.80495	0
13.2797	0.0182536	125.81	0.811488	0
13.2341	0.01817	124.568	0.825598	0
13.2251	0.0182469	125.139	0.797723	0
13.2519	0.0178939	126.398	0.775698	0
13.2453	0.0182745	126.18	0.768815	0
13.219	0.0180801	125.357	0.782236	0
13.2528	0.0179383	126.499	0.803917	0
13.2925	0.0182838	125.206	0.784989	0
13.2703	0.0181739	126.683	0.816651	0
13.2583	0.0180039	124.551	0.803917	0
13.2493	0.0181881	126.465	0.783269	0
13.2395	0.0184047	125.105	0.805638	0
13.2573	0.0182077	126.499	0.753328	0
13.2699	0.018195	126.012	0.815274	0
13.2478	0.0181875	126.247	0.798411	0
13.2428	0.0182165	126.129	0.808735	0
13.2501	0.0180846	125.609	0.807015	0
13.25	0.0180465	126.045	0.808735	0
13.263	0.018458	127.322	0.7726	0
13.2843	0.0184424	125.911	0.807015	0
13.2522	0.0186508	125.626	0.788087	0
13.2264	0.0182034	124.971	0.801508	0
13.2665	0.0183037	124.87	0.768126	0
13.2585	0.0180927	125.777	0.799443	0
13.2262	0.0182988	126.012	0.783613	0
13.2617	0.0183244	126.012	0.786022	0
13.2844	0.0190789	125.122	0.789807	0
13.2671	0.018364	127.456	0.809424	0
13.2653	0.0184962	124.786	0.781892	0
13.2614	0.0181325	126.448	0.784645	0
13.2449	0.0179002	126.348	0.804606	0
13.2241	0.0178671	124.87	0.773977	0
13.2333	0.0184196	126.448	0.799788	0
13.2667	0.0182939	126.331	0.798067	0
13.252	0.0181919	125.894	0.789119	0
13.2322	0.0184267	126.331	0.792561	0
13.2298	0.0183661	125.088	0.799099	0
13.2304	0.0180882	125.491	0.798411	0
13.2437	0.0181805	124.887	0.789807	0
13.2432	0.0183732	125.894	0.798755	0
13.245	0.0189047	126.398	0.811833	0
13.2851	0.0181484	126.465	0.794281	0
13.2707	0.018028	125.088	0.79497	0
13.2277	0.0180596	125.525	0.807015	0
13.2416	0.0181439	125.038	0.784645	0
13.2617	0.0180861	125.861	0.803229	0
13.2326	0.0182744	126.062	0.788775	0
13.2279	0.0183885	125.441	0.792561	0
13.2625	0.0182845	126.801	0.793937	0
13.2588	0.0181412	124.601	0.78086	0
13.2515	0.0184076	126.868	0.781892	0
13.2681	0.0183348	127.389	0.786366	0
13.241	0.0184631	124.45	0.778107	0
13.2272	0.0181553	126.868	0.786022	0
13.2537	0.0181136	126.465	0.789807	0
13.2394	0.0185849	126.616	0.779827	0
13.254	0.0184275	125.39	0.796346	0
13.3074	0.0182087	127.086	0.803573	0
13.2906	0.0187409	126.683	0.809079	0
13.2636	0.0182814	126.331	0.786366	0
13.263	0.0181285	127.019	0.801164	0
13.2459	0.018164	124.853	0.778107	0
13.2597	0.0187381	126.851	0.787743	0
13.2838	0.018718	126.096	0.804261	0
13.2736	0.0182407	124.836	0.792216	0
13.2562	0.0183194	126.784	0.788087	0
13.2659	0.0180993	125.424	0.791872	0
13.2757	0.0186131	127.322	0.78671	0
13.2727	0.0185988	125.592	0.804261	0
13.2524	0.0182121	126.28	0.797723	0
13.2383	0.0185402	125.424	0.782236	0
13.251	0.0184718	125.676	0.791184	0
13.279	0.0181626	126.599	0.795658	0
13.2487	0.0186186	126.532	0.80082	0
13.2343	0.0183122	125.223	0.792216	0
13.2789	0.0185631	127.288	0.813209	0
13.2848	0.0182477	127.154	0.807359	0
13.2495	0.018011	126.28	0.818371	0
13.2593	0.018185	126.667	0.78258	0
13.2947	0.0186242	125.055	0.790152	0
13.2636	0.0184267	125.239	0.799099	0
13.233	0.0187273	127.053	0.792561	0
13.254	0.0181961	126.784	0.789119	0
13.2764	0.0182768	126.196	0.802541	0
13.2814	0.0184783	125.256	0.778795	0
13.2609	0.0185083	125.827	0.790496	0
13.2498	0.0185987	126.196	0.808391	0
13.2524	0.0179462	125.458	0.797723	0
13.2469	0.0184018	125.693	0.793249	0
13.2526	0.0183256	125.575	0.797034	0
13.252	0.0184578	124.987	0.787743	0
13.2399	0.0184134	126.062	0.823533	0
13.2263	0.0186919	125.693	0.802197	0
13.2283	0.0187318	124.198	0.791184	0
13.2441	0.0178559	126.23	0.79497	0
13.2715	0.0184307	125.978	0.793249	0
13.2794	0.0185965	127.657	0.820092	0
13.2564	0.0184366	127.036	0.808735	0
13.2645	0.0179414	127.909	0.801852	0
13.2827	0.0180129	125.676	0.798067	0
13.2551	0.0181138	126.583	0.791872	0
13.2401	0.018577	125.441	0.789119	0
13.2466	0.0181571	127.204	0.785334	0
13.2715	0.0183088	125.139	0.792216	0
13.2533	0.0181737	125.508	0.798411	0
13.2142	0.0185588	126.851	0.78258	0
13.229	0.0179959	125.81	0.810112	0
13.2743	0.0184357	125.39	0.796002	0
13.2925	0.0180465	126.029	0.787054	0
13.2769	0.018388	125.726	0.802885	0
13.2426	0.0179584	126.835	0.78258	0
13.2341	0.0184475	125.709	0.788775	0
13.2479	0.0182681	126.902	0.78671	0
13.2411	0.0180563	126.717	0.787743	0
13.2517	0.0186158	125.945	0.812521	0
13.2528	0.0183732	125.626	0.790152	0
13.2416	0.0188147	125.223	0.794281	0
13.2566	0.0183347	125.139	0.782236	0
13.2629	0.0185591	126.213	0.801852	0
13.2501	0.0180127	125.609	0.791528	0
13.2331	0.0180612	126.146	0.819748	0
13.2476	0.0179327	125.995	0.776042	0
13.245	0.018321	127.254	0.797723	0
13.2347	0.0181348	126.683	0.801508	0
13.2679	0.0185801	126.062	0.807703	0
13.2697	0.0183495	126.079	0.807359	0
13.255	0.0183568	126.247	0.790152	0
13.2493	0.0181475	126.331	0.813209	0
13.2352	0.0183309	125.172	0.801852	0
13.2703	0.0179724	125.139	0.776042	0
13.2777	0.018271	125.844	0.82078	0
13.2281	0.0182979	126.196	0.780171	0
0	0	0	0	0
0	0	0	0	0
0	0	0	0	0
0	0	0	0	0
0	0	0	0	0
0	0	0	0	0
0	0	0	0	0
0	0	0	0	0
0	0	0	0	0
0	0	0	0	0
0	0	0	0	0
0	0	0	0	0
0	0	0	0	0
0	0	0	0	0
0	0	0	0	0
0	0	0	0	0
0	0	0	0	0
0	0	0	0	0
0	0	0	0	0
0	0	0	0	0
0	0	0	0	0
0	0	0	0	0
0	0	0	0	0
0	0	0	0	0
0	0	0	0	0
0	0	0	0	0
0	0	0	0	0
0	0	0	0	0
0	0	0	0	0
0	0	0	0	0
0	0	0	0	0
0	0	0	0	0
0	0	0	0	0
0	0	0	0	0
0	0	0	0	0
0	0	0	0	0
0	0	0	0	0
0	0	0	0	0
0	0	0	0	0
0	0	0	0	0
0	0	0	0	0
0	0	0	0	0
0	0	0	0	0
0	0	0	0	0
0	0	0	0	0
0	0	0	0	0
0	0	0	0	0
0	0	0	0	0
0	0	0	0	0
0	0	0	0	0
0	0	0	0	0
0	0	0	0	0
0	0	0	0	0
0	0	0	0	0
0	0	0	0	0
0	0	0	0	0
0	0	0	0	0
0	0	0	0	0
0	0	0	0	0
0	0	0	0	0
0	0	0	0	0
0	0	0	0	0
0	0	0	0	0
0	0	0	0	0
0	0	0	0	0
0	0	0	0	0
0	0	0	0	0
0	0	0	0	0
0	0	0	0	0
0	0	0	0	0
0	0	0	0	0
0	0	0	0	0
0	0	0	0	0
0	0	0	0	0
0	0	0	0	0
0	0	0	0	0
0	0	0	0	0
0	0	0	0	0
0	0	0	0	0
0	0	0	0	0
0	0	0	0	0
0	0	0	0	0
0	0	0	0	0
0	0	0	0	0
0	0	0	0	0
0	0	0	0	0
0	0	0	0	0
0	0	0	0	0
0	0	0	0	0
0	0	0	0	0
0	0	0	0	0
0	0	0	0	0
0	0	0	0	0
0	0	0	0	0
0	0	0	0	0
0	0	0	0	0
0	0	0	0	0
0	0	0	0	0
0	0	0	0	0
0	0	0	0	0
0	0	0	0	0
0	0	0	0	0
0	0	0	0	0
0	0	0	0	0
0	0	0	0	0
0	0	0	0	0
0	0	0	0	0
0	0	0	0	0
0	0	0	0	0
0	0	0	0	0
0	0	0	0	0
0	0	0	0	0
0	0	0	0	0
0	0	0	0	0
0	0	0	0	0
0	0	0	0	0
0	0	0	0	0
0	0	0	0	0
0	0	0	0	0
0	0	0	0	0
0	0	0	0	0
0	0	0	0	0
0	0	0	0	0
0	0	0	0	0
0	0	0	0	0
0	0	0	0	0
0	0	0	0	0
0	0	0	0	0
0	0	0	0	0
0	0	0	0	0
0	0	0	0	0
0	0	0	0	0
0	0	0	0	0
0	0	0	0	0
0	0	0	0	0
0	0	0	0	0
0	0	0	0	0
0	0	0	0	0
0	0	0	0	0
0	0	0	0	0
0	0	0	0	0
0	0	0	0	0
0	0	0	0	0
0	0	0	0	0
0	0	0	0	0
0	0	0	0	0
0	0	0	0	0
0	0	0	0	0
0	0	0	0	0
0	0	0	0	0
0	0	0	0	0
0	0	0	0	0
0	0	0	0	0
0	0	0	0	0
0	0	0	0	0
0	0	0	0	0
0	0	0	0	0
0	0	0	0	0
0	0	0	0	0
0	0	0	0	0
0	0	0	0	0
0	0	0	0	0
0	0	0	0	0
0	0	0	0	0
0	0	0	0	0
0	0	0	0	0
0	0	0	0	0
0	0	0	0	0
0	0	0	0	0
0	0	0	0	0
0	0	0	0	0
0	0	0	0	0
0	0	0	0	0
0	0	0	0	0
0	0	0	0	0
0	0	0	0	0
0	0	0	0	0
0	0	0	0	0
0	0	0	0	0
0	0	0	0	0
0	0	0	0	0
0	0	0	0	0
0	0	0	0	0
0	0	0	0	0
0	0	0	0	0
0	0	0	0	0
0	0	0	0	0
0	0	0	0	0
0	0	0	0	0
0	0	0	0	0
0	0	0	0	0
0	0	0	0	0
0	0	0	0	0
0	0	0	0	0
0	0	0	0	0
0	0	0	0	0
0	0	0	0	0
0	0	0	0	0
0	0	0	0	0
0	0	0	0	0
0	0	0	0	0
0	0	0	0	0
0	0	0	0	0
0	0	0	0	0
0	0	0	0	0
0	0	0	0	0
0	0	0	0	0
0	0	0	0	0
0	0	0	0	0
0	0	0	0	0
0	0	0	0	0
0	0	0	0	0
0	0	0	0	0
0	0	0	0	0
0	0	0	0	0
0	0	0	0	0
0	0	0	0	0
0	0	0	0	0
0	0	0	0	0
0	0	0	0	0
0	0	0	0	0
0	0	0	0	0
0	0	0	0	0
0	0	0	0	0
0	0	0	0	0
0	0	0	0	0
0	0	0	0	0
0	0	0	0	0
0	0	0	0	0
0	0	0	0	0
0	0	0	0	0
0	0	0	0	0
0	0	0	0	0
0	0	0	0	0
0	0	0	0	0
0	0	0	0	0
0	0	0	0	0
0	0	0	0	0
0	0	0	0	0
0	0	0	0	0
0	0	0	0	0
0	0	0	0	0
0	0	0	0	0
0	0	0	0	0
0	0	0	0	0
0	0	0	0	0
0	0	0	0	0
0	0	0	0	0
0	0	0	0	0
0	0	0	0	0
0	0	0	0	0
0	0	0	0	0
0	0	0	0	0
0	0	0	0	0
0	0	0	0	0
0	0	0	0	0
0	0	0	0	0
0	0	0	0	0
0	0	0	0	0
0	0	0	0	0
0	0	0	0	0
0	0	0	0	0
0	0	0	0	0
0	0	0	0	0
0	0	0	0	0
0	0	0	0	0
0	0	0	0	0
0	0	0	0	0
0	0	0	0	0
0	0	0	0	0
0	0	0	0	0
0	0	0	0	0
0	0	0	0	0
0	0	0	0	0
0	0	0	0	0
0	0	0	0	0
0	0	0	0	0
0	0	0	0	0
0	0	0	0	0
0	0	0	0	0
0	0	0	0	0
0	0	0	0	0
0	0	0	0	0
0	0	0	0	0
0	0	0	0	0
0	0	0	0	0
0	0	0	0	0
0	0	0	0	0
0	0	0	0	0
0	0	0	0	0
0	0	0	0	0
0	0	0	0	0
0	0	0	0	0
0	0	0	0	0
0	0	0	0	0
0	0	0	0	0
0	0	0	0	0
0	0	0	0	0
0	0	0	0	0
0	0	0	0	0
0	0	0	0	0
0	0	0	0	0
0	0	0	0	0
0	0	0	0	0
0	0	0	0	0
0	0	0	0	0
0	0	0	0	0
0	0	0	0	0
0	0	0	0	0
0	0	0	0	0
0	0	0	0	0
0	0	0	0	0
0	0	0	0	0
0	0	0	0	0
0	0	0	0	0
0	0	0	0	0
0	0	0	0	0
0	0	0	0	0
0	0	0	0	0
0	0	0	0	0
0	0	0	0	0
0	0	0	0	0
0	0	0	0	0
0	0	0	0	0
0	0	0	0	0
0	0	0	0	0
0	0	0	0	0
0	0	0	0	0
0	0	0	0	0
0	0	0	0	0
0	0	0	0	0
0	0	0	0	0
0	0	0	0	0
0	0	0	0	0
0	0	0	0	0
0	0	0	0	0
0	0	0	0	0
0	0	0	0	0
0	0	0	0	0
0	0	0	0	0
0	0	0	0	0
0	0	0	0	0
0	0	0	0	0
0	0	0	0	0
0	0	0	0	0
0	0	0	0	0
0	0	0	0	0
0	0	0	0	0
0	0	0	0	0
0	0	0	0	0
0	0	0	0	0
0	0	0	0	0
0	0	0	0	0
0	0	0	0	0
0	0	0	0	0
0	0	0	0	0
0	0	0	0	0
0	0	0	0	0
0	0	0	0	0
0	0	0	0	0
0	0	0	0	0
0	0	0	0	0
0	0	0	0	0
0	0	0	0	0
0	0	0	0	0
0	0	0	0	0
0	0	0	0	0
0	0	0	0	0
0	0	0	0	0
0	0	0	0	0
0	0	0	0	0
0	0	0	0	0
0	0	0	0	0
0	0	0	0	0
0	0	0	0	0
0	0	0	0	0
0	0	0	0	0
0	0	0	0	0
0	0	0	0	0
0	0	0	0	0
0	0	0	0	0
0	0	0	0	0
0	0	0	0	0
0	0	0	0	0
0	0	0	0	0
0	0	0	0	0
0	0	0	0	0
0	0	0	0	0
0	0	0	0	0
0	0	0	0	0
0	0	0	0	0
0	0	0	0	0
0	0	0	0	0
0	0	0	0	0
0	0	0	0	0
0	0	0	0	0
0	0	0	0	0
0	0	0	0	0
0	0	0	0	0
0	0	0	0	0
