a2610515.050175
Narit-cm 05/01/2026 14:35:02 05/01/2026 15:05:01 0045 0013.384714 0052.542598 00.0 00.0
0002394 0010 0000000 0010 05 0000000 0010 0000000 0010
1 0 1 01600 1 0000 3.75 00000.o 0 0 01 000 16 002394 0.500 BT0
1 2 1 02000 1 0000 3.75 00000.o 0 0 01 000 16 002394 0.500 S2A0
1 1 1 01600 1 0000 3.75 00000.o 0 0 00 000 00 002394 3.1746 BC0
1 3 1 02000 1 0000 3.75 00000.o 0 0 00 000 00 002394 3.1746 S2P0
1 5 0 01600 0 0000 1.00 00000.o 0 0 00 000 00 000000 0.000 OF0
0.000 .o Analog 0 	0.000 .o Analog StErr 0 	0.000 .o Photon Counting 0 	0.000 .o PC StErr 0 	0.000 .o Overflow Info 0 
31.6435	0.132393	170.326	0.821789	0
57.2604	0.233143	177.895	0.871656	0
157.866	1.18323	98.9808	1.26923	0
421.537	1.45084	0.718463	0.120912	1
473.47	0.000136809	19.0476	0.640421	0
473.457	2.01304E-5	127.068	1.22551	0
473.457	0	119.165	1.22449	0
473.457	0	26.3659	0.718297	0
473.457	0	12.2974	0.476132	0
473.457	0	27.2515	0.649643	0
473.457	0	60.5013	0.870973	0
473.457	0	110.025	1.01545	0
473.457	0	138.48	0.968659	0
473.457	0	117.527	0.985395	0
473.457	0	99.0309	0.932112	0
473.457	0	95.6391	0.910935	0
473.457	0	101.921	0.939626	0
473.549	0.0288656	111.061	0.934844	1
477.729	0.193201	115.272	0.918791	1
484.941	0.263717	122.774	0.880878	1
497.003	0.164074	137.744	0.912301	1
500	0	156.742	0.916742	1
500	0	169.624	0.903079	1
499.988	0.00654864	178.797	0.903079	1
498.261	0.117696	185.881	0.903421	1
489.835	0.367524	187.452	0.889076	1
473.982	0.627308	188.622	0.886343	1
448.222	0.753122	185.698	0.880878	1
418.045	0.729962	187.469	0.874047	0
390.128	0.691692	186.383	0.883952	0
364.77	0.657976	184.996	0.857994	0
341.453	0.628975	185.28	0.872681	0
319.892	0.602415	184.428	0.871315	0
299.905	0.581207	182.607	0.861409	0
281.131	0.562704	182.022	0.836817	0
263.387	0.546031	182.857	0.860043	0
246.714	0.528656	181.086	0.864483	0
230.996	0.51185	180.702	0.857311	0
216.08	0.497398	177.928	0.855603	0
202.021	0.484883	178.897	0.850479	0
188.716	0.474107	177.678	0.845356	0
175.959	0.463743	177.393	0.854578	0
163.755	0.453073	176.324	0.85492	0
152.1	0.444102	174.269	0.867557	0
140.915	0.436648	175.789	0.828278	0
130.101	0.428677	173.952	0.832718	0
119.675	0.421446	173.383	0.850821	0
109.694	0.414135	173.233	0.861751	0
100.075	0.404078	173.033	0.822813	0
90.8068	0.390068	173.25	0.820764	0
81.969	0.374417	171.546	0.850138	0
73.5876	0.356189	171.963	0.841941	0
65.7213	0.331757	170.977	0.832377	0
58.5277	0.305329	171.111	0.832035	0
52.0976	0.277094	170.593	0.835109	0
46.3685	0.24383	170.911	0.842965	0
41.4878	0.209451	170.927	0.856628	0
37.3912	0.176432	169.657	0.835109	0
33.8903	0.147207	168.672	0.828278	0
31.0549	0.12245	167.536	0.829986	0
28.8128	0.0997744	169.858	0.818715	0
26.9736	0.0816099	167.034	0.833402	0
25.5532	0.0685656	167.285	0.840916	0
24.4871	0.0581318	165.764	0.853212	0
23.561	0.0496951	164.528	0.840916	0
22.7793	0.0429428	162.389	0.808468	0
22.2181	0.0404546	163.542	0.820422	0
21.7684	0.0375862	162.774	0.834768	0
21.3438	0.0339439	160.568	0.820081	0
20.9742	0.032517	161.236	0.840574	0
20.6749	0.0317075	160.869	0.82862	0
20.3929	0.0315001	159.566	0.818373	0
20.1549	0.0301358	159.265	0.828278	0
19.9546	0.0300255	158.095	0.834085	0
19.7447	0.0290494	158.697	0.82657	0
19.599	0.0289022	159.883	0.840574	0
19.4653	0.0287587	156.341	0.82862	0
19.2628	0.0277077	158.212	0.835451	0
19.1334	0.0281571	157.076	0.83955	0
19.0378	0.0280379	157.861	0.791732	0
18.896	0.0277486	156.19	0.828278	0
18.7769	0.0271965	157.678	0.803686	0
18.6396	0.0267001	157.327	0.830328	0
18.5008	0.0263764	155.338	0.825546	0
18.4178	0.0269242	155.071	0.829986	0
18.3542	0.0270561	156.408	0.82657	0
18.2623	0.0264157	155.873	0.842282	0
18.1688	0.0262051	155.723	0.825204	0
18.1153	0.0265854	155.505	0.840233	0
18.0694	0.0262393	156.023	0.823838	0
17.9717	0.0264747	154.52	0.836817	0
17.8679	0.0261318	155.622	0.818715	0
17.8143	0.0259488	154.536	0.819398	0
17.7423	0.0252894	155.906	0.816324	0
17.6559	0.025557	155.923	0.798221	0
17.6339	0.0257686	155.272	0.815982	0
17.5995	0.0255052	154.687	0.816324	0
17.5115	0.0255735	154.536	0.802661	0
17.4436	0.0258459	152.882	0.837842	0
17.3669	0.0257757	153.417	0.819739	0
17.323	0.0256648	153.183	0.812225	0
17.2799	0.0254919	154.687	0.827254	0
17.1991	0.0255335	153.818	0.821447	0
17.1639	0.0243011	153.651	0.82657	0
17.1645	0.0246423	153.718	0.803003	0
17.1262	0.0246848	154.703	0.82862	0
17.0566	0.0251681	154.302	0.832377	0
17.0206	0.0248277	153.25	0.819056	0
16.9888	0.0245895	153.784	0.82862	0
16.9097	0.0243875	152.865	0.825204	0
16.875	0.0241684	153.35	0.842282	0
16.8968	0.0244222	152.966	0.838525	0
16.8557	0.0245282	153.083	0.819739	0
16.7963	0.0245096	153.417	0.81325	0
16.7514	0.0244099	152.364	0.817007	0
16.7175	0.0243754	153.684	0.821105	0
16.6993	0.0236321	153.266	0.826912	0
16.6844	0.0239378	152.698	0.819398	0
16.6359	0.0240235	152.815	0.817007	0
16.5538	0.0235452	152.698	0.820422	0
16.527	0.0240827	152.949	0.821105	0
16.5286	0.0244061	153.066	0.788316	0
16.4239	0.023506	152.632	0.825204	0
16.3944	0.0240251	154.302	0.840574	0
16.4288	0.0243224	152.698	0.818373	0
16.3596	0.0240209	151.312	0.794464	0
16.3233	0.0237949	151.796	0.812567	0
16.2933	0.0238798	151.913	0.806077	0
16.2676	0.0239747	151.178	0.842965	0
16.2649	0.0237038	152.13	0.81769	0
16.2573	0.0242821	153.567	0.820081	0
16.2493	0.0232379	152.448	0.827595	0
16.1833	0.0237699	150.844	0.821447	0
16.0647	0.023043	151.312	0.841257	0
16.0496	0.0234013	152.08	0.799587	0
16.0774	0.0236569	150.727	0.816665	0
16.001	0.0238978	152.03	0.825887	0
15.9402	0.0235086	151.963	0.842965	0
15.9602	0.0237686	151.729	0.829644	0
15.933	0.0243057	150.827	0.823155	0
15.8745	0.0239973	151.696	0.818715	0
15.8537	0.0237374	152.765	0.827595	0
15.811	0.0240694	151.111	0.793439	0
15.7432	0.0234367	151.312	0.836476	0
15.7241	0.0238412	150.844	0.830669	0
15.7107	0.0236379	149.808	0.814616	0
15.6105	0.0229563	151.328	0.808468	0
15.5697	0.0234628	151.362	0.818031	0
15.6161	0.0238588	151.094	0.824521	0
15.5542	0.0236806	149.891	0.81325	0
15.511	0.0227644	150.109	0.82213	0
15.529	0.0234682	149.774	0.828278	0
15.4711	0.0233956	149.123	0.826912	0
15.4208	0.0234156	150.593	0.82862	0
15.4026	0.0238923	150.209	0.835109	0
15.3704	0.0234235	150.092	0.815982	0
15.3349	0.0234226	149.858	0.807443	0
15.3094	0.0233209	150.744	0.801637	0
15.2739	0.0236951	149.056	0.805735	0
15.2322	0.0238489	148.521	0.813933	0
15.1797	0.0239645	149.29	0.825887	0
15.1462	0.0237555	148.688	0.822813	0
15.1313	0.0238017	149.774	0.829303	0
15.1194	0.0232285	150.276	0.805052	0
15.0692	0.0229596	149.841	0.841941	0
15.0078	0.0229701	149.106	0.825546	0
15.0086	0.0231957	148.772	0.815299	0
15.0051	0.0241332	151.445	0.8112	0
14.9523	0.0232058	148.989	0.829644	0
14.8715	0.022758	149.44	0.816665	0
14.8643	0.0227804	148.338	0.825887	0
14.857	0.0225541	149.307	0.823155	0
14.8132	0.0225582	147.736	0.827937	0
14.7939	0.0233566	147.786	0.831352	0
14.7673	0.0237912	148.17	0.825204	0
14.7334	0.0234304	148.438	0.809834	0
14.7035	0.0231976	148.053	0.81325	0
14.6596	0.0231181	147.97	0.824521	0
14.6423	0.0226442	149.206	0.833743	0
14.6295	0.0230004	147.318	0.81769	0
14.5984	0.0230021	149.708	0.812567	0
14.6134	0.022742	148.555	0.809151	0
14.592	0.0218973	148.605	0.821447	0
14.5049	0.0227175	147.469	0.820764	0
14.4907	0.0227356	149.073	0.826912	0
14.4683	0.0226936	147.385	0.840574	0
14.3806	0.0222075	147.82	0.804028	0
14.3692	0.0226785	146.951	0.840574	0
14.3915	0.0228482	147.318	0.82418	0
14.3686	0.0223944	147.92	0.820764	0
14.3224	0.022362	147.034	0.808126	0
14.2774	0.0228021	147.469	0.82862	0
14.2443	0.0219471	146.065	0.814274	0
14.1993	0.0222231	146.015	0.824521	0
14.194	0.022786	147.419	0.813933	0
14.2086	0.022892	147.586	0.81769	0
14.1677	0.0225054	147.151	0.830328	0
14.1363	0.0222231	145.129	0.807102	0
14.1454	0.0224706	147.302	0.809834	0
14.1241	0.0219219	147.335	0.820422	0
14.0758	0.0223986	147.368	0.816665	0
14.0566	0.0217625	146.349	0.830669	0
14.0288	0.0220621	146.282	0.810517	0
13.9854	0.0223046	146.583	0.811883	0
13.9607	0.0225153	145.714	0.814616	0
13.9413	0.021803	147.452	0.82418	0
13.9519	0.0217005	146.934	0.827254	0
13.9392	0.0220686	146.282	0.835451	0
13.9057	0.0209176	146.884	0.82213	0
13.8836	0.0217016	145.129	0.810517	0
13.8593	0.0217868	145.647	0.831011	0
13.8772	0.0212648	145.798	0.818373	0
13.8694	0.0214493	146.199	0.834768	0
13.8561	0.0212674	146.8	0.812567	0
13.8466	0.0218776	142.891	0.829303	0
13.7769	0.0216189	145.063	0.826229	0
13.7585	0.0215844	145.948	0.838867	0
13.7898	0.0212259	145.647	0.815299	0
13.7748	0.0212944	145.013	0.825204	0
13.7424	0.0214412	145.297	0.823155	0
13.7034	0.0212745	145.063	0.834768	0
13.6883	0.0208482	146.65	0.818373	0
13.7014	0.02119	145.647	0.81769	0
13.6859	0.0220474	145.013	0.812908	0
13.6402	0.0211828	146.6	0.80676	0
13.6203	0.0211145	143.843	0.81769	0
13.6456	0.0209232	145.129	0.819739	0
13.629	0.0212005	144.127	0.820422	0
13.5743	0.0214786	146.399	0.819056	0
13.577	0.0211872	145.163	0.814274	0
13.5515	0.0208815	144.311	0.804028	0
13.5223	0.0205252	144.094	0.820081	0
13.5167	0.0209522	145.33	0.808468	0
13.4733	0.0208889	144.946	0.819056	0
13.4536	0.0206103	144.394	0.823838	0
13.4807	0.0205603	145.246	0.853212	0
13.4879	0.0202533	145.33	0.807443	0
13.4651	0.0204948	144.378	0.815299	0
13.4538	0.0209836	145.998	0.805052	0
13.461	0.020776	144.227	0.821447	0
13.4066	0.0203865	143.876	0.821447	0
13.3546	0.0205208	144.01	0.814274	0
13.3809	0.0208363	144.361	0.796172	0
13.4065	0.0207066	143.91	0.818373	0
13.3812	0.0205413	143.124	0.815641	0
13.3511	0.0207365	143.876	0.82213	0
13.3718	0.0208015	144.344	0.807102	0
13.3852	0.0202463	144.411	0.808468	0
13.3493	0.0209581	144.695	0.807443	0
13.3342	0.0202983	143.074	0.809151	0
13.3353	0.0205628	143.977	0.81325	0
13.323	0.0205412	144.428	0.841941	0
13.3154	0.0204677	143.776	0.832377	0
13.3081	0.0202689	144.979	0.842282	0
13.3137	0.0208064	140.802	0.820081	0
13.2919	0.0206345	144.528	0.820422	0
13.2315	0.0201263	143.141	0.822472	0
13.2429	0.0201607	144.261	0.832035	0
13.2522	0.0206677	142.49	0.820764	0
13.1789	0.0204012	142.306	0.803686	0
13.1747	0.0205317	143.308	0.815982	0
13.2176	0.0204943	143.776	0.807785	0
13.2049	0.02086	144.194	0.821447	0
13.191	0.0205422	142.64	0.806419	0
13.185	0.0203739	143.358	0.829303	0
13.1716	0.0204124	143.826	0.821789	0
13.181	0.0203341	143.91	0.814957	0
13.1847	0.0207715	142.69	0.8112	0
13.1845	0.0198875	143.676	0.836817	0
13.1874	0.0201654	142.607	0.806419	0
13.1488	0.0198011	142.79	0.836476	0
13.1283	0.0205003	142.673	0.816324	0
13.1035	0.0203772	143.475	0.801637	0
13.0842	0.0197193	143.726	0.816665	0
13.1058	0.0203884	144.277	0.819398	0
13.0933	0.020216	142.005	0.839891	0
13.1192	0.0202194	144.394	0.826229	0
13.1346	0.0198053	142.189	0.829644	0
13.0678	0.0201818	143.559	0.813591	0
13.0674	0.020147	142.49	0.823155	0
13.1006	0.0194207	143.258	0.808468	0
13.0691	0.0199596	142.657	0.809493	0
13.0562	0.0196463	144.344	0.801978	0
13.0618	0.0200331	144.127	0.80027	0
13.0336	0.0202893	143.091	0.814274	0
13.0289	0.0200223	142.122	0.835792	0
13.0439	0.0199233	143.776	0.820422	0
13.0518	0.0199679	143.124	0.798904	0
13.0634	0.0196276	143.876	0.816324	0
13.0501	0.0198036	142.556	0.829644	0
13.0012	0.0199973	143.175	0.801295	0
12.9986	0.0197902	143.91	0.810859	0
13.0648	0.0202297	143.977	0.809834	0
13.0493	0.019575	141.671	0.82213	0
12.9742	0.0198887	143.709	0.819056	0
12.9751	0.0192908	143.041	0.821447	0
12.9975	0.0197962	142.607	0.815299	0
12.9925	0.0195907	141.036	0.823155	0
12.9751	0.0194631	142.623	0.821447	0
12.9794	0.0195861	142.64	0.819398	0
12.9649	0.0196197	143.726	0.82657	0
12.9555	0.0195546	142.105	0.818373	0
12.9727	0.0200822	144.043	0.822472	0
12.951	0.0193288	143.475	0.819056	0
12.9069	0.0194231	142.79	0.832377	0
12.9331	0.0199596	142.105	0.805394	0
12.9665	0.0196624	143.525	0.835451	0
12.9395	0.0196057	143.158	0.807785	0
12.9212	0.0200641	142.907	0.816665	0
12.9196	0.0203463	143.542	0.817348	0
12.9169	0.0193762	143.258	0.821789	0
12.9323	0.0196442	142.74	0.831011	0
12.9366	0.0198493	141.821	0.809834	0
12.9154	0.0196274	143.542	0.818373	0
12.8956	0.0195388	141.855	0.819739	0
12.8932	0.0193914	141.888	0.801295	0
12.8968	0.0197627	142.673	0.830669	0
12.8978	0.019007	142.339	0.788657	0
12.8804	0.0190801	143.108	0.815641	0
12.8796	0.0198141	142.038	0.820081	0
12.9172	0.0195543	143.475	0.828961	0
12.9136	0.019891	143.141	0.834768	0
12.8829	0.0194071	142.59	0.804028	0
12.8541	0.0196001	141.053	0.820422	0
12.8254	0.0189285	142.69	0.808809	0
12.843	0.0197265	143.308	0.81325	0
12.8435	0.0192478	142.456	0.8112	0
12.8311	0.0192376	141.587	0.807785	0
12.848	0.0197915	142.373	0.812567	0
12.8549	0.0196283	142.206	0.821789	0
12.8539	0.0193141	142.673	0.815641	0
12.8556	0.0189838	143.659	0.820764	0
12.8373	0.0202607	142.673	0.817348	0
12.8297	0.0196276	141.838	0.822472	0
12.8494	0.019442	143.241	0.80232	0
12.8516	0.0195906	142.69	0.836476	0
12.8342	0.0190931	141.236	0.821105	0
12.8205	0.0195336	142.105	0.845356	0
12.8259	0.0196435	142.707	0.834085	0
12.8372	0.0191055	140.735	0.828278	0
12.8254	0.0194651	142.807	0.821105	0
12.8074	0.0192516	141.688	0.809493	0
12.7868	0.0195375	144.077	0.829986	0
12.8186	0.019036	142.623	0.820422	0
12.8246	0.0194192	142.022	0.817348	0
12.8172	0.0193046	144.11	0.806077	0
12.8191	0.0191498	142.139	0.813591	0
12.7724	0.0191741	142.774	0.818715	0
12.7628	0.0193254	141.119	0.80676	0
12.7928	0.0196518	143.709	0.811883	0
12.7898	0.0196397	142.891	0.821789	0
12.7815	0.0195736	142.573	0.804711	0
12.8153	0.0198964	142.055	0.826912	0
12.8162	0.0195459	140.735	0.809493	0
12.7708	0.0187547	141.337	0.810176	0
12.7475	0.0196957	141.621	0.810517	0
12.759	0.0197123	144.327	0.834085	0
12.7757	0.0191629	142.79	0.812567	0
12.782	0.0194455	141.972	0.819398	0
12.7677	0.019876	140.702	0.827937	0
12.7549	0.019026	141.52	0.828278	0
12.7423	0.019379	141.871	0.807443	0
12.7326	0.0194491	142.172	0.822813	0
12.7427	0.0194262	142.122	0.807102	0
12.78	0.0192024	142.239	0.815982	0
12.8032	0.018936	142.523	0.812908	0
12.7826	0.0186298	141.988	0.816665	0
12.756	0.0189696	141.236	0.815299	0
12.7515	0.0189508	141.972	0.806077	0
12.7464	0.0190856	141.17	0.819056	0
12.7245	0.0195277	141.554	0.792073	0
12.7269	0.0197096	141.621	0.804369	0
12.7224	0.0190629	141.771	0.814957	0
12.742	0.0188925	142.105	0.824521	0
12.7893	0.0196915	141.554	0.809834	0
12.7433	0.0192089	141.203	0.826229	0
12.7106	0.019516	142.473	0.814274	0
12.7496	0.0193511	142.038	0.815641	0
12.7607	0.0196663	142.506	0.817007	0
12.7256	0.0195246	142.573	0.805052	0
12.7006	0.019239	141.788	0.80027	0
12.7183	0.0196892	143.442	0.820422	0
12.7149	0.0191263	142.623	0.819056	0
12.7258	0.0193037	142.473	0.815299	0
12.7449	0.0194199	141.838	0.808809	0
12.7061	0.0191881	141.236	0.820081	0
12.7009	0.0193728	142.54	0.809834	0
12.7392	0.0194227	143.074	0.786608	0
12.717	0.0195164	141.871	0.82418	0
12.7067	0.0189492	142.707	0.821447	0
12.7052	0.019027	141.554	0.812225	0
12.6827	0.0194795	141.454	0.817348	0
12.6924	0.0195234	142.038	0.815299	0
12.7331	0.0190423	142.206	0.810859	0
12.7193	0.0190932	141.771	0.826229	0
12.663	0.0197083	141.805	0.834426	0
12.6986	0.0190193	142.54	0.821105	0
12.7131	0.0191123	141.186	0.804028	0
12.6536	0.0195782	141.47	0.845015	0
12.6623	0.0194847	142.089	0.829644	0
12.6919	0.0191075	142.256	0.828961	0
12.685	0.0192495	141.136	0.809151	0
12.686	0.0191567	141.053	0.798563	0
12.6587	0.0191119	141.337	0.82213	0
12.6623	0.0191943	142.322	0.809151	0
12.6703	0.0192034	141.721	0.813591	0
12.6382	0.0189698	141.186	0.805394	0
12.6643	0.0190765	143.375	0.783876	0
12.7038	0.019285	141.654	0.811542	0
12.6958	0.0194138	144.177	0.835792	0
12.6915	0.0193014	141.604	0.804028	0
12.6968	0.0199109	140.936	0.826229	0
12.677	0.0197414	142.005	0.803344	0
12.6599	0.0192172	141.654	0.805052	0
12.6767	0.019096	140.117	0.809493	0
12.6696	0.0192158	140.752	0.810176	0
12.6555	0.0195819	141.554	0.804369	0
12.6844	0.0191572	141.37	0.823496	0
12.6886	0.019817	140.735	0.835109	0
12.633	0.0188913	143.208	0.827254	0
12.6372	0.0193213	142.473	0.804028	0
12.6771	0.0192493	143.175	0.838183	0
12.6664	0.0190902	140.969	0.814957	0
12.6687	0.0197328	141.036	0.807102	0
12.6792	0.0194914	141.955	0.842282	0
12.6617	0.0194019	141.454	0.815299	0
12.6592	0.0198759	140.718	0.825204	0
12.6762	0.0195653	142.423	0.826229	0
12.6592	0.0192284	141.353	0.825546	0
12.6342	0.0189417	142.089	0.832377	0
12.6503	0.0190018	142.406	0.8112	0
12.6795	0.0192668	140.969	0.825546	0
12.6596	0.0195483	140.802	0.812567	0
12.6361	0.0190081	140.451	0.807443	0
12.6637	0.0188756	142.941	0.831352	0
12.6677	0.0189862	141.153	0.80027	0
12.6331	0.0193797	141.871	0.798221	0
12.6303	0.0185286	141.855	0.804369	0
12.6416	0.0189529	141.921	0.833402	0
12.6508	0.0192702	143.442	0.82862	0
12.6583	0.018814	142.289	0.816665	0
12.6609	0.0194096	140.317	0.812908	0
12.6487	0.01891	141.119	0.83306	0
12.6237	0.0188552	142.022	0.812908	0
12.6334	0.0191493	141.805	0.799587	0
12.6622	0.0189692	141.069	0.813933	0
12.6539	0.0191143	142.155	0.792073	0
12.6376	0.0192697	140.518	0.790707	0
12.6331	0.0194896	141.236	0.829644	0
12.6584	0.0196535	143.041	0.825204	0
12.6629	0.0192564	142.022	0.802661	0
12.6345	0.0188152	141.504	0.802661	0
12.6312	0.0193662	141.053	0.798221	0
12.5974	0.0191716	141.587	0.813933	0
12.5886	0.0192438	142.924	0.807785	0
12.6457	0.0194147	141.203	0.83306	0
12.6548	0.0196875	142.306	0.810517	0
12.6276	0.0192782	143.175	0.803686	0
12.6377	0.0186028	141.821	0.819739	0
12.6463	0.0189871	140.15	0.824863	0
12.6157	0.0190787	141.921	0.832377	0
12.6187	0.019641	141.855	0.804028	0
12.6529	0.0192543	140.886	0.815982	0
12.6266	0.0188793	141.086	0.800612	0
12.615	0.0192971	141.921	0.816324	0
12.6042	0.0194936	141.671	0.795147	0
12.5948	0.0192426	142.389	0.813933	0
12.62	0.0192157	142.038	0.826912	0
12.6297	0.0193614	142.022	0.811542	0
12.6341	0.0193603	141.972	0.8112	0
12.6214	0.0194498	142.022	0.80232	0
12.6169	0.019125	141.621	0.816665	0
12.6279	0.0191137	141.754	0.821447	0
12.6223	0.0193147	142.089	0.836476	0
12.6004	0.0192475	142.055	0.814274	0
12.5918	0.0196746	142.373	0.815641	0
12.6145	0.0195379	142.59	0.834426	0
12.6167	0.0194102	141.119	0.824521	0
12.6218	0.0190719	140.551	0.8112	0
12.6359	0.0193495	141.186	0.802661	0
12.6244	0.0185112	142.256	0.82213	0
12.618	0.0188729	141.27	0.806419	0
12.6223	0.0196708	140.936	0.825546	0
12.6196	0.0196042	142.673	0.819739	0
12.6071	0.0194173	140.585	0.795489	0
12.6041	0.019802	141.621	0.809151	0
12.5991	0.0193404	141.487	0.814957	0
12.6102	0.019064	141.136	0.82657	0
12.6182	0.0188284	142.49	0.819739	0
12.6205	0.0189408	142.807	0.803686	0
12.6006	0.0191887	143.475	0.824521	0
12.5924	0.0196592	142.556	0.827254	0
12.5996	0.0193079	142.022	0.829303	0
12.5855	0.0194198	141.019	0.817348	0
12.5836	0.0191808	140.802	0.826229	0
12.5872	0.0191941	141.571	0.823838	0
12.5872	0.0194926	141.119	0.806077	0
12.6024	0.0190724	141.921	0.801295	0
12.5903	0.0185904	141.587	0.807443	0
12.5729	0.019303	141.921	0.812908	0
12.5674	0.0188826	140.217	0.813933	0
12.5607	0.0185181	140.401	0.800954	0
12.5782	0.0186701	139.967	0.822813	0
12.5853	0.0190893	142.239	0.835109	0
12.5925	0.0186636	141.921	0.806419	0
12.5867	0.0187516	142.607	0.821105	0
12.5696	0.0189403	141.805	0.825546	0
12.5745	0.0196308	141.654	0.807443	0
12.5576	0.0193059	142.607	0.822472	0
12.5563	0.0193385	140.568	0.804028	0
12.5734	0.0192826	141.52	0.835109	0
12.5852	0.0193341	143.208	0.8375	0
12.6047	0.0193474	141.303	0.803686	0
12.5714	0.0187842	141.771	0.806077	0
12.5561	0.0189215	142.306	0.816665	0
12.5954	0.0190914	140.852	0.814616	0
12.5628	0.0193373	139.9	0.801295	0
12.5336	0.0189629	143.292	0.831011	0
12.576	0.0186674	141.22	0.832718	0
12.5606	0.018862	140.518	0.811542	0
12.5554	0.0188676	140.017	0.827595	0
12.5933	0.0193815	142.339	0.807102	0
12.5822	0.0186605	140.351	0.817007	0
12.554	0.0191669	140.769	0.815299	0
12.5499	0.0190061	142.339	0.818373	0
12.573	0.0190209	142.155	0.814274	0
12.5715	0.0190884	141.604	0.813591	0
12.5495	0.0188371	141.153	0.814274	0
12.5584	0.0190693	139.833	0.805394	0
12.5679	0.0191812	140.902	0.819739	0
12.5348	0.019041	140.334	0.823496	0
12.539	0.019362	141.086	0.818373	0
12.5609	0.0190571	142.406	0.834085	0
12.5622	0.0195112	140.267	0.803686	0
12.5553	0.0193469	140.618	0.814957	0
12.5342	0.0190372	140.769	0.810859	0
12.5401	0.0199563	140.769	0.810517	0
12.5463	0.0190442	141.454	0.8112	0
12.5383	0.0187553	140.201	0.834768	0
12.5233	0.0185651	140.301	0.818715	0
12.529	0.0190888	139.783	0.814616	0
12.5478	0.0188964	141.454	0.818031	0
12.5388	0.0187898	141.437	0.803003	0
12.5372	0.0189369	141.587	0.798563	0
12.5495	0.0191833	140.234	0.816324	0
12.5582	0.0196734	140.551	0.80232	0
12.5708	0.0192816	140.936	0.808126	0
12.5407	0.0192418	141.003	0.814616	0
12.5068	0.0188726	139.766	0.799929	0
12.5341	0.0193489	141.972	0.816324	0
12.573	0.0195734	140.368	0.817348	0
12.5329	0.0191304	140.785	0.836817	0
12.5075	0.0189765	142.139	0.803344	0
12.5331	0.0190914	139.649	0.807785	0
12.5478	0.0189872	141.119	0.828278	0
12.5778	0.0194823	142.189	0.81769	0
12.564	0.0189439	141.637	0.796513	0
12.4951	0.0184778	140.986	0.794122	0
12.4983	0.0190396	141.019	0.800954	0
12.5279	0.0189326	141.27	0.803003	0
12.5299	0.0192484	140.919	0.832035	0
12.5183	0.0191205	140.501	0.813591	0
12.5208	0.0192476	141.303	0.817007	0
12.5309	0.0187999	140.819	0.818031	0
12.5287	0.0186816	143.993	0.799929	0
12.5487	0.0188412	141.119	0.811542	0
12.5429	0.0191464	142.306	0.807443	0
12.5138	0.0188655	140.468	0.821105	0
12.5328	0.0188491	141.938	0.835451	0
12.5333	0.0197117	140.267	0.806419	0
12.5206	0.0193913	141.587	0.816665	0
12.5195	0.0189193	140.618	0.823838	0
12.5097	0.0190911	141.487	0.818031	0
12.5101	0.0194013	142.556	0.824863	0
12.5233	0.0194397	141.387	0.808809	0
12.5274	0.0191474	141.337	0.814274	0
12.5257	0.0192889	141.437	0.819398	0
12.529	0.0193794	142.857	0.841257	0
12.5277	0.019178	141.905	0.799246	0
12.5428	0.0195014	140.501	0.811542	0
12.5466	0.0191788	140.835	0.800612	0
12.5338	0.0189478	141.788	0.826912	0
12.5299	0.0189415	140.535	0.809151	0
12.5416	0.0192345	141.404	0.812567	0
12.5462	0.0187605	140.886	0.827937	0
12.5005	0.0191205	141.821	0.808468	0
12.486	0.0189913	142.74	0.831011	0
12.5221	0.0192567	139.95	0.819398	0
12.5205	0.0195776	140.551	0.815299	0
12.5042	0.0192769	140.835	0.807785	0
12.5047	0.0194078	140.735	0.811883	0
12.5134	0.0190978	140.835	0.813933	0
12.5261	0.0193646	140.952	0.825887	0
12.5634	0.0193689	142.038	0.823838	0
12.5614	0.0183042	141.17	0.811542	0
12.5251	0.0190164	142.272	0.80676	0
12.5327	0.0187783	141.203	0.790707	0
12.5296	0.0197909	141.387	0.827937	0
12.5156	0.0191617	141.938	0.810517	0
12.5388	0.0193002	140.1	0.819398	0
12.5474	0.0188798	141.888	0.822813	0
12.5315	0.0188039	141.136	0.813591	0
12.5285	0.018647	139.248	0.787974	0
12.4993	0.0187571	140.401	0.794806	0
12.4709	0.0185281	142.038	0.824863	0
12.5083	0.0189683	140.785	0.819739	0
12.5551	0.0193844	142.757	0.796855	0
12.5178	0.0187775	140.234	0.809493	0
12.4682	0.0186926	141.32	0.832377	0
12.4816	0.0187766	142.707	0.808468	0
12.4776	0.0189918	140.585	0.811542	0
12.4913	0.0187179	139.348	0.819056	0
12.5349	0.0186006	143.626	0.809834	0
12.5205	0.0189928	141.136	0.809151	0
12.5156	0.0187874	142.189	0.831694	0
12.5147	0.019121	141.404	0.818373	0
12.5033	0.0182853	140.518	0.82862	0
12.53	0.0190459	142.189	0.81325	0
12.5199	0.018812	141.37	0.806077	0
12.5061	0.0194998	140.501	0.793098	0
12.527	0.0189111	141.621	0.811883	0
12.5272	0.018578	140.301	0.818715	0
12.5075	0.0194006	140.986	0.838183	0
12.5159	0.0186053	140.869	0.809834	0
12.5031	0.0186466	139.816	0.81325	0
12.4814	0.0193209	142.256	0.815299	0
12.5087	0.0195528	140.936	0.81769	0
12.5285	0.0192708	140.017	0.789341	0
12.5293	0.0194042	140.317	0.82213	0
12.5114	0.0187493	141.37	0.825887	0
12.5202	0.0190136	141.47	0.823838	0
12.5336	0.019053	142.506	0.831011	0
12.4998	0.019264	141.253	0.828278	0
12.4883	0.0191611	140.852	0.817348	0
12.5021	0.0189027	140.735	0.822472	0
12.5249	0.0186875	141.37	0.829303	0
12.5528	0.0195453	140.602	0.814274	0
12.5402	0.0190478	140.852	0.840916	0
12.519	0.0186738	140.217	0.824863	0
12.5194	0.0187925	141.554	0.821789	0
12.5246	0.0189249	142.289	0.803686	0
12.5281	0.0195402	141.337	0.807785	0
12.5136	0.0193817	141.504	0.828961	0
12.4832	0.0191252	139.95	0.813933	0
12.5012	0.0188139	141.42	0.801978	0
12.5427	0.0191527	140.551	0.813933	0
12.5194	0.0185438	140.602	0.813933	0
12.491	0.0189752	141.47	0.813591	0
12.5143	0.0186682	141.537	0.811883	0
12.529	0.0190314	141.353	0.794806	0
12.5384	0.0187653	141.704	0.822472	0
12.517	0.0187581	141.571	0.818715	0
12.47	0.019087	141.287	0.806077	0
12.494	0.0191494	140.635	0.794806	0
12.5349	0.0188055	141.086	0.828278	0
12.5123	0.0185519	141.27	0.806077	0
12.4805	0.0191531	141.621	0.815641	0
12.511	0.0188158	140.384	0.808468	0
12.5405	0.019175	141.136	0.821105	0
12.5326	0.019141	139.933	0.81325	0
12.5293	0.0190557	140.618	0.807785	0
12.5116	0.0187365	139.566	0.82862	0
12.5003	0.0193357	141.654	0.819398	0
12.5094	0.0190253	141.353	0.810859	0
12.4983	0.0191102	142.038	0.810517	0
12.5142	0.0189749	141.871	0.815299	0
12.5113	0.0197901	141.42	0.818031	0
12.4663	0.0191929	140.685	0.803003	0
12.4655	0.0190868	140.468	0.826229	0
12.4882	0.0187795	140.251	0.796172	0
12.4917	0.019808	141.537	0.835109	0
12.5158	0.0192192	140.952	0.819398	0
12.5378	0.0195919	142.105	0.826912	0
12.4961	0.0187973	141.37	0.807785	0
12.4803	0.0196426	140.384	0.820764	0
12.5072	0.0194317	142.222	0.839208	0
12.5202	0.0190714	141.303	0.812225	0
12.5041	0.0188548	140.368	0.801637	0
12.4818	0.0193137	140.702	0.841599	0
12.5036	0.0190341	141.404	0.797196	0
12.52	0.0189453	140.368	0.819398	0
12.497	0.0184945	141.136	0.82213	0
12.4873	0.018719	141.287	0.81325	0
12.4856	0.0189607	141.972	0.8112	0
12.4978	0.0190072	140.234	0.809151	0
12.5183	0.0189702	140.401	0.813591	0
12.5075	0.0187834	141.754	0.818373	0
12.5063	0.0188171	141.972	0.806077	0
12.5119	0.0193211	140.869	0.810859	0
12.5113	0.019144	140.267	0.82213	0
12.5074	0.0191734	143.592	0.812908	0
12.494	0.0194771	141.203	0.824521	0
12.4957	0.0191879	141.571	0.809834	0
12.4971	0.0191545	141.387	0.825204	0
12.4827	0.0187427	141.654	0.818031	0
12.507	0.0191969	140.785	0.802661	0
12.5393	0.0196065	141.404	0.818373	0
12.5161	0.0191308	139.749	0.823838	0
12.4789	0.0186093	141.103	0.820764	0
12.4869	0.0186896	138.814	0.818373	0
12.5198	0.0191358	142.406	0.823155	0
12.5127	0.0192492	139.916	0.78695	0
12.4901	0.019307	139.833	0.80676	0
12.5026	0.0190133	140.752	0.823155	0
12.4781	0.0190522	141.504	0.810517	0
12.4769	0.0186165	140.334	0.808809	0
12.5107	0.0188015	140.551	0.834768	0
12.4887	0.0191915	142.59	0.819739	0
12.5034	0.0191805	139.582	0.810517	0
12.5196	0.0193166	141.921	0.799929	0
12.5024	0.019072	141.721	0.821447	0
12.522	0.0188723	140.969	0.823155	0
12.5257	0.0192751	140.752	0.806077	0
12.5066	0.0191558	141.42	0.803344	0
12.4819	0.0187037	141.17	0.807785	0
12.4861	0.0193644	141.303	0.820422	0
12.5115	0.0192476	140.802	0.813933	0
12.496	0.0195866	139.632	0.806077	0
12.4869	0.0190864	139.967	0.814957	0
12.5156	0.0189262	139.265	0.814274	0
12.5013	0.0192889	139.465	0.830669	0
12.4614	0.0185438	140.1	0.809493	0
12.4854	0.019264	140.919	0.835109	0
12.5017	0.0195644	140.05	0.795147	0
12.4999	0.0192824	139.733	0.801637	0
12.5125	0.0192956	140.501	0.810859	0
12.4977	0.0193182	140.769	0.817007	0
12.4898	0.0186985	140.835	0.823496	0
12.5038	0.0185487	139.499	0.820764	0
12.4795	0.0188666	142.389	0.824521	0
12.4883	0.0189653	140.752	0.824863	0
12.533	0.0194648	140.819	0.809151	0
12.5259	0.0191399	141.47	0.825546	0
12.4956	0.0190594	139.95	0.79583	0
12.4814	0.018748	140.986	0.816324	0
12.5048	0.0190555	141.587	0.809834	0
12.5338	0.018797	142.339	0.809493	0
12.5215	0.0188601	140.902	0.813933	0
12.4989	0.0190906	140.535	0.818715	0
12.4995	0.0190694	140.401	0.815982	0
12.4814	0.0183502	141.153	0.80676	0
12.4729	0.0184001	142.356	0.794464	0
12.5057	0.0188255	139.883	0.806419	0
12.4888	0.0192735	140.568	0.798563	0
12.4575	0.0189149	141.019	0.799929	0
12.4974	0.0196913	139.916	0.801978	0
12.5284	0.0193486	141.487	0.798221	0
12.5069	0.0192872	141.17	0.826229	0
12.5097	0.0189229	141.838	0.803686	0
12.4957	0.0184879	138.814	0.804028	0
12.4829	0.018643	141.621	0.812567	0
12.537	0.0188272	141.738	0.834426	0
12.5367	0.019196	140.451	0.828278	0
12.4947	0.0191762	139.582	0.812908	0
12.4971	0.0193818	140.585	0.792415	0
12.4834	0.0190082	140.735	0.832377	0
12.4886	0.0190324	141.454	0.822813	0
12.5206	0.0189884	141.32	0.824863	0
12.4942	0.0191149	139.415	0.812225	0
12.4576	0.0184025	140.485	0.797538	0
12.4828	0.0189616	141.637	0.812225	0
12.5112	0.0188889	139.799	0.821789	0
12.4884	0.0185361	140.05	0.826229	0
12.4894	0.0188036	141.069	0.820764	0
12.5056	0.0187888	141.621	0.798904	0
12.4937	0.019522	140.535	0.82418	0
12.4889	0.0193415	141.988	0.819739	0
12.4964	0.0196094	142.038	0.821447	0
12.5092	0.019016	142.356	0.809493	0
12.4783	0.0186745	138.513	0.801637	0
12.4446	0.0189201	140.267	0.794806	0
12.47	0.0190208	141.086	0.834768	0
12.4963	0.0193336	140.902	0.814616	0
12.5031	0.0192237	141.387	0.821447	0
12.5077	0.0190636	141.303	0.79788	0
12.5072	0.0193476	142.389	0.834768	0
12.5004	0.0191995	140.785	0.823838	0
12.4843	0.0194718	141.688	0.836817	0
12.5069	0.0190538	141.704	0.815299	0
12.5302	0.0191688	141.404	0.795489	0
12.5061	0.01951	140.184	0.809834	0
12.4815	0.0188853	141.136	0.808809	0
12.4918	0.0191059	140.718	0.815299	0
12.5021	0.0189115	140.267	0.803686	0
12.4803	0.0191199	141.437	0.821105	0
12.4909	0.0190607	142.824	0.82213	0
12.5222	0.019581	141.32	0.819398	0
12.5036	0.0193433	139.933	0.805394	0
12.4855	0.0191702	141.654	0.793781	0
12.5186	0.0187169	141.203	0.825887	0
12.5085	0.0192282	140.418	0.818031	0
12.463	0.0188709	139.833	0.803003	0
12.4882	0.0194862	140.685	0.828278	0
12.5074	0.0189483	140.05	0.790024	0
12.4907	0.0192322	141.253	0.808468	0
12.5165	0.0186507	141.955	0.827595	0
12.5117	0.0184662	139.515	0.812225	0
12.5076	0.0191987	141.805	0.816324	0
12.5294	0.0191446	140.535	0.831694	0
12.5172	0.0190446	141.571	0.809151	0
12.5121	0.0192967	142.038	0.845015	0
12.493	0.0192083	142.556	0.804711	0
12.478	0.0188946	140.685	0.820081	0
12.4772	0.0190487	141.036	0.822472	0
12.4686	0.0193425	138.864	0.811883	0
12.4756	0.0189684	140.501	0.810517	0
12.499	0.0191775	140.401	0.815641	0
12.4995	0.0187777	141.621	0.819398	0
12.5004	0.0191047	141.754	0.807443	0
12.5125	0.0191464	140.384	0.797538	0
12.4938	0.0188791	139.883	0.829644	0
12.4978	0.0192379	140.301	0.803003	0
12.5165	0.0187313	140.535	0.810517	0
12.4984	0.019115	140.535	0.818715	0
12.5052	0.0189433	141.153	0.818031	0
12.5142	0.018947	140.769	0.804369	0
12.4913	0.0189546	140.802	0.799929	0
12.4952	0.0193025	140.468	0.816324	0
12.5101	0.0189412	141.253	0.817007	0
12.4788	0.0187139	141.069	0.8112	0
12.4646	0.0188178	140.535	0.81325	0
12.4893	0.019134	142.005	0.821105	0
12.5076	0.0189334	142.139	0.827254	0
12.4747	0.0188959	139.582	0.80676	0
12.4672	0.0190711	142.64	0.812908	0
12.5135	0.0190223	140.718	0.825887	0
12.4873	0.018998	139.933	0.835451	0
12.4524	0.0190213	141.738	0.807102	0
12.4867	0.019107	141.253	0.788316	0
12.4899	0.0186537	140.234	0.81769	0
12.4802	0.0190439	141.554	0.795147	0
12.4878	0.0193075	141.153	0.815982	0
12.4515	0.018637	140.468	0.816665	0
12.4273	0.0191432	140.401	0.808468	0
12.4698	0.0187191	139.916	0.813933	0
12.5039	0.0187736	141.871	0.801978	0
12.5072	0.0193301	141.604	0.820081	0
12.5113	0.0191714	140.401	0.819056	0
12.5049	0.0187292	140.952	0.817348	0
12.4789	0.0191231	139.666	0.8112	0
12.4734	0.0187292	141.704	0.783193	0
12.4762	0.0191304	140.401	0.808809	0
12.4705	0.0190749	141.086	0.797196	0
12.4435	0.0188421	140.969	0.807785	0
12.4705	0.019024	141.537	0.810859	0
12.5154	0.0187206	141.738	0.818031	0
12.486	0.0186416	141.487	0.82213	0
12.4924	0.0192405	141.303	0.804028	0
12.5162	0.0191649	142.105	0.825204	0
12.5105	0.0191182	140.501	0.813933	0
12.4965	0.0194186	140.251	0.801978	0
12.4841	0.0188758	140.535	0.802661	0
12.4743	0.0185875	139.866	0.795147	0
12.4912	0.0186389	141.771	0.832377	0
12.4649	0.0190795	140.568	0.814616	0
12.4338	0.0190936	142.339	0.807102	0
12.4844	0.019035	142.523	0.812908	0
12.5062	0.0193232	139.766	0.803344	0
12.4895	0.0195834	140.852	0.803686	0
12.483	0.0188867	140.501	0.824863	0
12.4907	0.0189451	140.451	0.79788	0
12.5003	0.0190444	142.256	0.823155	0
12.4915	0.0187756	140.852	0.817007	0
12.5042	0.0193368	140.485	0.831011	0
12.5058	0.0193287	140.434	0.821105	0
12.4724	0.0191569	140.234	0.810176	0
12.4881	0.0189698	141.487	0.814274	0
12.4975	0.0193368	140.301	0.81325	0
12.4722	0.0188479	140.735	0.814616	0
12.4548	0.0185373	141.42	0.814274	0
12.4702	0.0186347	141.955	0.814274	0
12.5074	0.0193767	140.969	0.827254	0
12.4974	0.0189339	139.582	0.832377	0
12.4843	0.018793	140.401	0.807102	0
12.5133	0.0193007	141.003	0.812567	0
12.5045	0.0189025	140.535	0.831694	0
12.4869	0.0186272	142.607	0.81769	0
12.5133	0.0192964	141.17	0.809834	0
12.5117	0.0194505	140.718	0.81325	0
12.5006	0.0191536	141.554	0.797196	0
12.4959	0.0193179	140.952	0.801295	0
12.4588	0.0188678	139.031	0.822813	0
12.4182	0.0191685	139.716	0.825204	0
12.4398	0.0193365	141.086	0.806419	0
12.5078	0.018701	141.972	0.834426	0
12.4926	0.0189711	140.635	0.826229	0
12.4525	0.0192584	140.902	0.8112	0
12.4538	0.019058	140.969	0.814274	0
12.4662	0.018927	141.47	0.804369	0
12.5221	0.0191412	141.972	0.817007	0
12.5082	0.0189607	139.382	0.823496	0
12.475	0.0187837	140.501	0.815641	0
12.4941	0.0188916	139.933	0.80676	0
12.4725	0.0190362	140.602	0.821789	0
12.4576	0.0196888	139.9	0.792073	0
12.4936	0.01905	138.964	0.796513	0
12.4874	0.0189	140.384	0.805735	0
12.4754	0.0192479	139.733	0.822813	0
12.5014	0.0189787	141.136	0.825204	0
12.4873	0.0188049	142.022	0.807785	0
12.471	0.0191522	141.554	0.807102	0
12.4815	0.0189727	140.652	0.82418	0
12.4952	0.0190941	141.805	0.809834	0
12.484	0.0191367	142.473	0.814274	0
12.4983	0.0193564	140.551	0.835451	0
12.5193	0.0193616	141.838	0.798904	0
12.4834	0.0191754	140.284	0.819398	0
12.4543	0.0190843	140.936	0.803686	0
12.4941	0.019152	140.551	0.809151	0
12.5132	0.0191786	142.139	0.82418	0
12.4803	0.0189607	140.217	0.837159	0
12.4644	0.018906	140.401	0.842282	0
12.4847	0.0190787	141.771	0.815641	0
12.4954	0.0187753	141.571	0.816324	0
12.4935	0.0191787	141.287	0.797196	0
12.4986	0.0189801	142.038	0.836134	0
12.5005	0.0188987	140.1	0.827595	0
12.4853	0.0191303	142.072	0.823155	0
12.4934	0.018779	140.936	0.818715	0
12.4836	0.0187122	139.816	0.798904	0
12.4705	0.0188313	140.451	0.806077	0
12.4861	0.0190126	140.735	0.816324	0
12.4895	0.0191472	141.637	0.82418	0
12.4981	0.0188742	141.019	0.838867	0
12.4779	0.0194547	140.401	0.823838	0
12.4651	0.0192795	141.921	0.820764	0
12.4687	0.0195668	140.451	0.818373	0
12.4331	0.019277	138.914	0.81325	0
12.4392	0.0192149	141.203	0.812567	0
12.5033	0.0191652	139.85	0.798563	0
12.4969	0.0191623	141.086	0.801978	0
12.4699	0.0189389	142.423	0.819056	0
12.4903	0.0193995	141.053	0.804711	0
12.4931	0.0190482	141.754	0.8112	0
12.4902	0.0191872	141.186	0.804028	0
12.5003	0.0188066	140.033	0.818715	0
12.4952	0.0192892	142.339	0.800954	0
12.483	0.0187356	140.585	0.799587	0
12.4839	0.0194599	141.621	0.834426	0
12.5105	0.0194622	142.055	0.831011	0
12.4918	0.0192866	140.902	0.807102	0
12.4743	0.0190817	140.1	0.811542	0
12.4918	0.0188915	141.637	0.819056	0
12.4863	0.0196859	140.802	0.815982	0
12.4884	0.0188255	142.439	0.806077	0
12.4841	0.0189698	140.585	0.831694	0
12.4586	0.0190659	141.587	0.841257	0
12.4759	0.0194263	141.337	0.812567	0
12.491	0.0190773	140.718	0.794122	0
12.4903	0.0193984	141.47	0.8112	0
12.4973	0.0189184	140.217	0.810176	0
12.4894	0.01915	140.067	0.80676	0
12.4605	0.0196504	140.835	0.798904	0
12.4593	0.019322	142.122	0.827254	0
12.4838	0.0191807	141.504	0.800612	0
12.4974	0.0193648	139.933	0.812567	0
12.4891	0.0191383	142.339	0.803686	0
12.4679	0.0196967	141.871	0.813933	0
12.475	0.0186121	140.986	0.804028	0
12.4897	0.0183559	141.955	0.826912	0
12.4794	0.0189227	140.1	0.81769	0
12.477	0.0184965	141.671	0.805394	0
12.4814	0.01892	139.766	0.823838	0
12.495	0.0187928	140.785	0.834768	0
12.4968	0.0190051	140.702	0.813933	0
12.4905	0.0193468	140.602	0.819056	0
12.4942	0.019122	140.952	0.815982	0
12.4704	0.019444	140.819	0.8112	0
12.4656	0.0191757	142.807	0.815299	0
12.4846	0.019019	141.17	0.826229	0
12.4803	0.0185393	141.27	0.823155	0
12.4728	0.0194083	141.754	0.804028	0
12.483	0.0194558	142.005	0.831011	0
12.4882	0.0192257	141.654	0.808468	0
12.4804	0.0187562	139.616	0.812908	0
12.4766	0.0190613	139.85	0.823155	0
12.4833	0.0187573	140.919	0.803344	0
12.4962	0.0191169	141.537	0.822472	0
12.4956	0.0188743	140.886	0.81325	0
12.5091	0.01888	141.103	0.808126	0
12.5028	0.0187191	140.368	0.820764	0
12.4733	0.0184522	140.702	0.813591	0
12.4845	0.0189137	141.487	0.821447	0
12.5052	0.0186631	142.59	0.828961	0
12.49	0.018772	141.153	0.823838	0
12.4742	0.0188589	141.654	0.805735	0
12.4914	0.0189487	142.089	0.840233	0
12.4968	0.0185874	141.537	0.819739	0
12.481	0.0190341	141.738	0.807443	0
12.4771	0.0184738	140.936	0.804369	0
12.4804	0.0188962	142.155	0.79788	0
12.4706	0.019051	142.139	0.832035	0
12.4872	0.019677	140.735	0.807102	0
12.4966	0.0190345	141.637	0.814274	0
12.4645	0.0185046	141.186	0.835109	0
12.4854	0.0193122	140.384	0.820764	0
12.5092	0.0189293	139.95	0.81325	0
12.4774	0.0191454	140.334	0.809493	0
12.4624	0.0190737	139.482	0.811883	0
12.4487	0.0187073	141.136	0.815299	0
12.4502	0.0189542	142.172	0.810176	0
12.4805	0.0193214	139.632	0.819739	0
12.495	0.0188466	140.468	0.824863	0
12.4812	0.0191383	141.27	0.810859	0
12.4798	0.01852	141.454	0.813933	0
12.4732	0.0190744	140.451	0.810176	0
12.4627	0.0189757	142.64	0.82418	0
12.4542	0.0188563	140.969	0.807443	0
12.454	0.0185058	140.15	0.823155	0
12.458	0.0190964	141.353	0.814957	0
12.4566	0.0192018	141.504	0.815299	0
12.4533	0.0186215	141.236	0.814957	0
12.4586	0.0191441	140.134	0.811542	0
12.4642	0.0191845	142.64	0.814616	0
12.468	0.0188819	141.888	0.819739	0
12.4686	0.0187472	141.404	0.815641	0
12.4674	0.0191687	142.306	0.798221	0
12.4733	0.0187076	139.9	0.823496	0
12.4717	0.0189578	142.272	0.807443	0
12.4874	0.018667	141.003	0.825887	0
12.4582	0.0189366	141.337	0.827937	0
12.4368	0.0190797	141.353	0.796513	0
12.4793	0.0189388	140.485	0.828278	0
12.4929	0.019349	139.9	0.809834	0
12.4763	0.0192204	140.251	0.799246	0
12.4697	0.0190367	141.47	0.814274	0
12.4753	0.0186802	141.47	0.801978	0
12.4588	0.0192345	140.368	0.805394	0
12.4416	0.0190161	141.938	0.807102	0
12.4466	0.0192965	141.437	0.797196	0
12.4671	0.0188494	140.217	0.829644	0
12.4749	0.0190705	140.017	0.799246	0
12.4891	0.0189657	141.37	0.842282	0
12.5078	0.0191079	140.819	0.811542	0
12.4943	0.0193093	140.384	0.807785	0
12.4828	0.0192407	141.47	0.814957	0
12.4627	0.019468	140.568	0.803344	0
12.452	0.0187708	140.936	0.800612	0
12.463	0.0191035	139.816	0.800954	0
12.4862	0.019145	140.668	0.819739	0
12.5127	0.019098	142.707	0.80676	0
12.5144	0.0190797	142.089	0.824521	0
12.4846	0.0193736	141.587	0.821789	0
12.4635	0.0190521	140.618	0.79583	0
12.457	0.0186582	140.585	0.822813	0
12.4507	0.0191224	141.972	0.807785	0
12.4811	0.0186604	140.535	0.80676	0
12.5063	0.0192939	141.337	0.81769	0
12.5097	0.0190795	142.456	0.810176	0
12.481	0.018715	140.15	0.810859	0
12.4685	0.0185618	140.852	0.820422	0
12.4709	0.0189438	141.671	0.822813	0
12.4709	0.0187726	140.852	0.825546	0
12.477	0.0191055	140.668	0.810176	0
12.4698	0.0190506	141.437	0.805394	0
12.4784	0.0195199	140.835	0.825546	0
12.4683	0.0192597	141.537	0.825887	0
12.447	0.0189989	141.036	0.808468	0
12.4643	0.0186229	141.27	0.8112	0
12.4781	0.0195728	140.902	0.807785	0
12.487	0.0191694	142.072	0.819398	0
12.5177	0.0194857	141.287	0.805052	0
12.4938	0.0187894	140.201	0.811542	0
12.4523	0.0188006	141.136	0.787633	0
12.4584	0.0192265	140.618	0.811883	0
12.4684	0.0189928	139.95	0.818373	0
12.4741	0.0185999	141.003	0.819056	0
12.4839	0.0188706	140.485	0.806077	0
12.4935	0.0188659	142.272	0.821447	0
12.4717	0.019308	141.42	0.823496	0
12.453	0.0192503	141.353	0.82213	0
12.4665	0.0190113	141.404	0.83306	0
12.4877	0.0189669	141.136	0.837159	0
12.4689	0.0190492	139.616	0.836134	0
12.4607	0.0195276	140.201	0.809151	0
12.4585	0.0193734	141.103	0.806419	0
12.4259	0.0190561	140.802	0.793098	0
12.4341	0.0190657	140.468	0.803344	0
12.4749	0.0194547	141.554	0.823496	0
12.4838	0.019342	141.788	0.808126	0
12.4783	0.0191758	140.769	0.840574	0
12.4792	0.0190893	140.802	0.828961	0
12.475	0.0193369	140.033	0.840574	0
12.4583	0.0188324	140.936	0.809834	0
12.4513	0.0185958	141.153	0.813933	0
12.457	0.0196367	142.239	0.824521	0
12.4637	0.0191023	140.201	0.812567	0
12.4475	0.0186889	140.167	0.803344	0
12.4468	0.0188952	141.37	0.826912	0
12.457	0.0193481	141.387	0.806419	0
12.4727	0.0195257	140.735	0.822472	0
12.4892	0.0187059	139.582	0.819739	0
12.4643	0.0192063	140.301	0.812908	0
12.4519	0.0194351	139.783	0.813591	0
12.4904	0.0191069	142.272	0.785583	0
12.4816	0.019257	139.933	0.823155	0
12.4413	0.0191812	141.587	0.814957	0
12.473	0.0191932	140.267	0.816324	0
12.4945	0.0190771	140.384	0.803003	0
12.4672	0.0187896	142.439	0.814957	0
12.4761	0.0186723	140.668	0.801978	0
12.5007	0.0191231	139.783	0.818031	0
12.49	0.0188971	141.454	0.801637	0
12.4649	0.0194076	141.119	0.818031	0
12.4391	0.0190894	139.415	0.818373	0
12.4596	0.019042	141.353	0.820422	0
12.4922	0.0189506	141.537	0.807443	0
12.4688	0.0193162	140.15	0.819056	0
12.4645	0.0190025	141.337	0.810517	0
12.4791	0.0188327	141.303	0.800954	0
12.4667	0.0189458	141.153	0.80676	0
12.4717	0.0191844	140.284	0.801637	0
12.4839	0.0188031	141.17	0.814274	0
12.4708	0.019245	141.487	0.822813	0
12.4789	0.0188098	140.869	0.805394	0
12.4658	0.0188872	140.267	0.810859	0
12.4475	0.0190859	139.766	0.822472	0
12.4724	0.0188685	140.668	0.835451	0
12.4758	0.0189915	140.886	0.823496	0
12.4756	0.0189864	140.852	0.830669	0
12.506	0.0190728	141.671	0.846381	0
12.4926	0.0188473	140.785	0.797196	0
12.4672	0.0195179	140.301	0.793781	0
12.4746	0.0191416	139.699	0.796172	0
12.4629	0.019115	141.153	0.810176	0
12.4555	0.0190555	139.883	0.840233	0
12.4869	0.0192055	140.902	0.821105	0
12.5007	0.0193601	142.122	0.813933	0
12.4866	0.0195343	140.618	0.782168	0
12.47	0.0190442	140.886	0.825887	0
12.4696	0.0191507	139.432	0.803344	0
12.4731	0.0191879	141.671	0.828278	0
12.4563	0.018659	141.487	0.82418	0
12.4649	0.0188949	139.866	0.829644	0
12.4919	0.0189872	141.387	0.851163	0
12.4756	0.0190484	140.535	0.804369	0
12.4508	0.0190711	139.733	0.800954	0
12.4553	0.0188642	140.15	0.807443	0
12.458	0.0191142	140.351	0.801978	0
12.449	0.0188275	140.602	0.822813	0
12.4504	0.0193995	141.103	0.804369	0
12.465	0.0188818	141.053	0.813591	0
12.4819	0.0188741	141.387	0.801978	0
12.4877	0.0191025	141.036	0.801295	0
12.4603	0.0182341	141.069	0.80676	0
12.4693	0.018884	140.184	0.811883	0
12.5031	0.0192896	141.019	0.806077	0
12.4931	0.0189124	140.919	0.818715	0
12.4873	0.019516	140.902	0.804028	0
12.4853	0.018792	141.119	0.823496	0
12.4416	0.0189818	140.802	0.82213	0
12.4435	0.0184436	141.888	0.825887	0
12.48	0.0190575	140.234	0.806077	0
12.4631	0.0190253	142.657	0.824521	0
12.4555	0.0188868	141.303	0.827937	0
12.4765	0.0187315	141.186	0.800954	0
12.4761	0.0193532	141.153	0.824521	0
12.4525	0.0188608	141.287	0.819739	0
12.4498	0.0190515	139.866	0.815641	0
12.4585	0.0193868	140.735	0.828961	0
12.444	0.0189117	140.535	0.806077	0
12.455	0.0190796	141.637	0.827254	0
12.476	0.0187321	140.702	0.819739	0
12.4518	0.0186031	140.217	0.825887	0
12.425	0.0186552	140.201	0.788657	0
12.4494	0.0190663	140.434	0.807443	0
12.4785	0.018723	139.499	0.79788	0
12.4593	0.0189036	140.902	0.809493	0
12.4629	0.0189575	142.155	0.816324	0
12.4826	0.0192635	141.003	0.803686	0
12.4918	0.0191392	141.236	0.810859	0
12.4867	0.0191873	141.27	0.803344	0
12.4741	0.0185836	141.504	0.812225	0
12.4781	0.0190223	140.434	0.82213	0
12.4592	0.0195695	140.752	0.815982	0
12.455	0.0199078	141.236	0.807785	0
12.4638	0.0189392	141.119	0.808809	0
12.466	0.0194879	141.303	0.823155	0
12.4802	0.0193094	141.871	0.839208	0
12.4848	0.0193062	141.387	0.807443	0
12.4798	0.0189684	141.571	0.794122	0
12.4767	0.0185575	141.236	0.809834	0
12.4815	0.0196461	140.685	0.796172	0
12.4865	0.0195844	141.504	0.832377	0
12.4522	0.0194033	140.551	0.832035	0
12.4229	0.0186222	140.251	0.825887	0
12.4672	0.0190899	141.721	0.818715	0
12.5201	0.0193534	141.938	0.81325	0
12.5123	0.0190558	141.019	0.842282	0
12.4739	0.0194066	142.306	0.81325	0
12.4594	0.0186831	140.618	0.821105	0
12.4897	0.0186226	141.019	0.825204	0
12.5056	0.0187762	140.217	0.817007	0
12.4675	0.0192432	140.635	0.807443	0
12.4343	0.0191369	139.799	0.809834	0
12.4325	0.0186769	141.303	0.823155	0
12.4617	0.019396	141.771	0.801295	0
12.4937	0.0182954	140.234	0.808468	0
12.4678	0.0188465	141.47	0.820422	0
12.4533	0.0191894	141.754	0.801295	0
12.4794	0.0187455	141.27	0.826229	0
12.4866	0.0189932	141.571	0.806077	0
12.4858	0.0194377	141.688	0.81769	0
12.4734	0.0191325	140.785	0.81769	0
12.4756	0.0188056	141.404	0.83306	0
12.4719	0.0192027	140.184	0.818031	0
12.445	0.0190919	141.738	0.818031	0
12.4551	0.019145	139.967	0.81325	0
12.467	0.0192053	141.821	0.834768	0
12.4826	0.0192936	141.704	0.804028	0
12.47	0.0188416	139.833	0.798904	0
12.4557	0.0194543	140.702	0.792415	0
12.439	0.0185924	138.48	0.818715	0
12.4418	0.0185369	141.27	0.821447	0
12.4727	0.0191517	140.15	0.827595	0
12.4623	0.0193018	140.602	0.832377	0
12.4654	0.019645	140.334	0.818715	0
12.4786	0.0193223	141.821	0.804028	0
12.4728	0.0194818	141.287	0.811883	0
12.4744	0.0190217	140.568	0.821105	0
12.4696	0.0188782	141.587	0.822813	0
12.4741	0.0181069	139.916	0.804711	0
12.4731	0.0191361	139.85	0.820422	0
12.4567	0.0191941	142.306	0.79788	0
12.4571	0.0191962	140.167	0.821447	0
12.4717	0.0190732	141.437	0.82418	0
12.4842	0.0189819	140.15	0.829644	0
12.463	0.0185172	141.069	0.804369	0
12.4584	0.0188506	139.816	0.825887	0
12.5003	0.0191637	140.401	0.812225	0
12.4975	0.018659	140.535	0.836134	0
12.447	0.0188705	141.871	0.796513	0
12.4519	0.01914	141.119	0.837842	0
12.4801	0.0192348	141.053	0.814274	0
12.4693	0.0190373	142.105	0.804028	0
12.4515	0.0192287	140.468	0.810517	0
12.454	0.0187707	140.017	0.81769	0
12.4661	0.0187776	140.551	0.834426	0
12.4671	0.018722	141.303	0.790365	0
12.4799	0.0190549	140.802	0.806419	0
12.4726	0.0191315	139.582	0.813591	0
12.478	0.0184734	141.571	0.799587	0
12.4785	0.0192831	140.986	0.82213	0
12.4627	0.0189506	140.869	0.817348	0
12.4741	0.0191353	140.652	0.803686	0
12.4827	0.0192818	141.905	0.826229	0
12.4668	0.0189736	141.821	0.825204	0
12.48	0.0192635	140.986	0.812567	0
12.4694	0.0192281	140.802	0.820081	0
12.4587	0.0194229	141.437	0.829986	0
12.4854	0.0192329	141.019	0.818031	0
12.5007	0.0193542	141.019	0.82213	0
12.4865	0.0186444	140.835	0.829303	0
12.4662	0.0185618	140.969	0.84399	0
12.4314	0.0192009	140.351	0.79583	0
12.4275	0.0192133	142.523	0.850138	0
12.4726	0.0190036	140.785	0.814274	0
12.4738	0.018768	140.718	0.807443	0
12.4602	0.0187809	143.325	0.809151	0
12.4575	0.0189491	141.537	0.823838	0
12.4542	0.0186461	141.387	0.830669	0
12.4397	0.0193534	141.32	0.817348	0
12.4351	0.0186366	140.902	0.827254	0
12.4441	0.0187618	140.017	0.835792	0
12.477	0.0193372	143.592	0.822472	0
12.4979	0.0187518	140.334	0.805052	0
12.4691	0.0189986	140.184	0.819739	0
12.465	0.019038	141.337	0.798563	0
12.4549	0.0195191	140.317	0.82213	0
12.4455	0.0193123	140.618	0.824863	0
12.4507	0.0190414	140.334	0.836817	0
12.4581	0.0192811	141.22	0.813591	0
12.4591	0.0193429	140.334	0.816324	0
12.4455	0.0187011	140.969	0.818373	0
12.4238	0.0192227	140.618	0.798563	0
12.4468	0.0192489	139.716	0.818715	0
12.4894	0.0189778	141.153	0.818031	0
12.4709	0.0192956	140.117	0.8375	0
12.4611	0.0193104	141.504	0.823155	0
12.4604	0.0190377	140.117	0.818715	0
12.425	0.0187818	140.986	0.8112	0
12.4431	0.0188633	141.153	0.805735	0
12.4967	0.0195805	139.733	0.812908	0
12.4862	0.0192874	140.802	0.805735	0
12.4578	0.0191597	141.203	0.796513	0
12.4473	0.0188315	139.616	0.817007	0
12.4422	0.0189298	141.253	0.826229	0
12.4446	0.0194592	141.42	0.828278	0
12.4481	0.0187549	140.986	0.804028	0
12.4899	0.0186894	140.485	0.820081	0
12.479	0.0191221	140.819	0.813591	0
12.4155	0.018758	139.85	0.819056	0
12.4419	0.0184446	141.487	0.812567	0
12.4683	0.0188256	140.936	0.825204	0
12.4536	0.019422	141.52	0.821105	0
12.484	0.0194961	140.602	0.824863	0
12.4836	0.0188855	141.487	0.821105	0
12.4658	0.0188503	140.184	0.81769	0
12.4721	0.0192817	140.635	0.810517	0
12.4848	0.0194179	142.373	0.825546	0
12.4788	0.0190533	140.819	0.840574	0
12.4486	0.0189986	141.353	0.811542	0
12.4629	0.0194076	142.172	0.80232	0
12.4848	0.0187924	142.69	0.813933	0
12.4617	0.0189239	141.42	0.8112	0
12.4358	0.0193586	142.339	0.839208	0
12.4543	0.0189597	141.119	0.810859	0
12.4747	0.018693	141.27	0.836476	0
12.463	0.0192952	140.317	0.804711	0
12.4638	0.018567	141.738	0.805735	0
12.4492	0.0192183	139.9	0.832377	0
12.4437	0.01948	139.816	0.809493	0
12.4854	0.0192599	141.069	0.804711	0
12.4884	0.0193775	140.518	0.816324	0
12.4607	0.0187703	141.27	0.805735	0
12.4708	0.01897	139.449	0.807785	0
12.4673	0.0187674	140.936	0.823838	0
12.4604	0.0191042	142.022	0.82418	0
12.4886	0.0189493	140.886	0.807785	0
12.5	0.0187926	141.036	0.820764	0
12.4627	0.0187906	140.835	0.807443	0
12.4568	0.0187292	139.131	0.805394	0
12.4975	0.018732	141.621	0.826229	0
12.4981	0.0195542	139.432	0.792415	0
12.4555	0.0190351	140.618	0.825204	0
12.4587	0.0189334	141.053	0.827595	0
12.4633	0.0189115	141.17	0.818373	0
12.4275	0.0193623	140.418	0.825887	0
12.4495	0.019326	141.988	0.846381	0
12.4924	0.0190749	140	0.821447	0
12.4611	0.0194304	141.053	0.832377	0
12.4285	0.0195376	141.119	0.823838	0
12.4541	0.0189246	142.473	0.809151	0
12.4954	0.0185883	140.184	0.815299	0
12.5053	0.0189201	140.1	0.821447	0
12.476	0.0186908	141.738	0.823155	0
12.4612	0.0189401	140.568	0.803003	0
12.4466	0.0191982	141.621	0.832377	0
12.4416	0.018941	141.821	0.80676	0
12.4731	0.0187967	141.069	0.81325	0
12.4664	0.0190831	141.704	0.80676	0
12.4531	0.0196245	141.788	0.826229	0
12.4643	0.0187257	138.73	0.797538	0
12.4529	0.0189053	141.905	0.83306	0
12.4543	0.0191973	140.384	0.813933	0
12.4719	0.0194655	139.799	0.82657	0
12.4779	0.019103	141.387	0.821105	0
12.481	0.0188456	140.835	0.832377	0
12.4881	0.0190246	140.936	0.830669	0
12.4745	0.0191277	139.749	0.823838	0
12.4469	0.0197266	139.499	0.792415	0
12.4275	0.0187939	141.972	0.812567	0
12.4276	0.0184639	141.203	0.834768	0
12.4357	0.0190756	141.671	0.806419	0
12.4493	0.0189476	142.055	0.82862	0
12.4615	0.0188225	140.067	0.803686	0
12.4562	0.0188829	142.005	0.798563	0
12.4607	0.0191498	141.738	0.817348	0
12.4589	0.0189903	140.184	0.789341	0
12.4462	0.0188721	141.136	0.824863	0
12.4573	0.0187115	141.52	0.818373	0
12.4696	0.019245	141.27	0.829644	0
12.4683	0.0187422	141.069	0.815299	0
12.4847	0.0191539	141.236	0.832035	0
12.491	0.0192868	141.604	0.814616	0
12.4571	0.0186937	140.167	0.823496	0
12.4539	0.0187128	141.537	0.819056	0
12.4898	0.0188663	139.716	0.819739	0
12.4722	0.0183534	140.802	0.822472	0
12.4612	0.0193148	140.785	0.808809	0
12.4848	0.0192591	140.501	0.809834	0
12.4822	0.019158	140.451	0.828961	0
12.4696	0.0192514	141.253	0.796855	0
12.4568	0.0188018	140.384	0.809493	0
12.4575	0.0189083	141.454	0.816324	0
12.4674	0.0188058	140.217	0.823155	0
12.437	0.0192164	141.42	0.791732	0
12.4068	0.0190302	141.353	0.794464	0
12.4605	0.0193242	141.47	0.819056	0
12.4789	0.0192465	140.434	0.837159	0
12.4411	0.0188249	142.272	0.82862	0
12.4584	0.0193457	140.134	0.836476	0
12.456	0.019445	140.05	0.83306	0
12.4409	0.0190299	140.267	0.800612	0
12.4638	0.0187461	142.105	0.809493	0
12.4544	0.0191809	139.298	0.810517	0
12.4381	0.019279	141.47	0.814616	0
12.4482	0.0189719	141.754	0.812908	0
12.4523	0.0189955	141.504	0.825546	0
12.4656	0.0186313	142.122	0.815299	0
12.4752	0.0186769	140.752	0.791048	0
12.4637	0.0191512	140.618	0.819056	0
12.4347	0.0190916	140.718	0.814616	0
12.4369	0.0187668	141.688	0.810517	0
12.4741	0.0192613	140.568	0.805735	0
12.4796	0.0194859	141.437	0.823838	0
12.4538	0.0189421	139.699	0.838867	0
12.4714	0.0189511	141.253	0.80676	0
12.4767	0.0185206	141.938	0.834768	0
12.4438	0.0194356	140.835	0.819398	0
12.471	0.0187319	141.571	0.800612	0
12.49	0.0186271	140.952	0.8375	0
12.4584	0.0188754	142.272	0.796172	0
12.4542	0.0189777	139.315	0.829986	0
12.4536	0.0189972	141.203	0.833402	0
12.4544	0.0194499	140.401	0.812567	0
12.4843	0.0192534	140.401	0.793098	0
12.4537	0.018991	140.518	0.821447	0
12.4227	0.0187788	140.434	0.798221	0
12.4617	0.0192333	142.055	0.807785	0
12.4868	0.0192633	141.337	0.814274	0
12.4612	0.0196337	141.136	0.825546	0
12.4375	0.0197912	140.501	0.828961	0
12.4456	0.0193763	139.95	0.809834	0
12.4756	0.0189573	140.551	0.816665	0
12.4722	0.0188946	140.869	0.821789	0
12.4639	0.0189995	140.551	0.813591	0
12.4708	0.0191278	140.602	0.803686	0
12.4623	0.0190713	141.972	0.798904	0
12.468	0.0191785	142.089	0.818715	0
12.486	0.0190434	140.434	0.818715	0
12.4699	0.0191342	140.334	0.783534	0
12.4529	0.0188132	142.122	0.807102	0
12.4659	0.0189148	140	0.829303	0
12.4693	0.0197232	141.086	0.811883	0
12.4649	0.0193777	140.618	0.834085	0
12.4853	0.0192382	140.251	0.820422	0
12.5045	0.0190323	141.186	0.825204	0
12.4781	0.0187364	140.368	0.812225	0
12.472	0.0188563	140.451	0.8112	0
12.4848	0.0191173	140.217	0.832035	0
12.4663	0.0188833	141.504	0.82418	0
12.4926	0.0190521	142.105	0.832718	0
12.4954	0.0182814	141.738	0.818715	0
12.4408	0.0192573	140.869	0.834085	0
12.4479	0.0190597	139.783	0.810859	0
12.4774	0.0191373	140.802	0.79788	0
12.4432	0.0187967	141.404	0.801637	0
12.4292	0.0187977	141.387	0.831694	0
12.4618	0.0186942	140.434	0.803344	0
12.4862	0.0191873	141.253	0.808809	0
12.4853	0.0188067	141.186	0.798904	0
12.4803	0.0191291	140.284	0.803686	0
12.4863	0.0192679	141.069	0.800612	0
12.4586	0.0188353	140.251	0.802661	0
12.4439	0.018788	141.454	0.8112	0
12.4694	0.018662	141.27	0.836134	0
12.465	0.0192436	141.454	0.793781	0
12.4602	0.0190567	141.186	0.799929	0
12.4688	0.0192773	140.919	0.818715	0
12.4558	0.0188356	140.017	0.798221	0
12.4581	0.0189418	140.251	0.813933	0
12.457	0.0193332	141.437	0.820081	0
12.4217	0.0188871	139.332	0.812908	0
12.4215	0.0188457	140.251	0.819739	0
12.4719	0.0189184	140.635	0.827595	0
12.4692	0.0184766	140.301	0.80027	0
12.4256	0.0183322	139.432	0.79583	0
12.4816	0.0189772	140.802	0.816324	0
12.5044	0.0191033	142.573	0.809151	0
12.4229	0.0192102	140.986	0.80676	0
12.4343	0.0190545	140.301	0.805052	0
12.4551	0.019199	141.37	0.825546	0
12.447	0.0192235	140.852	0.81769	0
12.4624	0.0193165	140	0.790365	0
12.4599	0.0191173	142.272	0.811883	0
12.4484	0.0191489	140.267	0.815641	0
12.4391	0.0190123	140.685	0.814616	0
12.4496	0.0190287	141.019	0.815641	0
12.4756	0.0190954	140.919	0.807443	0
12.4554	0.0188889	141.554	0.815299	0
12.4533	0.0187307	140.334	0.794806	0
12.4654	0.0193414	140.384	0.819739	0
12.4425	0.0188778	141.454	0.821447	0
12.4525	0.0189547	140.702	0.818715	0
12.476	0.0183829	141.069	0.805394	0
12.4701	0.0195106	140.652	0.810859	0
12.4605	0.0191585	141.654	0.807785	0
12.4654	0.0195583	140.702	0.808468	0
12.4758	0.0197613	140.752	0.813933	0
12.4801	0.019208	141.37	0.824521	0
12.484	0.0192709	142.206	0.826229	0
12.4784	0.0184849	140.067	0.804369	0
12.4773	0.0193262	141.604	0.817348	0
12.4644	0.0193743	141.855	0.821447	0
12.4583	0.019341	141.086	0.812225	0
12.4515	0.0190104	140.501	0.801978	0
12.4629	0.0189773	139.749	0.804711	0
12.4893	0.0190687	139.916	0.809151	0
12.4845	0.0188457	141.069	0.812567	0
12.4513	0.0188796	140.668	0.809493	0
12.4469	0.0189267	141.955	0.80232	0
12.4692	0.0190782	141.153	0.807785	0
12.4735	0.019047	141.136	0.818715	0
12.4834	0.0189816	140.886	0.814957	0
12.4798	0.0193355	142.055	0.811542	0
12.4762	0.0195178	140.602	0.811542	0
12.4779	0.0191165	141.069	0.805394	0
12.4674	0.0189132	139.967	0.8112	0
12.4907	0.0194036	141.571	0.810859	0
12.4676	0.0189082	140.886	0.81769	0
12.4147	0.0185701	140.384	0.828278	0
12.4543	0.0187464	140.117	0.823155	0
12.4742	0.0187768	139.733	0.815982	0
12.4757	0.0190614	141.036	0.830669	0
12.4923	0.0194485	140.936	0.800954	0
12.4783	0.0190507	139.616	0.804369	0
12.4683	0.0190509	142.022	0.832377	0
12.4409	0.0188879	140.368	0.826912	0
12.4426	0.0187961	140.969	0.816324	0
12.4747	0.0190997	141.621	0.808126	0
12.4775	0.019179	140.685	0.81325	0
12.4776	0.0191344	141.253	0.809151	0
12.4549	0.0185744	140	0.790365	0
12.4393	0.0189851	140.401	0.81769	0
12.439	0.0186727	139.582	0.821447	0
12.4374	0.0188289	141.27	0.808809	0
12.4528	0.0189661	141.27	0.800612	0
12.4833	0.0190134	141.019	0.822813	0
12.4744	0.0190728	141.437	0.811542	0
12.4433	0.0188771	140.384	0.846722	0
12.4698	0.0190827	141.37	0.799929	0
12.4692	0.0192487	140.201	0.787974	0
12.4391	0.0189617	142.339	0.836817	0
12.4737	0.0191252	141.721	0.825204	0
12.4808	0.0190805	141.487	0.809834	0
12.4578	0.0188563	140.886	0.809151	0
12.485	0.0188871	140.852	0.792073	0
12.4767	0.0189272	140.886	0.811542	0
12.4407	0.0190942	141.554	0.80232	0
12.4533	0.0186079	141.671	0.803003	0
12.462	0.0189846	139.967	0.823496	0
12.4505	0.0192525	140.351	0.821447	0
12.488	0.0192259	140.585	0.812567	0
12.5049	0.0189747	141.136	0.799246	0
12.4811	0.0194347	141.838	0.82862	0
12.4702	0.0189955	140.852	0.812567	0
12.4608	0.0188694	141.604	0.821447	0
12.4421	0.0188886	140.986	0.825204	0
12.4315	0.0189805	140.017	0.790024	0
12.4636	0.0193633	141.587	0.790024	0
12.4639	0.0196622	139.098	0.813591	0
12.4512	0.0194379	141.153	0.810176	0
12.467	0.0195504	139.85	0.817007	0
12.491	0.0193519	140.969	0.810859	0
12.4975	0.0189912	140.468	0.818715	0
12.4584	0.0189148	138.429	0.831352	0
12.4466	0.0185405	141.337	0.81769	0
12.4824	0.018876	140.401	0.827595	0
12.4747	0.0190445	140.05	0.810859	0
12.4573	0.0191921	141.404	0.823496	0
12.4728	0.018756	141.17	0.828278	0
12.4534	0.0189743	141.003	0.81769	0
12.4324	0.0193783	139.799	0.813933	0
12.4652	0.0188716	142.423	0.826229	0
12.4853	0.0190758	140.936	0.827937	0
12.4716	0.0188426	140.134	0.793781	0
12.4661	0.0190388	140.434	0.812908	0
12.4634	0.0190476	140.869	0.814274	0
12.4614	0.0191905	140.969	0.823496	0
12.4608	0.0189584	140.485	0.793439	0
12.4374	0.0191337	141.103	0.822813	0
12.4443	0.0193263	139.866	0.807102	0
12.4694	0.0194565	140.618	0.818031	0
12.4793	0.0189717	141.888	0.824521	0
12.4723	0.0193923	141.838	0.813933	0
12.4579	0.0195862	140.986	0.814957	0
12.4514	0.0186613	141.921	0.836476	0
12.4657	0.0187916	141.103	0.825887	0
12.4822	0.0190629	141.003	0.806419	0
12.4555	0.0185256	139.833	0.79583	0
12.4545	0.0189329	140.485	0.823496	0
12.4758	0.0188858	139.616	0.81769	0
12.4741	0.0188005	140.969	0.804028	0
12.473	0.0187405	141.086	0.822813	0
12.4633	0.0191676	139.733	0.81325	0
12.4576	0.0191928	139.566	0.818031	0
12.4611	0.0190588	141.587	0.818373	0
12.4527	0.0191885	141.47	0.803686	0
12.4365	0.0193309	139.432	0.807785	0
12.4547	0.0190863	141.37	0.827595	0
12.4931	0.0191702	141.32	0.805735	0
12.5053	0.0192312	140.334	0.831011	0
12.4615	0.0195379	140.535	0.813591	0
12.463	0.019364	139.866	0.821447	0
12.4859	0.0190657	142.139	0.812225	0
12.4579	0.0191407	141.053	0.835109	0
12.45	0.0192155	142.373	0.805052	0
12.4704	0.0191386	140.785	0.811542	0
12.4716	0.0187868	139.048	0.806077	0
12.4644	0.0193348	142.907	0.82418	0
12.4398	0.0193566	139.365	0.823496	0
12.4161	0.0192362	140.301	0.804711	0
12.4533	0.0187577	140.301	0.796855	0
12.4669	0.0185267	140.251	0.838867	0
12.4805	0.0190385	141.921	0.809493	0
12.507	0.0190724	141.287	0.812567	0
12.465	0.0185784	142.59	0.815641	0
12.4477	0.0188442	140.685	0.821789	0
12.457	0.0188878	142.306	0.808468	0
0	0	0	0	0
0	0	0	0	0
0	0	0	0	0
0	0	0	0	0
0	0	0	0	0
0	0	0	0	0
0	0	0	0	0
0	0	0	0	0
0	0	0	0	0
0	0	0	0	0
0	0	0	0	0
0	0	0	0	0
0	0	0	0	0
0	0	0	0	0
0	0	0	0	0
0	0	0	0	0
0	0	0	0	0
0	0	0	0	0
0	0	0	0	0
0	0	0	0	0
0	0	0	0	0
0	0	0	0	0
0	0	0	0	0
0	0	0	0	0
0	0	0	0	0
0	0	0	0	0
0	0	0	0	0
0	0	0	0	0
0	0	0	0	0
0	0	0	0	0
0	0	0	0	0
0	0	0	0	0
0	0	0	0	0
0	0	0	0	0
0	0	0	0	0
0	0	0	0	0
0	0	0	0	0
0	0	0	0	0
0	0	0	0	0
0	0	0	0	0
0	0	0	0	0
0	0	0	0	0
0	0	0	0	0
0	0	0	0	0
0	0	0	0	0
0	0	0	0	0
0	0	0	0	0
0	0	0	0	0
0	0	0	0	0
0	0	0	0	0
0	0	0	0	0
0	0	0	0	0
0	0	0	0	0
0	0	0	0	0
0	0	0	0	0
0	0	0	0	0
0	0	0	0	0
0	0	0	0	0
0	0	0	0	0
0	0	0	0	0
0	0	0	0	0
0	0	0	0	0
0	0	0	0	0
0	0	0	0	0
0	0	0	0	0
0	0	0	0	0
0	0	0	0	0
0	0	0	0	0
0	0	0	0	0
0	0	0	0	0
0	0	0	0	0
0	0	0	0	0
0	0	0	0	0
0	0	0	0	0
0	0	0	0	0
0	0	0	0	0
0	0	0	0	0
0	0	0	0	0
0	0	0	0	0
0	0	0	0	0
0	0	0	0	0
0	0	0	0	0
0	0	0	0	0
0	0	0	0	0
0	0	0	0	0
0	0	0	0	0
0	0	0	0	0
0	0	0	0	0
0	0	0	0	0
0	0	0	0	0
0	0	0	0	0
0	0	0	0	0
0	0	0	0	0
0	0	0	0	0
0	0	0	0	0
0	0	0	0	0
0	0	0	0	0
0	0	0	0	0
0	0	0	0	0
0	0	0	0	0
0	0	0	0	0
0	0	0	0	0
0	0	0	0	0
0	0	0	0	0
0	0	0	0	0
0	0	0	0	0
0	0	0	0	0
0	0	0	0	0
0	0	0	0	0
0	0	0	0	0
0	0	0	0	0
0	0	0	0	0
0	0	0	0	0
0	0	0	0	0
0	0	0	0	0
0	0	0	0	0
0	0	0	0	0
0	0	0	0	0
0	0	0	0	0
0	0	0	0	0
0	0	0	0	0
0	0	0	0	0
0	0	0	0	0
0	0	0	0	0
0	0	0	0	0
0	0	0	0	0
0	0	0	0	0
0	0	0	0	0
0	0	0	0	0
0	0	0	0	0
0	0	0	0	0
0	0	0	0	0
0	0	0	0	0
0	0	0	0	0
0	0	0	0	0
0	0	0	0	0
0	0	0	0	0
0	0	0	0	0
0	0	0	0	0
0	0	0	0	0
0	0	0	0	0
0	0	0	0	0
0	0	0	0	0
0	0	0	0	0
0	0	0	0	0
0	0	0	0	0
0	0	0	0	0
0	0	0	0	0
0	0	0	0	0
0	0	0	0	0
0	0	0	0	0
0	0	0	0	0
0	0	0	0	0
0	0	0	0	0
0	0	0	0	0
0	0	0	0	0
0	0	0	0	0
0	0	0	0	0
0	0	0	0	0
0	0	0	0	0
0	0	0	0	0
0	0	0	0	0
0	0	0	0	0
0	0	0	0	0
0	0	0	0	0
0	0	0	0	0
0	0	0	0	0
0	0	0	0	0
0	0	0	0	0
0	0	0	0	0
0	0	0	0	0
0	0	0	0	0
0	0	0	0	0
0	0	0	0	0
0	0	0	0	0
0	0	0	0	0
0	0	0	0	0
0	0	0	0	0
0	0	0	0	0
0	0	0	0	0
0	0	0	0	0
0	0	0	0	0
0	0	0	0	0
0	0	0	0	0
0	0	0	0	0
0	0	0	0	0
0	0	0	0	0
0	0	0	0	0
0	0	0	0	0
0	0	0	0	0
0	0	0	0	0
0	0	0	0	0
0	0	0	0	0
0	0	0	0	0
0	0	0	0	0
0	0	0	0	0
0	0	0	0	0
0	0	0	0	0
0	0	0	0	0
0	0	0	0	0
0	0	0	0	0
0	0	0	0	0
0	0	0	0	0
0	0	0	0	0
0	0	0	0	0
0	0	0	0	0
0	0	0	0	0
0	0	0	0	0
0	0	0	0	0
0	0	0	0	0
0	0	0	0	0
0	0	0	0	0
0	0	0	0	0
0	0	0	0	0
0	0	0	0	0
0	0	0	0	0
0	0	0	0	0
0	0	0	0	0
0	0	0	0	0
0	0	0	0	0
0	0	0	0	0
0	0	0	0	0
0	0	0	0	0
0	0	0	0	0
0	0	0	0	0
0	0	0	0	0
0	0	0	0	0
0	0	0	0	0
0	0	0	0	0
0	0	0	0	0
0	0	0	0	0
0	0	0	0	0
0	0	0	0	0
0	0	0	0	0
0	0	0	0	0
0	0	0	0	0
0	0	0	0	0
0	0	0	0	0
0	0	0	0	0
0	0	0	0	0
0	0	0	0	0
0	0	0	0	0
0	0	0	0	0
0	0	0	0	0
0	0	0	0	0
0	0	0	0	0
0	0	0	0	0
0	0	0	0	0
0	0	0	0	0
0	0	0	0	0
0	0	0	0	0
0	0	0	0	0
0	0	0	0	0
0	0	0	0	0
0	0	0	0	0
0	0	0	0	0
0	0	0	0	0
0	0	0	0	0
0	0	0	0	0
0	0	0	0	0
0	0	0	0	0
0	0	0	0	0
0	0	0	0	0
0	0	0	0	0
0	0	0	0	0
0	0	0	0	0
0	0	0	0	0
0	0	0	0	0
0	0	0	0	0
0	0	0	0	0
0	0	0	0	0
0	0	0	0	0
0	0	0	0	0
0	0	0	0	0
0	0	0	0	0
0	0	0	0	0
0	0	0	0	0
0	0	0	0	0
0	0	0	0	0
0	0	0	0	0
0	0	0	0	0
0	0	0	0	0
0	0	0	0	0
0	0	0	0	0
0	0	0	0	0
0	0	0	0	0
0	0	0	0	0
0	0	0	0	0
0	0	0	0	0
0	0	0	0	0
0	0	0	0	0
0	0	0	0	0
0	0	0	0	0
0	0	0	0	0
0	0	0	0	0
0	0	0	0	0
0	0	0	0	0
0	0	0	0	0
0	0	0	0	0
0	0	0	0	0
0	0	0	0	0
0	0	0	0	0
0	0	0	0	0
0	0	0	0	0
0	0	0	0	0
0	0	0	0	0
0	0	0	0	0
0	0	0	0	0
0	0	0	0	0
0	0	0	0	0
0	0	0	0	0
0	0	0	0	0
0	0	0	0	0
0	0	0	0	0
0	0	0	0	0
0	0	0	0	0
0	0	0	0	0
0	0	0	0	0
0	0	0	0	0
0	0	0	0	0
0	0	0	0	0
0	0	0	0	0
0	0	0	0	0
0	0	0	0	0
0	0	0	0	0
0	0	0	0	0
0	0	0	0	0
0	0	0	0	0
0	0	0	0	0
0	0	0	0	0
0	0	0	0	0
0	0	0	0	0
0	0	0	0	0
0	0	0	0	0
0	0	0	0	0
0	0	0	0	0
0	0	0	0	0
0	0	0	0	0
0	0	0	0	0
0	0	0	0	0
0	0	0	0	0
0	0	0	0	0
0	0	0	0	0
0	0	0	0	0
0	0	0	0	0
0	0	0	0	0
0	0	0	0	0
0	0	0	0	0
0	0	0	0	0
0	0	0	0	0
0	0	0	0	0
0	0	0	0	0
0	0	0	0	0
0	0	0	0	0
0	0	0	0	0
0	0	0	0	0
0	0	0	0	0
0	0	0	0	0
0	0	0	0	0
0	0	0	0	0
0	0	0	0	0
0	0	0	0	0
0	0	0	0	0
0	0	0	0	0
0	0	0	0	0
0	0	0	0	0
0	0	0	0	0
0	0	0	0	0
0	0	0	0	0
0	0	0	0	0
0	0	0	0	0
0	0	0	0	0
0	0	0	0	0
0	0	0	0	0
0	0	0	0	0
0	0	0	0	0
0	0	0	0	0
0	0	0	0	0
0	0	0	0	0
0	0	0	0	0
0	0	0	0	0
0	0	0	0	0
0	0	0	0	0
0	0	0	0	0
0	0	0	0	0
0	0	0	0	0
0	0	0	0	0
0	0	0	0	0
0	0	0	0	0
0	0	0	0	0
0	0	0	0	0
0	0	0	0	0
0	0	0	0	0
0	0	0	0	0
0	0	0	0	0
0	0	0	0	0
0	0	0	0	0
0	0	0	0	0
0	0	0	0	0
0	0	0	0	0
