a2610516.350186
Narit-cm 05/01/2026 16:05:01 05/01/2026 16:35:01 0045 0013.384714 0052.542598 00.0 00.0
0002396 0010 0000000 0010 05 0000000 0010 0000000 0010
1 0 1 01600 1 0000 3.75 00000.o 0 0 01 000 16 002396 0.500 BT0
1 2 1 02000 1 0000 3.75 00000.o 0 0 01 000 16 002396 0.500 S2A0
1 1 1 01600 1 0000 3.75 00000.o 0 0 00 000 00 002396 3.1746 BC0
1 3 1 02000 1 0000 3.75 00000.o 0 0 00 000 00 002396 3.1746 S2P0
1 5 0 01600 0 0000 1.00 00000.o 0 0 00 000 00 000000 0.000 OF0
0.000 .o Analog 0 	0.000 .o Analog StErr 0 	0.000 .o Photon Counting 0 	0.000 .o PC StErr 0 	0.000 .o Overflow Info 0 
27.1368	0.128208	184.524	0.884551	0
54.1404	0.267251	194.19	0.89035	0
212.923	1.96709	122.988	1.29971	0
468.264	0.294636	2.07012	0.19001	0
473.457	3.79332E-5	0	0	0
473.457	0	0.0166945	0.0167154	0
473.457	0	38.581	0.861013	0
473.457	1.09961E-5	33.5559	0.820077	0
473.457	1.09961E-5	4.52421	0.292349	0
473.457	6.37642E-6	22.4374	0.61574	0
473.457	0	65.9265	0.908089	0
473.457	0	129.583	1.01179	0
473.457	0	177.162	0.958235	0
473.457	0	158.03	1.01827	0
473.457	0	117.496	0.943908	0
473.457	0	105.209	0.929239	0
473.457	0	109.883	0.914571	0
473.457	0	112.755	0.912183	0
473.457	0	117.78	0.921393	0
473.457	0	117.913	0.921393	0
473.457	0	129.482	0.928898	0
473.457	0	144.674	0.908771	0
473.457	0	169.232	0.923099	0
473.457	0	184.508	0.886939	0
473.457	0	194.324	0.8692	0
473.457	0	198.397	0.867836	0
473.457	0	199.416	0.879093	0
473.457	0	201.419	0.8692	0
473.457	0	200.902	0.874658	0
473.457	6.37642E-6	200.501	0.872953	0
473.492	0.0142026	199.95	0.866812	0
475.993	0.147823	199.299	0.889327	1
487.603	0.253475	197.346	0.886939	1
498.955	0.0990358	198.998	0.882845	1
499.99	0.00999529	197.312	0.88421	1
500	0	196.711	0.88728	1
500	0	197.429	0.872953	1
499.566	0.0508371	198.915	0.880799	1
494.285	0.258911	197.446	0.865789	1
475.124	0.540673	198.331	0.874658	1
440.752	0.644653	198.03	0.88114	1
405.603	0.667947	197.746	0.860672	1
370.624	0.701362	197.129	0.857943	0
335.449	0.716375	197.813	0.873635	0
301.928	0.728926	197.479	0.882163	0
269.67	0.751218	198.614	0.867153	0
238.077	0.769359	197.763	0.865448	0
207.424	0.78603	198.414	0.87227	0
177.984	0.787877	199.866	0.875341	0
150.234	0.76422	199.232	0.888304	0
124.776	0.72047	197.245	0.896832	0
102.133	0.659042	198.214	0.884892	0
82.6513	0.584088	198.431	0.858966	0
66.4392	0.50565	196.861	0.87227	0
53.4261	0.430039	196.144	0.881481	0
43.1112	0.358371	194.775	0.879434	0
35.1108	0.296176	193.372	0.852485	0
29.0967	0.245091	190.234	0.855214	0
24.5208	0.196667	191.452	0.882845	0
21.0887	0.157879	189.516	0.852485	0
18.5618	0.128879	188.13	0.854873	0
16.6601	0.103287	186.361	0.848391	0
15.2383	0.082904	185.259	0.857602	0
14.1585	0.0685281	183.088	0.855555	0
13.3704	0.0571115	181.235	0.853849	0
12.7575	0.0467836	179.85	0.834405	0
12.2665	0.0392216	179.299	0.849074	0
11.9424	0.0352592	178.531	0.851461	0
11.6575	0.0313861	176.728	0.846003	0
11.418	0.0285798	174.357	0.84805	0
11.2645	0.0268557	173.923	0.846686	0
11.1	0.0254692	173.539	0.84498	0
10.9823	0.023924	172.304	0.848391	0
10.9633	0.0236287	171.886	0.855555	0
10.9437	0.0235337	170.401	0.840545	0
10.8511	0.0232813	168.214	0.85112	0
10.7864	0.0238616	168.197	0.837475	0
10.8045	0.0240902	169.633	0.843274	0
10.769	0.023204	168.314	0.834405	0
10.6951	0.0229937	165.943	0.833382	0
10.7114	0.0230388	167.579	0.857261	0
10.7637	0.0230355	166.611	0.840886	0
10.7493	0.0220488	165.826	0.852826	0
10.724	0.023041	165.409	0.838499	0
10.7292	0.022521	164.274	0.86306	0
10.7347	0.0225326	165.109	0.850779	0
10.7553	0.022361	161.703	0.823148	0
10.7998	0.0218015	164.992	0.82997	0
10.7922	0.0220388	162.02	0.840886	0
10.7734	0.0218053	164.641	0.837816	0
10.7939	0.021921	161.987	0.829629	0
10.8055	0.0219574	163.689	0.838499	0
10.8267	0.0218789	162.671	0.85112	0
10.8266	0.021974	161.419	0.836111	0
10.7994	0.0211517	161.87	0.836452	0
10.8298	0.0213134	161.068	0.850779	0
10.843	0.02112	161.669	0.843615	0
10.8255	0.0210614	161.703	0.855896	0
10.8583	0.021042	161.352	0.808138	0
10.8795	0.0210344	161.97	0.835428	0
10.8565	0.0207364	160.551	0.84191	0
10.8607	0.0210808	162.053	0.8269	0
10.8875	0.0206018	160.735	0.837816	0
10.8771	0.0204041	158.948	0.837816	0
10.8548	0.0209634	160.05	0.858284	0
10.875	0.0206995	159.95	0.84498	0
10.9114	0.0203749	159.983	0.831676	0
10.9082	0.0206077	160.167	0.846345	0
10.8971	0.020844	158.765	0.847027	0
10.9266	0.0204106	159.733	0.823148	0
10.93	0.0203073	159.399	0.855896	0
10.9409	0.0200795	159.583	0.872953	0
10.9693	0.0201504	158.715	0.844298	0
10.9436	0.0204164	158.948	0.843957	0
10.9349	0.0202185	156.26	0.845662	0
10.9599	0.020573	158.414	0.837816	0
10.9616	0.0203389	158.481	0.866471	0
10.9473	0.0201541	158.114	0.852826	0
10.9484	0.0196766	155.826	0.812914	0
10.967	0.020258	157.83	0.862037	0
10.9784	0.0199514	158.531	0.844298	0
10.9754	0.0201033	158.364	0.833382	0
10.9924	0.020108	156.144	0.838157	0
10.9552	0.019749	157.462	0.849415	0
10.9244	0.019677	157.596	0.834746	0
10.949	0.0197167	156.394	0.848732	0
10.9536	0.0195425	155.943	0.818713	0
10.9617	0.0198703	157.796	0.834405	0
10.9711	0.019511	156.678	0.839181	0
10.9592	0.0195842	157.212	0.825536	0
10.9922	0.0194183	157.212	0.852144	0
11.0021	0.0194099	159.182	0.84805	0
10.9449	0.0190892	155.826	0.864766	0
10.9131	0.0191503	156.311	0.842592	0
10.9301	0.0194507	156.494	0.84805	0
10.8921	0.0194021	153.539	0.844639	0
10.8652	0.0194254	156.711	0.837134	0
10.9054	0.0193334	154.775	0.845662	0
10.8825	0.019395	156.194	0.852144	0
10.8344	0.0187257	154.307	0.831335	0
10.8517	0.0186327	155.993	0.847368	0
10.8646	0.0190253	155.309	0.846003	0
10.8338	0.0187642	155.559	0.864083	0
10.8122	0.0191015	153.973	0.830653	0
10.7967	0.0186695	153.806	0.867495	0
10.7759	0.0188107	156.26	0.846686	0
10.7644	0.0187129	153.172	0.842933	0
10.7545	0.0186755	153.873	0.85112	0
10.7272	0.0185291	154.391	0.859307	0
10.7072	0.0182691	154.19	0.853849	0
10.7093	0.0186307	152.17	0.82383	0
10.6784	0.0183484	153.923	0.838499	0
10.6411	0.0179637	153.489	0.854191	0
10.6674	0.0182425	153.773	0.856578	0
10.6396	0.0181426	153.105	0.828606	0
10.5642	0.0180985	152.07	0.827923	0
10.5634	0.0180128	151.82	0.835087	0
10.5554	0.0181885	152.771	0.822807	0
10.5054	0.0177661	152.454	0.830994	0
10.4992	0.0179609	152.17	0.821101	0
10.5073	0.0176375	152.22	0.810867	0
10.4844	0.0175617	151.369	0.829629	0
10.4632	0.0183633	151.336	0.837816	0
10.4318	0.0178459	151.285	0.851461	0
10.3889	0.0181525	151.603	0.853167	0
10.3594	0.0180337	151.386	0.838499	0
10.3197	0.018097	150.768	0.836793	0
10.2952	0.0181241	149.716	0.845321	0
10.2952	0.0181466	151.653	0.85999	0
10.2505	0.0176938	150.651	0.840204	0
10.2207	0.0175113	150.735	0.850779	0
10.2259	0.0176141	149.299	0.857602	0
10.1943	0.0178907	150.267	0.842251	0
10.1654	0.0174816	150	0.851803	0
10.1381	0.0174078	150.701	0.83304	0
10.1218	0.0176371	149.633	0.825194	0
10.0994	0.0176838	148.998	0.869541	0
10.0732	0.0177297	149.683	0.833723	0
10.0453	0.0171974	148.815	0.83884	0
10.0193	0.0179422	147.162	0.844298	0
9.96304	0.0169624	147.83	0.857943	0
9.90711	0.0173985	147.429	0.829288	0
9.92527	0.0173919	147.813	0.854191	0
9.90124	0.017252	147.062	0.826559	0
9.84996	0.0174455	147.346	0.832017	0
9.83425	0.017573	148.214	0.855555	0
9.81673	0.0171299	147.629	0.82997	0
9.79493	0.0171155	148.063	0.840886	0
9.79144	0.016932	146.594	0.83304	0
9.77099	0.0170508	146.594	0.849756	0
9.72237	0.0174277	145.76	0.832699	0
9.69029	0.0178907	146.861	0.844639	0
9.67311	0.017158	145.459	0.806773	0
9.65399	0.0169856	146.945	0.865107	0
9.63371	0.016678	145.275	0.825877	0
9.60443	0.0169292	145.693	0.827582	0
9.57759	0.0168439	145.192	0.870906	0
9.55178	0.0163906	144.007	0.824853	0
9.53349	0.0171628	145.058	0.82997	0
9.52887	0.017226	143.823	0.830994	0
9.47706	0.0167691	144.257	0.831676	0
9.43087	0.0170691	144.741	0.845321	0
9.44651	0.0172642	142.905	0.854191	0
9.44617	0.0166226	144.441	0.842933	0
9.39481	0.0169391	142.938	0.840204	0
9.35706	0.0166769	143.639	0.847027	0
9.35822	0.0168312	144.374	0.839522	0
9.34475	0.0166696	143.656	0.847027	0
9.29129	0.0162334	141.72	0.838499	0
9.27763	0.016031	142.922	0.818372	0
9.28222	0.0162165	142.688	0.835428	0
9.22064	0.0167858	142.421	0.842251	0
9.20692	0.0163221	143.239	0.843615	0
9.22853	0.0166318	142.705	0.862719	0
9.1671	0.0165615	141.018	0.844298	0
9.14007	0.0164544	143.088	0.854873	0
9.14668	0.0163366	140.968	0.848391	0
9.10996	0.0165215	140.651	0.83884	0
9.09075	0.0163375	141.619	0.842251	0
9.08566	0.0161977	139.683	0.833382	0
9.07032	0.0163161	140.217	0.856237	0
9.05529	0.016258	139.917	0.841569	0
9.04287	0.0160785	141.219	0.835428	0
9.02002	0.0158993	142.688	0.85112	0
8.98755	0.0157434	139.983	0.829288	0
8.98401	0.0158876	140.634	0.838157	0
8.96644	0.0161206	139.165	0.847709	0
8.92788	0.0154447	140.451	0.836452	0
8.92514	0.0160333	139.082	0.840545	0
8.90214	0.0161243	138.982	0.829629	0
8.8627	0.0157457	139.449	0.850779	0
8.8809	0.0156618	140.684	0.854873	0
8.86884	0.0159401	138.932	0.845662	0
8.82787	0.015898	139.733	0.852485	0
8.83023	0.0155851	139.566	0.864766	0
8.82744	0.0152745	137.028	0.84805	0
8.79569	0.0155333	138.581	0.831335	0
8.7976	0.0156156	138.614	0.839522	0
8.78875	0.0157598	136.694	0.840545	0
8.73748	0.0156791	137.279	0.834405	0
8.70991	0.0153378	137.73	0.852144	0
8.71898	0.0154543	138.765	0.851461	0
8.72012	0.0156624	136.962	0.849756	0
8.70539	0.0149317	138.18	0.840886	0
8.68651	0.015306	137.496	0.84191	0
8.66843	0.0150068	138.03	0.855896	0
8.64942	0.0149504	138.23	0.85692	0
8.64058	0.0150804	136.11	0.834405	0
8.64562	0.0151755	137.446	0.835428	0
8.62909	0.0155575	135.442	0.841228	0
8.5865	0.015052	136.644	0.84191	0
8.58162	0.0149913	136.578	0.835087	0
8.59364	0.0150291	135.659	0.838157	0
8.57363	0.0146737	136.561	0.851803	0
8.56675	0.0149959	136.895	0.850097	0
8.56053	0.0152232	135.576	0.838157	0
8.51132	0.0147488	136.327	0.82383	0
8.49277	0.0146885	136.043	0.836452	0
8.52508	0.0150842	135.326	0.814619	0
8.50474	0.0149515	134.29	0.830653	0
8.47346	0.0148205	135.175	0.823148	0
8.48075	0.0147418	134.608	0.848391	0
8.48035	0.0145352	136.26	0.828265	0
8.46094	0.0144259	134.741	0.830311	0
8.45248	0.0145745	136.093	0.824853	0
8.45489	0.01432	136.411	0.842592	0
8.42951	0.0145254	134.992	0.831676	0
8.40542	0.0143329	133.556	0.832017	0
8.40865	0.0147231	135.626	0.841228	0
8.39399	0.0147521	134.608	0.846686	0
8.36436	0.0142549	133.806	0.849415	0
8.36126	0.0143968	134.891	0.846686	0
8.36738	0.0140847	135.81	0.82383	0
8.37542	0.0147274	134.307	0.82076	0
8.35567	0.0143959	133.873	0.830311	0
8.312	0.0147926	132.755	0.846003	0
8.30408	0.0144509	133.306	0.849756	0
8.31464	0.0144496	133.306	0.82997	0
8.31683	0.0143181	135.726	0.812573	0
8.30943	0.0145885	133.289	0.835428	0
8.29826	0.0145608	134.908	0.844639	0
8.28058	0.0146649	133.406	0.852485	0
8.2709	0.0143866	133.322	0.830311	0
8.2664	0.0142005	134.391	0.825194	0
8.2606	0.014394	132.838	0.846345	0
8.26277	0.0142805	132.821	0.84191	0
8.24875	0.0143443	133.472	0.861695	0
8.23194	0.0143542	132.838	0.84805	0
8.22942	0.0143535	133.706	0.840204	0
8.2355	0.0140472	133.155	0.819395	0
8.23394	0.0141078	134.424	0.839181	0
8.22426	0.0145004	132.738	0.830994	0
8.2061	0.0139361	133.239	0.835428	0
8.18924	0.0140084	133.422	0.842933	0
8.18804	0.0143124	132.671	0.855896	0
8.16993	0.0142832	131.586	0.844298	0
8.16566	0.014172	132.237	0.836793	0
8.18446	0.0139174	131.486	0.84805	0
8.17346	0.01391	133.339	0.831335	0
8.16613	0.0144995	132.304	0.840886	0
8.1686	0.0139451	132.487	0.819054	0
8.15875	0.0136529	132.187	0.845321	0
8.14367	0.0139789	130.801	0.839863	0
8.14638	0.0142543	132.988	0.846686	0
8.15909	0.0137511	132.12	0.838157	0
8.1223	0.0138103	131.169	0.847709	0
8.10167	0.0140299	133.272	0.84498	0
8.13543	0.0141085	133.339	0.830653	0
8.13558	0.013967	132.07	0.829288	0
8.11235	0.0139144	130.117	0.816325	0
8.11416	0.013674	131.185	0.836111	0
8.11079	0.0136783	132.755	0.839863	0
8.0819	0.0136416	130.952	0.851461	0
8.07529	0.0141291	129.917	0.831676	0
8.09202	0.0134846	131.586	0.832699	0
8.07408	0.0135786	130.384	0.839181	0
8.06756	0.0136256	131.97	0.818713	0
8.0694	0.013617	130.851	0.831676	0
8.04906	0.013798	130.952	0.840204	0
8.06017	0.0137832	130.551	0.842592	0
8.04735	0.0135535	129.432	0.83304	0
8.01847	0.0134242	132.738	0.814619	0
8.04414	0.0136686	131.152	0.837134	0
8.05126	0.0135708	132.087	0.824853	0
8.02231	0.0137353	131.369	0.830653	0
8.00785	0.0134061	130.451	0.853167	0
7.99964	0.0136581	129.599	0.850097	0
7.98739	0.013655	131.886	0.856237	0
8.01148	0.0137119	131.736	0.827923	0
8.02263	0.0136578	131.469	0.824171	0
7.98536	0.0135561	130.952	0.834405	0
7.9841	0.0138213	130.301	0.836111	0
8.01267	0.0139707	131.269	0.828265	0
7.98874	0.0136247	130.584	0.835428	0
7.96062	0.0134365	132.154	0.845321	0
7.972	0.0136883	130.618	0.814619	0
7.98091	0.0134211	130.568	0.865448	0
7.96531	0.0135601	130.467	0.825536	0
7.96716	0.0132676	131.119	0.834746	0
7.96164	0.0135546	130	0.857943	0
7.94427	0.0137606	130	0.838157	0
7.93854	0.0135433	128.18	0.837816	0
7.93404	0.0136195	129.766	0.841569	0
7.93809	0.0134736	130.367	0.833723	0
7.9489	0.0134802	131.085	0.831335	0
7.9351	0.0131673	128.881	0.838157	0
7.91104	0.0132592	128.347	0.841228	0
7.89323	0.0131203	130.25	0.841569	0
7.92009	0.0132504	130.167	0.827241	0
7.94919	0.0135227	130.05	0.821783	0
7.92779	0.0136285	129.182	0.851803	0
7.92108	0.0133287	129.666	0.841569	0
7.91144	0.0134456	129.316	0.843274	0
7.88743	0.0133968	128.915	0.838499	0
7.89061	0.0131875	130.935	0.835769	0
7.91015	0.0133933	129.8	0.84805	0
7.89882	0.0134769	128.932	0.832017	0
7.87093	0.0133305	127.78	0.835769	0
7.87709	0.0134081	129.282	0.845321	0
7.89539	0.0131233	129.549	0.848732	0
7.89361	0.0132265	129.967	0.833382	0
7.87276	0.0132259	129.716	0.843957	0
7.87208	0.0133295	130.301	0.844639	0
7.87983	0.0130632	130.751	0.816325	0
7.85109	0.0127211	129.599	0.827923	0
7.86033	0.0134624	129.516	0.853167	0
7.8976	0.0132017	129.065	0.841228	0
7.87471	0.0131884	129.599	0.834405	0
7.8578	0.0129228	131.102	0.842251	0
7.86938	0.0131948	129.232	0.823148	0
7.87137	0.0133657	128.715	0.828947	0
7.85892	0.0130135	128.815	0.821101	0
7.8583	0.0133392	129.182	0.827241	0
7.85943	0.01329	128.798	0.810185	0
7.8567	0.0133411	128.581	0.834405	0
7.86062	0.0133965	128.197	0.84498	0
7.85601	0.0136077	129.482	0.855214	0
7.85525	0.0128921	128.431	0.828606	0
7.86576	0.013437	128.932	0.844639	0
7.86027	0.0131123	130.985	0.824171	0
7.85112	0.0129903	129.833	0.836452	0
7.8256	0.0132527	128.364	0.846345	0
7.80579	0.0130454	129.466	0.828606	0
7.818	0.0130438	127.529	0.823489	0
7.84295	0.0133708	128.063	0.84498	0
7.83697	0.0132742	130.1	0.830311	0
7.83162	0.013049	128.898	0.832358	0
7.83037	0.0131776	129.249	0.858966	0
7.8133	0.0130861	127.262	0.838157	0
7.80117	0.012773	130.367	0.848732	0
7.81031	0.0130046	128.648	0.824853	0
7.80056	0.0127483	128.397	0.830994	0
7.78032	0.0131456	128.414	0.833382	0
7.81137	0.0131223	128.497	0.837475	0
7.83487	0.0128407	129.716	0.839522	0
7.81072	0.0130043	128.13	0.862378	0
7.80502	0.0132188	128.264	0.849756	0
7.79404	0.0129404	128.881	0.838157	0
7.78164	0.0128852	130.083	0.856237	0
7.79194	0.0129353	127.863	0.826218	0
7.80191	0.0128455	128.765	0.847709	0
7.80361	0.0132143	128.447	0.829629	0
7.79456	0.0133206	127.396	0.851461	0
7.7897	0.013009	130.451	0.817007	0
7.78491	0.0133818	130.401	0.839181	0
7.77573	0.0130549	128.047	0.828606	0
7.781	0.0132147	129.182	0.856237	0
7.78275	0.0132567	128.898	0.844639	0
7.78778	0.013175	127.963	0.814619	0
7.77516	0.0128604	128.214	0.816325	0
7.77437	0.0133357	129.499	0.847027	0
7.7807	0.0129029	128.648	0.817007	0
7.76552	0.0126289	128.464	0.819736	0
7.76676	0.0132992	128.848	0.840545	0
7.76423	0.0133721	127.462	0.834064	0
7.75863	0.013035	128.982	0.864766	0
7.74923	0.012915	127.646	0.841228	0
7.75384	0.0131063	126.828	0.850097	0
7.7649	0.0130514	129.149	0.853508	0
7.75417	0.0132203	127.295	0.837475	0
7.74222	0.0129155	126.912	0.831676	0
7.75474	0.0130217	128.831	0.826559	0
7.74584	0.0128558	129.115	0.827241	0
7.74511	0.0132272	128.147	0.850779	0
7.76381	0.0129749	127.078	0.849756	0
7.76464	0.0129033	128.765	0.850097	0
7.75869	0.0127682	128.965	0.827582	0
7.73975	0.0128861	128.497	0.840545	0
7.72409	0.0128256	127.262	0.834405	0
7.73696	0.0130345	128.397	0.84498	0
7.74346	0.0128875	128.28	0.818713	0
7.72934	0.0129136	127.713	0.836111	0
7.72853	0.0130787	128.614	0.826559	0
7.72828	0.0131261	128.748	0.843615	0
7.73414	0.0130917	128.514	0.846686	0
7.74833	0.0131089	130.134	0.842592	0
7.74491	0.0129472	127.78	0.838499	0
7.7305	0.0127411	128.28	0.837134	0
7.74179	0.0130722	128.748	0.819736	0
7.72641	0.0128573	127.346	0.830653	0
7.70554	0.0128316	128.932	0.839181	0
7.72934	0.0129529	129.299	0.828265	0
7.73285	0.0125377	127.846	0.82076	0
7.71331	0.0128724	128.731	0.82076	0
7.71895	0.0129373	127.947	0.848391	0
7.73306	0.0128565	128.831	0.830653	0
7.72231	0.0132305	127.179	0.82997	0
7.70697	0.0128233	127.496	0.833723	0
7.72621	0.0132265	126.928	0.830311	0
7.71237	0.0129944	127.896	0.854532	0
7.69666	0.012937	127.346	0.842933	0
7.711	0.0128434	127.379	0.834064	0
7.7099	0.0129052	128.681	0.82997	0
7.71383	0.0132813	127.846	0.82997	0
7.72908	0.0131048	128.848	0.836452	0
7.70075	0.0127718	126.912	0.846003	0
7.68825	0.0125963	128.781	0.854532	0
7.70653	0.0130486	128.381	0.854532	0
7.70801	0.0131144	128.731	0.840204	0
7.69365	0.0126808	127.028	0.83884	0
7.67436	0.012698	127.012	0.847709	0
7.68668	0.0130109	128.648	0.846686	0
7.69668	0.0129904	128.531	0.846345	0
7.68829	0.0130059	128.013	0.853167	0
7.69611	0.0130449	127.346	0.859307	0
7.70967	0.0131401	128.197	0.828265	0
7.70455	0.0126881	128.314	0.830994	0
7.68846	0.0126241	126.327	0.834405	0
7.67627	0.0128566	128.147	0.827582	0
7.69205	0.0131922	127.646	0.835428	0
7.6778	0.0125865	127.362	0.839181	0
7.65488	0.0130445	127.863	0.832699	0
7.68021	0.0129376	127.546	0.851461	0
7.69531	0.0130167	128.381	0.843615	0
7.68383	0.0125899	127.429	0.851461	0
7.68253	0.0129407	129.165	0.833382	0
7.6694	0.0126039	128.03	0.839522	0
7.65484	0.0127485	127.679	0.853508	0
7.67375	0.0126826	128.03	0.835087	0
7.67002	0.0129127	126.962	0.822124	0
7.66574	0.0128763	127.529	0.843615	0
7.69183	0.0131922	127.963	0.859307	0
7.69605	0.0131183	127.212	0.86306	0
7.67329	0.0128321	127.396	0.868177	0
7.65703	0.0131625	126.511	0.834405	0
7.66194	0.0130771	127.863	0.837816	0
7.65551	0.0127973	127.513	0.830653	0
7.64457	0.0127362	127.295	0.838157	0
7.65905	0.0128311	127.062	0.843615	0
7.66834	0.0132108	127.98	0.828265	0
7.65683	0.0128876	126.294	0.858966	0
7.65783	0.0126979	127.396	0.850097	0
7.66536	0.0129074	127.028	0.825536	0
7.67055	0.0127375	128.247	0.850438	0
7.68453	0.0128967	127.579	0.8269	0
7.67334	0.0125781	126.093	0.833382	0
7.64217	0.0125194	127.663	0.80882	0
7.63376	0.0126165	127.429	0.839863	0
7.64568	0.0127241	126.311	0.841228	0
7.64654	0.0126282	127.412	0.849415	0
7.64094	0.012866	126.962	0.842933	0
7.63627	0.0126517	127.696	0.835428	0
7.6421	0.0126449	128.23	0.842251	0
7.65039	0.0128561	125.526	0.840204	0
7.6413	0.0127776	126.244	0.834405	0
7.6426	0.0126894	126.16	0.857261	0
7.66284	0.0126066	126.678	0.835087	0
7.64434	0.0129158	128.013	0.84498	0
7.63466	0.0128716	128.013	0.833382	0
7.65359	0.0128617	127.028	0.845321	0
7.65124	0.0129113	126.978	0.855214	0
7.63563	0.0128667	126.544	0.837134	0
7.63904	0.012962	127.613	0.834746	0
7.65152	0.0128238	126.427	0.847027	0
7.64867	0.0127672	126.427	0.853508	0
7.64358	0.0127932	128.23	0.838499	0
7.6315	0.0126329	126.344	0.845321	0
7.63867	0.0127858	127.279	0.841228	0
7.64727	0.013339	127.813	0.831335	0
7.64523	0.012796	128.18	0.821783	0
7.65384	0.0128401	128.197	0.828265	0
7.65352	0.0129735	127.012	0.836452	0
7.63103	0.0129417	127.73	0.842933	0
7.62407	0.0128062	125.509	0.836793	0
7.64559	0.0128898	127.412	0.816325	0
7.64316	0.0126876	126.194	0.85112	0
7.6176	0.0130258	127.629	0.839181	0
7.61769	0.0128213	126.811	0.830311	0
7.63014	0.0128003	126.745	0.856237	0
7.62458	0.0126821	127.93	0.834064	0
7.63043	0.0124764	127.062	0.841569	0
7.62678	0.0128064	125.259	0.843957	0
7.61418	0.0125592	125.275	0.837475	0
7.63098	0.0127727	127.179	0.846003	0
7.62669	0.0127465	125.893	0.835428	0
7.61312	0.0130283	127.112	0.831335	0
7.6464	0.0124574	127.963	0.84191	0
7.67224	0.0126416	129.332	0.841228	0
7.6241	0.0129461	128.08	0.847368	0
7.59877	0.0129152	126.494	0.821783	0
7.61943	0.012585	126.21	0.838499	0
7.63282	0.0129718	127.529	0.837134	0
7.63337	0.0129523	126.845	0.821442	0
7.62038	0.0129863	125.159	0.819736	0
7.62599	0.0129067	127.679	0.836111	0
7.63541	0.0127464	129.199	0.843615	0
7.62297	0.0126575	125.993	0.839181	0
7.61375	0.0126846	126.995	0.825877	0
7.61722	0.012765	127.262	0.850779	0
7.60618	0.0126235	125.626	0.835428	0
7.60362	0.0127789	127.813	0.827582	0
7.63104	0.0128225	126.477	0.828265	0
7.63726	0.01272	129.917	0.832017	0
7.62555	0.0124349	126.962	0.837816	0
7.61195	0.0124854	126.11	0.824853	0
7.60232	0.0126112	126.895	0.819395	0
7.61089	0.0125634	127.846	0.844639	0
7.61601	0.0126381	126.194	0.846686	0
7.60431	0.0129149	126.311	0.828606	0
7.60751	0.0125143	127.245	0.838499	0
7.61905	0.0130592	127.295	0.838157	0
7.60246	0.012832	126.845	0.841569	0
7.59888	0.0123624	127.095	0.818372	0
7.60728	0.0128897	126.093	0.841569	0
7.59441	0.012963	126.711	0.854873	0
7.58883	0.0127142	126.694	0.839522	0
7.59775	0.012267	127.496	0.829629	0
7.61005	0.0128517	128.197	0.851461	0
7.60952	0.0130173	126.294	0.82076	0
7.60196	0.0127267	126.878	0.826559	0
7.60984	0.0126027	126.377	0.849415	0
7.60768	0.0126093	128.247	0.815643	0
7.59618	0.0128256	128.03	0.8269	0
7.61822	0.0127448	126.845	0.835087	0
7.62345	0.012944	127.997	0.836111	0
7.595	0.01279	127.262	0.834064	0
7.60013	0.0126751	128.848	0.838499	0
7.5942	0.0123667	127.78	0.85112	0
7.60207	0.0123332	126.861	0.832358	0
7.61965	0.0124796	126.778	0.84498	0
7.61278	0.0128968	127.212	0.842251	0
7.60273	0.0127545	125.159	0.837475	0
7.58351	0.0127113	127.162	0.851461	0
7.58886	0.0127612	126.578	0.831335	0
7.59756	0.0128711	127.112	0.836793	0
7.59779	0.0129396	126.027	0.827241	0
7.60385	0.0128538	126.811	0.832017	0
7.61032	0.0127396	126.895	0.829629	0
7.62301	0.0127515	127.295	0.847027	0
7.61284	0.0128901	126.912	0.847368	0
7.59024	0.0128756	126.21	0.857261	0
7.60907	0.0129063	128.247	0.837475	0
7.62075	0.0128433	126.26	0.830994	0
7.59823	0.0125662	127.396	0.841228	0
7.59882	0.0129046	126.427	0.847027	0
7.61622	0.0126325	127.129	0.824853	0
7.61521	0.0125816	128.414	0.844298	0
7.60685	0.0126279	125.91	0.822807	0
7.60724	0.0125358	126.995	0.837816	0
7.59749	0.0129672	126.745	0.850779	0
7.58869	0.0128521	126.511	0.835769	0
7.60135	0.0128437	126.294	0.831676	0
7.60306	0.0127325	125.643	0.822465	0
7.58012	0.0124227	127.312	0.816325	0
7.57681	0.0125346	126.427	0.830311	0
7.60406	0.0125045	127.796	0.830653	0
7.60799	0.0125516	126.661	0.822465	0
7.60057	0.0127122	128.347	0.842251	0
7.59806	0.0127031	127.513	0.836793	0
7.60369	0.0128896	127.012	0.850097	0
7.58811	0.0126347	125.476	0.828265	0
7.57698	0.0129677	125.91	0.848391	0
7.59184	0.0127081	126.494	0.81769	0
7.6075	0.0131245	127.579	0.839522	0
7.59418	0.0128814	127.379	0.834064	0
7.57483	0.0127075	126.377	0.854532	0
7.59699	0.0126563	127.813	0.842933	0
7.60544	0.0131024	127.279	0.824512	0
7.58273	0.0131005	127.145	0.837816	0
7.59369	0.0130225	126.778	0.850438	0
7.61191	0.0126781	125.509	0.842933	0
7.59397	0.0126842	127.312	0.809844	0
7.57511	0.0123352	126.628	0.844639	0
7.59861	0.0127641	127.362	0.854873	0
7.62387	0.0125402	126.594	0.827241	0
7.59642	0.0130087	127.88	0.816325	0
7.58658	0.0127977	126.477	0.831676	0
7.57594	0.0127826	125.977	0.817348	0
7.56828	0.0129361	126.611	0.84805	0
7.5888	0.0128414	125.626	0.833723	0
7.58404	0.012881	125.927	0.8269	0
7.57767	0.0126548	126.644	0.847368	0
7.5887	0.0129054	125.192	0.842592	0
7.57707	0.0126444	125.977	0.862037	0
7.57002	0.01282	125.71	0.830311	0
7.58767	0.012792	127.379	0.853167	0
7.57853	0.0127137	126.561	0.848732	0
7.56578	0.0127815	125.893	0.828606	0
7.59796	0.0125605	127.212	0.842251	0
7.60623	0.0126692	126.811	0.821442	0
7.56538	0.0127118	125.96	0.824512	0
7.56521	0.0124484	126.594	0.817007	0
7.57569	0.012676	127.028	0.841569	0
7.56049	0.0124207	125.81	0.847368	0
7.57036	0.0128461	127.379	0.841228	0
7.59978	0.0125959	126.728	0.835428	0
7.59074	0.0125433	125.977	0.822465	0
7.56498	0.012554	126.978	0.833723	0
7.5835	0.0126963	127.663	0.827241	0
7.59709	0.0126294	126.26	0.857602	0
7.57065	0.0130335	124.925	0.820077	0
7.56269	0.0128258	127.629	0.831335	0
7.58845	0.0126532	126.327	0.8269	0
7.58984	0.0130518	126.895	0.86306	0
7.57038	0.0129919	126.01	0.847027	0
7.58528	0.0126248	126.795	0.813596	0
7.59969	0.012724	126.327	0.843615	0
7.57441	0.0126159	126.945	0.843615	0
7.56295	0.0127209	125.492	0.817007	0
7.5755	0.0131231	126.728	0.835087	0
7.58573	0.0129938	126.694	0.839181	0
7.58869	0.0128061	126.828	0.842592	0
7.5833	0.0128482	126.043	0.843957	0
7.57696	0.0128032	126.878	0.837475	0
7.56722	0.0126782	127.095	0.835769	0
7.56791	0.0127692	126.611	0.835087	0
7.58331	0.0128549	126.461	0.846003	0
7.58309	0.0128064	126.511	0.863401	0
7.57831	0.0128196	127.73	0.843615	0
7.58353	0.0131185	126.878	0.835769	0
7.58351	0.012744	126.861	0.843957	0
7.58289	0.0128971	126.294	0.829629	0
7.59427	0.0127142	126.678	0.836452	0
7.59478	0.0128286	126.177	0.854532	0
7.57678	0.0130834	127.496	0.835087	0
7.57424	0.0128843	126.244	0.825536	0
7.57902	0.0128673	126.06	0.833723	0
7.57405	0.0128193	126.461	0.828947	0
7.58161	0.0127738	126.745	0.829629	0
7.55971	0.0125939	126.344	0.853508	0
7.53857	0.0129837	126.26	0.855896	0
7.58187	0.0129573	126.327	0.838499	0
7.58389	0.0123391	125.726	0.842933	0
7.55336	0.0129558	127.346	0.828606	0
7.56809	0.0128723	126.644	0.844639	0
7.58477	0.0124935	127.98	0.861695	0
7.58148	0.0129254	125.943	0.842251	0
7.58696	0.0126638	126.878	0.833723	0
7.57356	0.0127926	126.077	0.825536	0
7.57576	0.0125004	126.461	0.848391	0
7.59044	0.012566	126.427	0.853849	0
7.58485	0.0125605	126.093	0.831335	0
7.57962	0.0128208	126.227	0.82076	0
7.57622	0.0127837	124.925	0.853849	0
7.57323	0.0126154	126.377	0.848391	0
7.57621	0.0127799	126.995	0.816325	0
7.57526	0.0126148	125.91	0.839522	0
7.57196	0.0123793	128.815	0.842251	0
7.58768	0.0128107	125.693	0.834064	0
7.59471	0.0127656	127.896	0.860672	0
7.57386	0.0127217	125.693	0.834064	0
7.55297	0.0127586	127.045	0.835428	0
7.57303	0.012836	127.112	0.854191	0
7.5723	0.01301	125.71	0.8269	0
7.546	0.0125916	125.626	0.846345	0
7.55431	0.0127153	126.845	0.855214	0
7.5795	0.0128852	125.96	0.849756	0
7.57801	0.0128873	126.845	0.815302	0
7.57379	0.0127932	127.095	0.822807	0
7.57798	0.0125003	126.194	0.820419	0
7.57635	0.0126356	126.077	0.821101	0
7.57276	0.0126593	125.81	0.84191	0
7.57993	0.0129038	126.644	0.83304	0
7.59057	0.0129261	125.526	0.848391	0
7.58149	0.0130078	128.08	0.828947	0
7.56186	0.0127219	126.177	0.849074	0
7.55562	0.013089	126.26	0.836111	0
7.56891	0.0128013	126.26	0.849074	0
7.5795	0.0129018	126.761	0.830994	0
7.56872	0.012517	127.846	0.82383	0
7.555	0.0124511	125.943	0.812231	0
7.56679	0.0129932	126.728	0.846686	0
7.56833	0.0125756	126.377	0.84191	0
7.54073	0.0127205	126.01	0.841228	0
7.56309	0.0130402	126.26	0.830311	0
7.59495	0.0126156	126.611	0.829629	0
7.56791	0.0128516	126.962	0.84805	0
7.55773	0.0126366	126.01	0.834746	0
7.57218	0.0126537	127.479	0.830311	0
7.56613	0.0124545	126.294	0.832017	0
7.57082	0.0123746	126.962	0.82383	0
7.57461	0.012824	126.411	0.850438	0
7.5595	0.012649	126.611	0.849756	0
7.56969	0.012584	125.843	0.849415	0
7.58855	0.0128703	125.409	0.823148	0
7.56957	0.0129511	128.414	0.853167	0
7.5439	0.012633	125.125	0.843957	0
7.55142	0.012563	127.295	0.859307	0
7.57662	0.0128763	125.71	0.836793	0
7.57267	0.0127603	125.826	0.84498	0
7.55816	0.0123708	126.027	0.840204	0
7.57763	0.0127357	126.945	0.847709	0
7.58386	0.0125028	125.676	0.840204	0
7.57456	0.0127145	127.245	0.817348	0
7.56625	0.0125375	127.513	0.821783	0
7.56199	0.0126819	126.878	0.857261	0
7.56335	0.0128125	127.496	0.832017	0
7.54772	0.0126848	125.609	0.843274	0
7.54736	0.0127284	126.728	0.8269	0
7.56926	0.0125802	127.245	0.831335	0
7.55518	0.0128826	125.058	0.835087	0
7.54071	0.0126246	127.613	0.819736	0
7.55615	0.0127048	125.643	0.838499	0
7.55314	0.0127334	125.459	0.831676	0
7.55754	0.013031	127.496	0.826559	0
7.59061	0.0126917	126.11	0.831335	0
7.59296	0.0128268	127.78	0.819736	0
7.55234	0.0127357	126.895	0.840545	0
7.54826	0.0127263	126.244	0.807797	0
7.56797	0.0127029	127.028	0.838499	0
7.56501	0.0128365	125.609	0.824512	0
7.56673	0.0127912	125.893	0.82997	0
7.56371	0.0125366	127.229	0.850097	0
7.55508	0.0127894	127.679	0.819736	0
7.54973	0.0125071	124.775	0.828947	0
7.54965	0.0126673	126.11	0.841569	0
7.56059	0.0124584	124.925	0.827923	0
7.56985	0.0124969	127.896	0.831335	0
7.56401	0.0126973	128.698	0.83304	0
7.56314	0.0125114	126.945	0.828947	0
7.57639	0.0127309	127.529	0.836452	0
7.56001	0.0125759	126.16	0.846345	0
7.55036	0.0128763	127.279	0.843615	0
7.56232	0.0127851	126.561	0.836793	0
7.54875	0.0128513	126.26	0.850097	0
7.54585	0.0130427	126.694	0.821442	0
7.56958	0.0127387	126.644	0.822807	0
7.5614	0.0126294	125.359	0.84498	0
7.5492	0.0125641	125.492	0.838499	0
7.56802	0.012416	126.01	0.818031	0
7.56124	0.0124768	126.945	0.813596	0
7.54226	0.0128042	126.861	0.852485	0
7.57057	0.0126152	128.447	0.829288	0
7.58316	0.0128381	124.541	0.828947	0
7.54267	0.0126714	127.93	0.831335	0
7.53777	0.0127614	127.78	0.852144	0
7.55731	0.012989	125.676	0.854873	0
7.54818	0.0127466	127.212	0.830311	0
7.53458	0.0126747	124.608	0.853849	0
7.55236	0.0127476	127.312	0.82997	0
7.56064	0.0129424	126.995	0.860672	0
7.55336	0.0129947	126.077	0.83884	0
7.5519	0.0127973	126.144	0.825536	0
7.55896	0.0128221	127.045	0.830994	0
7.55015	0.0126277	126.027	0.84805	0
7.54294	0.0128276	126.544	0.842592	0
7.5589	0.0125702	125.96	0.836111	0
7.55243	0.0127085	126.244	0.828606	0
7.5415	0.012825	127.179	0.856578	0
7.54992	0.0122955	127.613	0.815643	0
7.54857	0.0124829	127.212	0.837134	0
7.54565	0.0125596	125.927	0.840545	0
7.54902	0.0127252	126.377	0.836111	0
7.54101	0.0127193	125.609	0.835769	0
7.5444	0.0129581	127.362	0.827241	0
7.57606	0.0127405	126.377	0.837816	0
7.57227	0.0127064	127.713	0.861695	0
7.54783	0.0129269	125.743	0.831335	0
7.56992	0.01277	125.893	0.832699	0
7.58773	0.0128292	126.511	0.846686	0
7.57531	0.0129137	127.83	0.839181	0
7.55543	0.0126373	125.676	0.829629	0
7.53847	0.0121794	124.841	0.819736	0
7.5262	0.0125693	125.76	0.852144	0
7.54041	0.0129582	127.129	0.832017	0
7.56387	0.0127427	126.895	0.842592	0
7.54761	0.0127971	125.509	0.820419	0
7.54123	0.012811	125.376	0.834064	0
7.55969	0.0124157	127.429	0.845321	0
7.57447	0.0126406	126.995	0.832017	0
7.54699	0.0125985	126.394	0.828265	0
7.53962	0.0124308	126.945	0.85692	0
7.56572	0.0127047	125.91	0.860331	0
7.5621	0.0128407	125.81	0.846003	0
7.56589	0.012416	128.347	0.824512	0
7.56952	0.0125662	127.179	0.848391	0
7.54994	0.0128428	125.876	0.81769	0
7.54755	0.0126616	127.462	0.837816	0
7.56738	0.0128704	127.429	0.826218	0
7.57428	0.0127882	127.346	0.841228	0
7.56898	0.0124748	126.845	0.839522	0
7.56459	0.0125184	127.546	0.835428	0
7.55154	0.0128534	126.377	0.849415	0
7.55517	0.0129285	124.925	0.827582	0
7.57752	0.0126325	126.427	0.835428	0
7.56088	0.0126146	127.212	0.848391	0
7.53285	0.0126533	125.492	0.859307	0
7.55678	0.0129418	125.893	0.825194	0
7.56923	0.0126563	126.694	0.836793	0
7.55686	0.0127193	126.394	0.829288	0
7.56349	0.0131343	126.077	0.854191	0
7.5604	0.0129337	126.661	0.831676	0
7.53809	0.0126591	126.11	0.836793	0
7.54338	0.0123941	127.212	0.841228	0
7.56608	0.0125843	125.726	0.837134	0
7.55344	0.0126198	126.26	0.845662	0
7.54815	0.0124921	127.195	0.839863	0
7.58273	0.0127703	127.329	0.837816	0
7.56696	0.0123504	127.095	0.83884	0
7.54154	0.0126469	126.411	0.843274	0
7.57074	0.0125854	127.396	0.827582	0
7.57035	0.012386	126.528	0.832358	0
7.54762	0.012796	126.344	0.830653	0
7.54994	0.0126107	127.446	0.830994	0
7.55638	0.0127697	126.995	0.817007	0
7.55644	0.0127757	125.008	0.82076	0
7.55359	0.0126099	126.461	0.848732	0
7.55634	0.0127262	126.795	0.823489	0
7.54672	0.0126368	125.693	0.811208	0
7.52861	0.0126241	126.21	0.842933	0
7.53756	0.0123943	127.129	0.836452	0
7.54594	0.0125447	126.644	0.843957	0
7.54939	0.0125999	126.528	0.803021	0
7.5649	0.0127761	127.596	0.85692	0
7.56569	0.0129978	126.26	0.827241	0
7.55002	0.0123995	127.546	0.839863	0
7.55768	0.0127843	126.043	0.845321	0
7.55786	0.0127354	125.326	0.839522	0
7.52145	0.0126404	124.541	0.80882	0
7.51898	0.0125066	126.678	0.843957	0
7.56886	0.0125817	128.765	0.834405	0
7.58845	0.0129678	126.377	0.830994	0
7.55545	0.0131823	125.142	0.847027	0
7.53586	0.0125589	125.242	0.81769	0
7.54797	0.0128092	124.691	0.824171	0
7.55047	0.0130033	127.529	0.858284	0
7.55621	0.0126353	126.461	0.825536	0
7.5696	0.0130713	126.761	0.827241	0
7.56663	0.0126919	126.678	0.834405	0
7.56457	0.0126716	127.012	0.843957	0
7.57099	0.0125616	127.379	0.832358	0
7.56065	0.0125853	125.526	0.832358	0
7.54554	0.0125861	125.81	0.828606	0
7.54517	0.0124566	125.392	0.847027	0
7.54753	0.0126538	125.876	0.829629	0
7.53509	0.0126397	126.644	0.839863	0
7.50983	0.0125679	125.543	0.822124	0
7.52069	0.0127133	125.693	0.855214	0
7.55129	0.0126893	127.563	0.845321	0
7.54499	0.0128508	126.16	0.828265	0
7.55247	0.0125827	128.347	0.863742	0
7.56761	0.0126085	125.776	0.835428	0
7.52707	0.0124792	125.526	0.818372	0
7.51639	0.0123437	126.544	0.83884	0
7.54657	0.0126295	128.063	0.841569	0
7.54091	0.0128858	127.98	0.833723	0
7.53323	0.0127214	125.309	0.82997	0
7.5466	0.0127522	128.614	0.832358	0
7.55186	0.0125532	126.745	0.840545	0
7.54383	0.0124697	127.479	0.825877	0
7.55714	0.0126728	126.761	0.825877	0
7.57689	0.012804	126.711	0.836452	0
7.55654	0.0125875	125.659	0.840204	0
7.54431	0.0123546	125.993	0.849074	0
7.53133	0.0127322	126.795	0.852826	0
7.53874	0.0128629	127.129	0.821442	0
7.55925	0.012181	127.579	0.84498	0
7.55187	0.0123724	125.659	0.84498	0
7.55718	0.0128127	127.679	0.844298	0
7.56608	0.0130403	126.678	0.835428	0
7.54788	0.0128621	124.508	0.824853	0
7.53767	0.0128962	126.895	0.843274	0
7.55978	0.0128441	126.678	0.843957	0
7.56965	0.0125859	127.646	0.810185	0
7.5684	0.0129568	125.977	0.841569	0
7.5653	0.0131901	126.494	0.859649	0
7.54759	0.0127789	127.496	0.833723	0
7.55358	0.0128348	126.327	0.828947	0
7.56744	0.0127588	127.863	0.81769	0
7.56952	0.0126288	126.144	0.864766	0
7.56956	0.0126752	126.11	0.831676	0
7.57774	0.0124175	126.661	0.829288	0
7.56046	0.0125462	125.609	0.835087	0
7.55206	0.0126994	127.212	0.835087	0
7.56142	0.0127325	128.414	0.846345	0
7.54956	0.0129374	126.494	0.828606	0
7.53456	0.0125567	126.21	0.816325	0
7.52604	0.0127343	125.693	0.834405	0
7.52727	0.0130762	126.761	0.864083	0
7.55103	0.0128523	127.596	0.83304	0
7.55276	0.0128504	124.057	0.810526	0
7.54007	0.012492	125.843	0.846003	0
7.54931	0.0122787	127.579	0.839181	0
7.54134	0.0123437	126.26	0.843615	0
7.5392	0.0125953	125.509	0.842251	0
7.55582	0.0128398	125.442	0.82997	0
7.55491	0.0128335	126.945	0.835087	0
7.55886	0.0125248	126.594	0.834064	0
7.55678	0.0126505	126.761	0.838499	0
7.54573	0.0125823	127.262	0.832017	0
7.55007	0.0125366	125.509	0.835428	0
7.55077	0.0128035	126.511	0.835428	0
7.54986	0.0129269	126.578	0.849756	0
7.56032	0.0126689	127.83	0.833723	0
7.55608	0.01296	126.177	0.818031	0
7.52649	0.012802	125.242	0.835087	0
7.53498	0.0126967	126.21	0.855214	0
7.56624	0.0129554	127.446	0.841228	0
7.55993	0.0127753	128.047	0.840545	0
7.56249	0.0125299	127.262	0.813255	0
7.57286	0.0128705	126.311	0.835769	0
7.56334	0.0127091	125.609	0.82076	0
7.54877	0.0129189	125.726	0.837134	0
7.55774	0.0127399	125.342	0.848732	0
7.5571	0.012925	126.461	0.828606	0
7.53939	0.0125529	125.042	0.828947	0
7.54624	0.0126625	127.028	0.850438	0
7.54739	0.0125057	125.025	0.847709	0
7.53264	0.012671	126.895	0.836793	0
7.54836	0.0128724	125.559	0.83304	0
7.55841	0.0126423	125.993	0.842251	0
7.53285	0.0125163	126.761	0.837134	0
7.53045	0.0126492	125.943	0.84191	0
7.5515	0.0125536	128.13	0.837475	0
7.56079	0.0125069	125.643	0.862037	0
7.53422	0.0128843	127.262	0.824512	0
7.54191	0.0126267	126.344	0.84805	0
7.55932	0.0128388	126.144	0.843615	0
7.53139	0.0124754	125.409	0.835769	0
7.53935	0.0125427	125.259	0.849756	0
7.54967	0.0127608	126.361	0.810185	0
7.54486	0.0130487	127.362	0.869883	0
7.55069	0.0130997	126.26	0.833382	0
7.54134	0.012682	125.943	0.849074	0
7.53292	0.0124267	126.244	0.821783	0
7.54238	0.0125855	126.745	0.830311	0
7.54996	0.0126995	126.544	0.853167	0
7.54039	0.0126511	126.127	0.831335	0
7.5331	0.0125434	126.093	0.80882	0
7.53508	0.0124674	125.993	0.841228	0
7.5291	0.0125812	126.377	0.825194	0
7.54649	0.0123813	126.795	0.818031	0
7.56971	0.0126095	126.394	0.834746	0
7.55774	0.012785	126.327	0.835769	0
7.54426	0.0127998	127.496	0.828947	0
7.55089	0.0125787	126.027	0.831335	0
7.54482	0.0128557	126.878	0.852826	0
7.55146	0.0127819	127.179	0.836452	0
7.56536	0.012607	127.112	0.834746	0
7.55994	0.0128169	127.045	0.842251	0
7.5441	0.0125878	125.593	0.850438	0
7.53522	0.0125982	127.179	0.860331	0
7.53888	0.0123777	126.761	0.848732	0
7.54949	0.012897	127.846	0.831676	0
7.56431	0.0129276	126.962	0.837134	0
7.56356	0.0125352	126.544	0.840886	0
7.54843	0.0128965	125.893	0.813937	0
7.5308	0.012655	127.479	0.848732	0
7.54569	0.0126068	125.876	0.846003	0
7.57314	0.0126527	126.628	0.83884	0
7.55541	0.0130572	126.861	0.838157	0
7.54873	0.013051	126.594	0.835769	0
7.56079	0.0125751	125.71	0.826559	0
7.5483	0.0125648	126.177	0.851461	0
7.55129	0.0127742	126.361	0.848391	0
7.5584	0.0125535	126.711	0.846686	0
7.54398	0.0126299	126.277	0.830653	0
7.557	0.0128104	126.544	0.834746	0
7.56188	0.0125091	127.129	0.815643	0
7.55205	0.0125684	126.811	0.828265	0
7.57716	0.012346	125.993	0.827241	0
7.56977	0.0126403	126.427	0.831335	0
7.535	0.0123836	127.529	0.849415	0
7.55349	0.012612	126.778	0.829288	0
7.57251	0.0128292	125.776	0.837475	0
7.53942	0.0127638	126.244	0.853849	0
7.53989	0.0129078	126.344	0.828606	0
7.55917	0.0127951	126.795	0.845662	0
7.54273	0.0125975	127.195	0.830994	0
7.53298	0.012555	125.977	0.818031	0
7.53781	0.0125973	126.661	0.822124	0
7.54263	0.0125375	125.793	0.858966	0
7.55708	0.0126139	127.563	0.844298	0
7.56324	0.0126897	127.462	0.832699	0
7.54546	0.0124486	126.411	0.843615	0
7.5522	0.0124723	126.461	0.855214	0
7.56034	0.0124449	126.494	0.841569	0
7.54905	0.0128398	127.028	0.827923	0
7.53435	0.0128396	126.811	0.834746	0
7.53071	0.0126155	126.177	0.838499	0
7.53586	0.0124714	127.012	0.835428	0
7.54205	0.0126393	126.377	0.842933	0
7.54594	0.012739	126.745	0.833382	0
7.53251	0.0125387	125.86	0.84498	0
7.51907	0.0126694	126.244	0.849415	0
7.51549	0.0125921	126.01	0.809502	0
7.51653	0.0130188	127.312	0.836452	0
7.53891	0.0127031	126.227	0.857602	0
7.54655	0.0126829	126.327	0.827241	0
7.52453	0.0127539	126.227	0.848732	0
7.51379	0.0125341	126.945	0.848732	0
7.53431	0.0122106	126.227	0.821442	0
7.54328	0.0126952	125.309	0.839522	0
7.53824	0.0127713	125.275	0.839522	0
7.5578	0.0129171	126.377	0.82383	0
7.56241	0.0127304	125.543	0.831335	0
7.54321	0.0125356	126.127	0.850097	0
7.55761	0.0124837	125.593	0.825877	0
7.56032	0.0125988	125.643	0.814961	0
7.55224	0.0128401	125.659	0.850779	0
7.55614	0.0125021	127.963	0.833382	0
7.53956	0.0127497	125.793	0.851461	0
7.54162	0.0126356	125.927	0.832699	0
7.55395	0.0126104	127.396	0.850779	0
7.54164	0.0124233	126.194	0.828265	0
7.54584	0.0128246	126.027	0.826218	0
7.54803	0.0126411	124.891	0.832017	0
7.54064	0.0130983	125.86	0.843957	0
7.55473	0.012804	126.294	0.836111	0
7.57127	0.0126222	126.912	0.833723	0
7.56305	0.0127874	126.144	0.84191	0
7.54702	0.0126419	126.21	0.839181	0
7.55366	0.012664	125.576	0.818372	0
7.56643	0.0128932	126.01	0.829288	0
7.54326	0.0124896	126.11	0.824512	0
7.53346	0.0124887	126.678	0.840204	0
7.54485	0.0128503	126.845	0.829288	0
7.53902	0.0125764	126.544	0.834746	0
7.54034	0.0126185	126.578	0.850097	0
7.55145	0.0127416	127.162	0.850438	0
7.57639	0.0125215	126.461	0.827923	0
7.57049	0.0126969	126.745	0.85692	0
7.54661	0.0127591	125.476	0.852485	0
7.55574	0.013198	125.175	0.840204	0
7.55481	0.0130629	124.925	0.834405	0
7.53972	0.0127423	125.793	0.822465	0
7.55136	0.0126999	126.828	0.817007	0
7.554	0.0127554	125.726	0.840886	0
7.54605	0.0126201	126.377	0.845662	0
7.54718	0.0125088	126.878	0.840204	0
7.54172	0.0125973	125.993	0.842592	0
7.56794	0.0129748	127.295	0.828947	0
7.5766	0.0128873	125.509	0.851461	0
7.54053	0.0126874	127.496	0.839863	0
7.53553	0.0124561	126.544	0.835087	0
7.5464	0.012731	127.412	0.819395	0
7.54669	0.012427	125.659	0.866812	0
7.55021	0.0125724	125.71	0.829288	0
7.54413	0.0126976	126.244	0.814961	0
7.54025	0.0126662	128.147	0.838157	0
7.55894	0.0126812	127.479	0.837475	0
7.54728	0.0126979	124.641	0.838499	0
7.5322	0.012644	126.127	0.854873	0
7.54109	0.012807	125.893	0.84498	0
7.55074	0.0123606	127.095	0.844298	0
7.56667	0.0128228	126.828	0.846345	0
7.5595	0.0125704	124.891	0.839522	0
7.53568	0.0126595	126.962	0.832358	0
7.53653	0.0124047	126.227	0.840204	0
7.5414	0.0127047	124.207	0.842933	0
7.55083	0.0125271	126.294	0.828606	0
7.55045	0.0128146	124.825	0.846345	0
7.53628	0.0127975	126.477	0.852826	0
7.557	0.0130908	127.145	0.849756	0
7.57364	0.0127023	127.312	0.835769	0
7.54212	0.0127004	126.127	0.826559	0
7.51969	0.0127487	125.259	0.836111	0
7.52895	0.0124028	126.377	0.834064	0
7.54656	0.0124628	125.342	0.822465	0
7.56272	0.0127855	126.845	0.832699	0
7.56427	0.0128276	124.19	0.833382	0
7.54784	0.0124915	126.093	0.838499	0
7.54096	0.0126621	125.76	0.833382	0
7.53745	0.012986	125.793	0.821101	0
7.5476	0.0125904	127.012	0.846686	0
7.54427	0.013025	125.459	0.846686	0
7.52831	0.0127392	125.793	0.838157	0
7.53161	0.0127273	126.811	0.824171	0
7.53886	0.0126711	125.593	0.854191	0
7.55622	0.0129862	126.962	0.835087	0
7.56224	0.0127634	126.06	0.837475	0
7.54724	0.0126666	126.344	0.839522	0
7.54768	0.0126623	127.963	0.837816	0
7.55663	0.0126518	125.192	0.826559	0
7.55741	0.0129942	127.763	0.842592	0
7.55991	0.0128733	127.629	0.827582	0
7.54954	0.0124893	125.576	0.817007	0
7.53317	0.0126418	125.91	0.837475	0
7.56486	0.0126053	127.429	0.855555	0
7.56614	0.0123864	126.912	0.840204	0
7.51049	0.0124996	125.76	0.856237	0
7.5188	0.0126273	126.027	0.81189	0
7.53542	0.012726	126.077	0.829288	0
7.5361	0.012552	126.745	0.838157	0
7.55564	0.0124036	124.674	0.833382	0
7.56283	0.0125584	124.257	0.841228	0
7.56249	0.0126569	127.563	0.834405	0
7.55655	0.0125973	126.06	0.844639	0
7.54276	0.012772	127.062	0.849756	0
7.54401	0.0127583	125.943	0.82997	0
7.55382	0.0127632	125.793	0.839181	0
7.56181	0.0129102	125.459	0.830311	0
7.55477	0.0124373	124.942	0.830653	0
7.53578	0.0125077	127.546	0.840886	0
7.5374	0.0128064	125.81	0.84498	0
7.54045	0.0125625	125.409	0.839863	0
7.54388	0.0123883	126.277	0.858966	0
7.55077	0.0127456	125.292	0.835769	0
7.54645	0.0127654	125.025	0.844639	0
7.54856	0.0129081	127.145	0.827241	0
7.55706	0.0124263	125.392	0.832358	0
7.5468	0.0126107	126.327	0.82997	0
7.53321	0.0128683	124.891	0.856578	0
7.54371	0.0125991	126.578	0.828265	0
7.56087	0.01292	125.676	0.839522	0
7.55714	0.0131011	126.027	0.854873	0
7.54799	0.0125216	126.16	0.822465	0
7.54405	0.0126397	125.927	0.84805	0
7.54022	0.0127015	125.326	0.847709	0
7.55381	0.0127014	126.477	0.840545	0
7.56024	0.0126694	126.494	0.836793	0
7.56138	0.0127993	128.264	0.828265	0
7.54964	0.0128885	125.125	0.823148	0
7.5384	0.0127375	125.109	0.834405	0
7.54796	0.0128259	127.262	0.841228	0
7.54781	0.0127141	125.626	0.829288	0
7.54476	0.0126274	125.225	0.85112	0
7.54352	0.0125924	127.295	0.847709	0
7.55189	0.0124236	126.21	0.830994	0
7.56566	0.0127727	126.928	0.846686	0
7.54968	0.0126358	125.576	0.82076	0
7.53838	0.012607	126.294	0.828265	0
7.54736	0.0125869	126.778	0.859649	0
7.54816	0.0126489	125.175	0.815643	0
7.54925	0.0128574	126.878	0.839181	0
7.55311	0.0127106	127.329	0.811549	0
7.54867	0.0128973	125.492	0.842933	0
7.54474	0.0129653	124.741	0.824171	0
7.54357	0.0123138	126.611	0.823489	0
7.55239	0.0123373	125.693	0.831335	0
7.5533	0.0127018	127.379	0.832358	0
7.5496	0.0127805	125.893	0.830653	0
7.54818	0.0125748	127.129	0.838157	0
7.54102	0.0125593	126.578	0.846686	0
7.54396	0.0126122	124.357	0.838499	0
7.56198	0.0122802	126.578	0.832017	0
7.56451	0.0127838	128.013	0.825194	0
7.53209	0.0125748	125.058	0.851461	0
7.53244	0.0124683	126.444	0.81189	0
7.55413	0.0127051	125.359	0.834746	0
7.52987	0.0122887	125.693	0.842251	0
7.5363	0.0125128	125.609	0.835087	0
7.57074	0.0126537	124.324	0.8269	0
7.55052	0.0125695	125.843	0.83304	0
7.52697	0.0125764	124.174	0.838499	0
7.55093	0.0126941	126.795	0.848391	0
7.58047	0.0126528	126.093	0.835769	0
7.55255	0.0126254	125.843	0.836452	0
7.52585	0.0128283	126.06	0.829288	0
7.53187	0.0125276	125.91	0.835769	0
7.54058	0.0123496	124.775	0.845662	0
7.5516	0.0127409	126.945	0.833382	0
7.54717	0.0128258	125.543	0.838157	0
7.53681	0.0128591	127.713	0.854532	0
7.53614	0.0129258	126.177	0.82076	0
7.54811	0.0123347	127.362	0.84191	0
7.56331	0.0127805	126.811	0.837816	0
7.55714	0.0126736	126.694	0.836793	0
7.55912	0.0126908	127.513	0.857261	0
7.56396	0.0126878	124.725	0.836793	0
7.54514	0.0127655	124.925	0.835428	0
7.55407	0.0127617	125.893	0.835769	0
7.55709	0.0124693	127.596	0.834746	0
7.54452	0.0126102	126.377	0.862719	0
7.56061	0.0122946	128.18	0.836793	0
7.56097	0.0126524	126.945	0.830653	0
7.55197	0.0126143	127.646	0.846345	0
7.55834	0.0127133	127.312	0.840204	0
7.55027	0.0125602	125.192	0.837475	0
7.53706	0.0123293	125.175	0.842933	0
7.53487	0.0126137	126.945	0.834064	0
7.54102	0.0126149	126.311	0.862719	0
7.53865	0.0126037	126.311	0.851803	0
7.5548	0.0126838	128.464	0.843274	0
7.5417	0.0127541	125.826	0.830653	0
7.52019	0.012595	126.778	0.824171	0
7.5608	0.0127001	126.477	0.824171	0
7.57366	0.0125975	125.459	0.832358	0
7.53924	0.0125924	127.78	0.829629	0
7.53731	0.012586	125.292	0.826218	0
7.55048	0.0126958	126.544	0.8269	0
7.54099	0.0127252	126.027	0.85112	0
7.54025	0.0122687	128.097	0.832699	0
7.55466	0.0122463	127.229	0.832017	0
7.55236	0.0123458	125.376	0.839181	0
7.54312	0.0128124	125.876	0.824512	0
7.56665	0.0128375	127.412	0.827923	0
7.56659	0.0130786	124.958	0.821101	0
7.546	0.0125264	126.511	0.823148	0
7.54972	0.0124681	127.746	0.846345	0
7.55759	0.012224	124.691	0.836111	0
7.5607	0.0128496	126.761	0.838499	0
7.56092	0.0128298	125.843	0.839863	0
7.54326	0.0125483	125.292	0.851461	0
7.53451	0.0130996	126.611	0.834064	0
7.54576	0.0131358	125.96	0.833382	0
7.56586	0.0124267	127.162	0.834746	0
7.56236	0.0127902	126.594	0.858284	0
7.52943	0.0128312	126.594	0.806773	0
7.52906	0.0123629	125.392	0.840545	0
7.5468	0.012595	125.927	0.851461	0
7.53575	0.0129156	126.928	0.856578	0
7.538	0.0124786	126.311	0.839181	0
7.57185	0.0126135	126.461	0.844298	0
7.5603	0.0125163	125.977	0.807115	0
7.53151	0.0125074	126.077	0.841228	0
7.54183	0.0126005	126.861	0.83884	0
7.55243	0.0123771	127.513	0.814961	0
7.55731	0.0125715	126.411	0.835769	0
7.56594	0.0124701	125.292	0.841228	0
7.55569	0.0125511	126.694	0.828947	0
7.53576	0.0124709	123.689	0.810867	0
7.54391	0.0124507	126.177	0.838499	0
7.56562	0.0125965	128.481	0.862378	0
7.56225	0.012634	124.975	0.832017	0
7.55368	0.0124792	126.411	0.818031	0
7.5517	0.0126759	126.778	0.83304	0
7.54051	0.0123538	126.227	0.828606	0
7.56151	0.0128499	126.644	0.862719	0
7.57182	0.012696	125.943	0.852826	0
7.55039	0.0128645	126.093	0.849415	0
7.55873	0.0130572	127.88	0.847709	0
7.5536	0.0128972	125.927	0.839863	0
7.55085	0.0128234	126.928	0.828947	0
7.55538	0.0128075	124.891	0.825194	0
7.5307	0.0128863	126.694	0.839863	0
7.52773	0.0126346	127.88	0.821101	0
7.55634	0.0125286	125.659	0.854191	0
7.57177	0.0123734	127.362	0.835428	0
7.56012	0.0127258	125.743	0.840204	0
7.54441	0.0129938	126.694	0.827923	0
7.55475	0.0124875	124.691	0.829288	0
7.55523	0.0126725	126.177	0.835087	0
7.55276	0.0123628	127.245	0.806773	0
7.56013	0.0124483	126.311	0.84805	0
7.54101	0.0126884	125.643	0.819054	0
7.53177	0.0126891	125.275	0.814961	0
7.55522	0.0127123	127.429	0.829629	0
7.55111	0.0128332	125.159	0.835087	0
7.52853	0.0126237	127.295	0.820419	0
7.53994	0.0128076	125.977	0.850779	0
7.53544	0.012682	126.194	0.826559	0
7.53207	0.0123728	126.11	0.834746	0
7.5765	0.0123721	127.028	0.828606	0
7.59105	0.0129786	127.162	0.828947	0
7.56075	0.0128347	126.511	0.853167	0
7.54148	0.0126017	126.828	0.856578	0
7.53868	0.0125774	125.242	0.829629	0
7.54807	0.0121554	126.311	0.842251	0
7.54848	0.0126841	125.793	0.835769	0
7.53528	0.0126396	125.843	0.835087	0
7.52225	0.012319	126.361	0.832017	0
7.52475	0.0127158	125.643	0.841228	0
7.55235	0.0128909	128.164	0.836111	0
7.55663	0.0128785	126.745	0.842592	0
7.54087	0.0127624	126.828	0.849074	0
7.54904	0.0128194	125.993	0.827582	0
7.55257	0.0123674	126.494	0.832017	0
7.53278	0.0124356	126.461	0.846686	0
7.5552	0.012687	125.693	0.836111	0
7.57544	0.0128353	126.227	0.830994	0
7.54629	0.0128747	125.776	0.819395	0
7.53777	0.0129176	127.045	0.834405	0
7.56414	0.0129818	126.644	0.82383	0
7.5646	0.0127284	127.462	0.851803	0
7.55985	0.0128858	128.247	0.869883	0
7.559	0.0128837	126.227	0.837475	0
7.54267	0.0129093	126.06	0.846345	0
7.54338	0.0125749	126.227	0.833723	0
7.55747	0.0125105	126.711	0.852485	0
7.56208	0.0127063	125.927	0.824853	0
7.57424	0.0128963	127.446	0.84498	0
7.56669	0.0126429	125.826	0.824853	0
7.55071	0.0127081	126.461	0.8269	0
7.53516	0.0127903	125.159	0.829629	0
7.54327	0.0127368	125.943	0.835087	0
7.55078	0.012292	126.361	0.832699	0
7.54122	0.0127188	127.846	0.83884	0
7.54697	0.0125605	127.279	0.846686	0
7.5477	0.0125275	127.429	0.837134	0
7.54757	0.0127711	127.112	0.828265	0
7.54432	0.0124061	126.411	0.845662	0
7.55195	0.0127799	126.294	0.829288	0
7.55963	0.0127092	126.144	0.844639	0
7.535	0.0123766	126.277	0.812914	0
7.52821	0.0127835	126.06	0.842592	0
7.55416	0.0126575	126.411	0.821783	0
7.55288	0.0123682	126.227	0.819736	0
7.53772	0.0126137	126.394	0.848732	0
7.53701	0.0126679	127.095	0.860331	0
7.55493	0.0128995	128.097	0.852826	0
7.57305	0.0126355	126.912	0.846003	0
7.55973	0.0128519	126.477	0.82997	0
7.55387	0.0124497	125.259	0.835428	0
7.54824	0.0127766	125.86	0.848732	0
7.52944	0.0126695	126.511	0.851803	0
7.54134	0.0125796	125.843	0.842592	0
7.55966	0.0126283	125.843	0.840204	0
7.57021	0.0128309	126.16	0.820419	0
7.54989	0.0127696	126.377	0.833723	0
7.53006	0.0130893	126.544	0.827923	0
7.54836	0.0127565	127.295	0.842251	0
7.56602	0.0127605	126.661	0.840204	0
7.54706	0.0128013	124.858	0.841228	0
7.54942	0.012487	127.262	0.829288	0
7.56925	0.0126947	126.611	0.817348	0
7.55864	0.0122429	128.23	0.822465	0
7.54544	0.012899	126.711	0.847709	0
7.54886	0.01279	126.294	0.827582	0
7.55003	0.0126319	124.708	0.839522	0
7.54761	0.0124971	125.893	0.834405	0
7.54989	0.01204	125.96	0.833723	0
7.55721	0.0125855	125.776	0.814619	0
7.54843	0.0127915	126.194	0.849415	0
7.5406	0.0126731	126.477	0.852826	0
7.57208	0.0131003	125.292	0.835428	0
7.57405	0.0130128	127.095	0.852826	0
7.548	0.0125872	126.461	0.824171	0
7.54173	0.0128917	125.075	0.833723	0
7.55129	0.0126809	126.26	0.838499	0
7.5529	0.0123961	125.125	0.858966	0
7.55072	0.012734	127.145	0.825194	0
7.54609	0.0128604	126.26	0.825536	0
7.55542	0.0132667	127.112	0.842251	0
7.56445	0.0123961	125.342	0.845662	0
7.54682	0.0129111	126.678	0.841228	0
7.54365	0.0124544	127.329	0.858966	0
7.54968	0.0127591	127.279	0.828265	0
7.5522	0.0126908	127.012	0.834746	0
7.56897	0.0128606	126.344	0.84498	0
7.57122	0.0124958	126.861	0.825536	0
7.55288	0.0124049	128.013	0.845662	0
7.54151	0.012347	126.427	0.848391	0
7.53747	0.0124105	126.227	0.839522	0
7.54773	0.0123824	127.412	0.84805	0
7.54343	0.0125083	125.593	0.8269	0
7.54236	0.0126979	126.127	0.82383	0
7.5485	0.0125675	126.427	0.858284	0
7.54735	0.0128493	126.311	0.861013	0
7.55053	0.0126434	126.861	0.845662	0
7.55289	0.0128412	126.761	0.834405	0
7.56321	0.0128029	125.075	0.832358	0
7.56202	0.0128599	125.543	0.830311	0
7.55683	0.0130998	126.361	0.839522	0
7.56821	0.0127055	127.462	0.824512	0
7.56546	0.0128424	126.127	0.823148	0
7.56946	0.0126742	128.097	0.840545	0
7.5739	0.0127373	124.424	0.868177	0
7.55835	0.0126794	127.629	0.837816	0
7.55557	0.0127278	126.26	0.853167	0
7.55961	0.0126691	127.262	0.832699	0
7.56703	0.0130184	127.179	0.850097	0
7.56941	0.0125514	128.331	0.840545	0
7.55909	0.0126509	126.978	0.854532	0
7.54987	0.0124781	126.361	0.839522	0
7.55931	0.0129336	125.71	0.853508	0
7.55016	0.0128175	125.927	0.839181	0
7.54473	0.0127342	125.543	0.843615	0
7.57173	0.0128651	126.995	0.836111	0
7.57482	0.0125349	126.06	0.830311	0
7.54776	0.0127994	126.077	0.830311	0
7.54782	0.0125327	124.908	0.814278	0
7.57561	0.0126036	127.012	0.818713	0
7.56662	0.0126188	126.678	0.815643	0
7.55551	0.012826	125.109	0.846686	0
7.55392	0.0125771	125.442	0.851803	0
7.55237	0.0127014	127.012	0.81189	0
7.56032	0.0124833	126.344	0.844298	0
7.5591	0.012498	125.175	0.844639	0
7.55986	0.0127267	126.377	0.828606	0
7.57193	0.0127857	125.259	0.840545	0
7.55113	0.0130423	125.292	0.836793	0
7.54979	0.0127891	127.679	0.839863	0
7.55911	0.0125032	126.344	0.810867	0
7.53778	0.0126889	126.461	0.843615	0
7.54417	0.0126846	125.492	0.834064	0
7.56603	0.0128361	125.409	0.845321	0
7.5577	0.0127604	125.893	0.843957	0
7.53567	0.0126738	126.561	0.838499	0
7.5363	0.0124873	126.578	0.853167	0
7.5548	0.0128533	127.229	0.842251	0
7.55946	0.0126369	125.543	0.85999	0
7.55708	0.0127056	126.611	0.833723	0
7.54683	0.0130439	125.159	0.845321	0
7.53725	0.0129574	126.811	0.828947	0
7.56119	0.0127342	126.277	0.862378	0
7.57279	0.0124187	125.209	0.838157	0
7.56516	0.0125015	126.962	0.827923	0
7.56075	0.0127355	126.21	0.830311	0
7.55371	0.0128581	126.227	0.842592	0
7.55671	0.0126286	127.078	0.825536	0
7.55768	0.0127989	124.624	0.814619	0
7.56047	0.0128586	126.177	0.85692	0
7.56307	0.0125299	125.292	0.827923	0
7.56009	0.0125588	126.494	0.85112	0
7.56742	0.0126335	127.062	0.851461	0
7.57174	0.0129113	127.279	0.83884	0
7.55273	0.0124609	126.444	0.819736	0
7.54978	0.012772	126.644	0.837134	0
7.56641	0.0127423	127.98	0.821101	0
7.57012	0.012427	124.691	0.829288	0
7.56304	0.0124967	127.212	0.818372	0
7.55846	0.0129754	125.593	0.823148	0
7.54818	0.0127798	126.694	0.853508	0
7.55359	0.0124973	125.576	0.830653	0
7.55102	0.0128317	126.294	0.836111	0
7.53451	0.0126276	126.26	0.845321	0
7.56437	0.0124661	125.559	0.82076	0
7.57702	0.0126909	126.344	0.826218	0
7.54141	0.0126807	126.377	0.845662	0
7.53032	0.0123758	125.342	0.830994	0
7.53755	0.0121864	125.96	0.83884	0
7.55716	0.012742	126.878	0.833382	0
7.57115	0.0127366	125.225	0.832699	0
7.56685	0.0125868	126.578	0.833382	0
7.57281	0.012569	125.76	0.841569	0
7.57257	0.0129193	125.826	0.835087	0
7.56309	0.0130078	126.227	0.819395	0
7.54766	0.0126961	126.361	0.828947	0
7.54172	0.0130057	127.295	0.826559	0
7.54402	0.0127956	126.077	0.839181	0
7.54362	0.0127746	127.129	0.843957	0
7.55842	0.0127073	126.06	0.820419	0
7.56304	0.0129405	126.077	0.830311	0
7.55461	0.0128957	126.711	0.849756	0
7.57157	0.0132064	125.993	0.836793	0
7.5892	0.0132616	126.043	0.851461	0
7.56733	0.0127928	127.713	0.829288	0
7.553	0.0126891	124.925	0.837475	0
7.55515	0.0127438	126.544	0.829288	0
7.55501	0.0123086	126.644	0.823148	0
7.55113	0.0124455	126.895	0.841228	0
7.56736	0.012763	126.394	0.83304	0
7.56647	0.0125833	126.728	0.864766	0
7.54683	0.012777	125.793	0.825194	0
7.56853	0.01257	128.063	0.870224	0
7.58147	0.0127817	126.978	0.860672	0
7.55501	0.0129959	125.593	0.840886	0
7.56864	0.0128203	126.427	0.827582	0
7.57171	0.0125676	126.962	0.848391	0
7.55335	0.0127572	127.012	0.849415	0
7.55668	0.012685	125.342	0.834405	0
7.54947	0.0128133	125.693	0.829629	0
7.53781	0.0124674	124.341	0.83884	0
7.5518	0.0127718	127.362	0.837134	0
7.55395	0.0123902	125.025	0.850097	0
7.53322	0.0127606	125.659	0.854191	0
7.53278	0.0125394	126.494	0.849074	0
7.5442	0.012381	124.825	0.831676	0
7.56009	0.012618	127.513	0.833382	0
7.55498	0.0124058	127.479	0.831335	0
7.55222	0.0125675	125.559	0.823489	0
7.56803	0.0128933	127.095	0.835428	0
7.56387	0.0126029	126.678	0.831676	0
7.56303	0.012731	126.561	0.837816	0
7.57628	0.0121924	126.077	0.843957	0
7.57185	0.012566	126.294	0.829629	0
7.55987	0.0123848	125.275	0.85692	0
7.56081	0.0128786	126.16	0.818713	0
7.54793	0.0123815	125.96	0.840886	0
7.54456	0.0127048	126.394	0.837475	0
7.56473	0.0125838	126.21	0.833723	0
7.58031	0.012785	127.362	0.824171	0
7.57892	0.0127411	127.596	0.830994	0
7.58145	0.0127957	127.563	0.825536	0
7.57878	0.0126167	127.663	0.84498	0
7.57316	0.0129829	126.661	0.829288	0
7.56731	0.0126723	125.609	0.818372	0
7.55209	0.0126179	126.277	0.851461	0
7.55295	0.0130083	125.075	0.812914	0
7.56304	0.0129739	127.529	0.823489	0
7.56506	0.0128285	126.344	0.860672	0
7.55962	0.0124962	125.576	0.831676	0
7.55466	0.0128	126.895	0.831676	0
7.55008	0.0124918	126.828	0.849415	0
7.55417	0.0128789	125.91	0.821101	0
7.56295	0.0122437	127.563	0.838157	0
7.56152	0.0124588	126.093	0.831676	0
7.54726	0.0130173	126.344	0.843957	0
7.55288	0.0127055	125.793	0.849756	0
7.5419	0.0125233	126.928	0.829629	0
7.52737	0.0122779	127.062	0.848732	0
7.54414	0.012577	126.277	0.830994	0
7.56972	0.0128938	126.728	0.839522	0
7.57599	0.0127129	125.242	0.847368	0
7.57009	0.0128251	127.179	0.837816	0
7.57199	0.0125443	126.477	0.834746	0
7.57643	0.0128376	126.828	0.827582	0
7.57669	0.0131242	127.629	0.840545	0
7.59069	0.0129619	126.093	0.835769	0
7.58591	0.0125945	126.544	0.854873	0
7.56641	0.0128837	125.442	0.839863	0
7.5561	0.0126852	127.329	0.838157	0
7.56081	0.0124216	126.711	0.829288	0
7.54758	0.0125637	125.292	0.828947	0
7.53431	0.0124906	126.845	0.847709	0
7.55229	0.0125615	125.576	0.807797	0
7.54287	0.012745	126.26	0.836452	0
7.5337	0.0123405	125.943	0.828265	0
7.56343	0.0125176	126.845	0.839181	0
7.55886	0.0126338	127.212	0.849074	0
7.53566	0.0124018	126.427	0.828265	0
7.56806	0.0123325	126.444	0.837134	0
7.581	0.0126725	125.376	0.835087	0
7.54662	0.0130033	125.71	0.838157	0
7.55066	0.0127388	126.628	0.828606	0
7.58398	0.0126056	126.511	0.853849	0
7.57842	0.0127475	126.878	0.826559	0
7.55387	0.0126183	126.511	0.814278	0
7.56799	0.0128722	125.459	0.831335	0
7.56024	0.012503	126.093	0.845321	0
7.55267	0.012764	125.008	0.850779	0
7.56582	0.0123601	126.694	0.840545	0
7.55846	0.0124382	127.663	0.830653	0
7.54787	0.0128348	125.426	0.83884	0
7.55605	0.0124674	125.659	0.825536	0
7.5771	0.0127941	125.242	0.839522	0
7.56879	0.0128173	126.093	0.82997	0
7.55468	0.0125251	125.459	0.83304	0
7.54498	0.0126429	126.244	0.821783	0
7.54758	0.012729	125.693	0.833382	0
7.55612	0.0126367	126.861	0.847709	0
7.53942	0.0129495	126.227	0.827923	0
7.55971	0.0126036	125.058	0.844639	0
7.58115	0.0125245	125.91	0.818372	0
7.56188	0.012727	128.28	0.842933	0
7.55822	0.0123468	126.427	0.837475	0
7.56832	0.0127861	126.093	0.839863	0
7.56441	0.0126865	125.142	0.86306	0
7.5672	0.0129022	127.229	0.828947	0
7.57333	0.0129929	125.543	0.857943	0
7.57034	0.0130342	126.444	0.849415	0
7.56795	0.0130597	126.761	0.850779	0
7.57021	0.0127548	126.043	0.852826	0
7.5667	0.0129033	126.795	0.850438	0
7.55779	0.0130038	125.643	0.853167	0
7.56426	0.0125231	126.945	0.831676	0
7.55858	0.0127163	125.943	0.832699	0
7.54551	0.0127948	126.661	0.855896	0
7.55926	0.0127318	125.86	0.846686	0
7.56662	0.0126833	126.578	0.833382	0
7.57516	0.0125628	126.294	0.832358	0
7.5828	0.0127189	126.16	0.848391	0
7.57554	0.0131451	125.693	0.834405	0
7.55801	0.01276	125.71	0.846345	0
7.54478	0.0122611	127.179	0.836793	0
7.56459	0.0125617	125.426	0.842251	0
7.57405	0.0126589	126.578	0.837134	0
7.55755	0.0127152	126.244	0.848732	0
7.54646	0.0125148	125.876	0.850438	0
0	0	0	0	0
0	0	0	0	0
0	0	0	0	0
0	0	0	0	0
0	0	0	0	0
0	0	0	0	0
0	0	0	0	0
0	0	0	0	0
0	0	0	0	0
0	0	0	0	0
0	0	0	0	0
0	0	0	0	0
0	0	0	0	0
0	0	0	0	0
0	0	0	0	0
0	0	0	0	0
0	0	0	0	0
0	0	0	0	0
0	0	0	0	0
0	0	0	0	0
0	0	0	0	0
0	0	0	0	0
0	0	0	0	0
0	0	0	0	0
0	0	0	0	0
0	0	0	0	0
0	0	0	0	0
0	0	0	0	0
0	0	0	0	0
0	0	0	0	0
0	0	0	0	0
0	0	0	0	0
0	0	0	0	0
0	0	0	0	0
0	0	0	0	0
0	0	0	0	0
0	0	0	0	0
0	0	0	0	0
0	0	0	0	0
0	0	0	0	0
0	0	0	0	0
0	0	0	0	0
0	0	0	0	0
0	0	0	0	0
0	0	0	0	0
0	0	0	0	0
0	0	0	0	0
0	0	0	0	0
0	0	0	0	0
0	0	0	0	0
0	0	0	0	0
0	0	0	0	0
0	0	0	0	0
0	0	0	0	0
0	0	0	0	0
0	0	0	0	0
0	0	0	0	0
0	0	0	0	0
0	0	0	0	0
0	0	0	0	0
0	0	0	0	0
0	0	0	0	0
0	0	0	0	0
0	0	0	0	0
0	0	0	0	0
0	0	0	0	0
0	0	0	0	0
0	0	0	0	0
0	0	0	0	0
0	0	0	0	0
0	0	0	0	0
0	0	0	0	0
0	0	0	0	0
0	0	0	0	0
0	0	0	0	0
0	0	0	0	0
0	0	0	0	0
0	0	0	0	0
0	0	0	0	0
0	0	0	0	0
0	0	0	0	0
0	0	0	0	0
0	0	0	0	0
0	0	0	0	0
0	0	0	0	0
0	0	0	0	0
0	0	0	0	0
0	0	0	0	0
0	0	0	0	0
0	0	0	0	0
0	0	0	0	0
0	0	0	0	0
0	0	0	0	0
0	0	0	0	0
0	0	0	0	0
0	0	0	0	0
0	0	0	0	0
0	0	0	0	0
0	0	0	0	0
0	0	0	0	0
0	0	0	0	0
0	0	0	0	0
0	0	0	0	0
0	0	0	0	0
0	0	0	0	0
0	0	0	0	0
0	0	0	0	0
0	0	0	0	0
0	0	0	0	0
0	0	0	0	0
0	0	0	0	0
0	0	0	0	0
0	0	0	0	0
0	0	0	0	0
0	0	0	0	0
0	0	0	0	0
0	0	0	0	0
0	0	0	0	0
0	0	0	0	0
0	0	0	0	0
0	0	0	0	0
0	0	0	0	0
0	0	0	0	0
0	0	0	0	0
0	0	0	0	0
0	0	0	0	0
0	0	0	0	0
0	0	0	0	0
0	0	0	0	0
0	0	0	0	0
0	0	0	0	0
0	0	0	0	0
0	0	0	0	0
0	0	0	0	0
0	0	0	0	0
0	0	0	0	0
0	0	0	0	0
0	0	0	0	0
0	0	0	0	0
0	0	0	0	0
0	0	0	0	0
0	0	0	0	0
0	0	0	0	0
0	0	0	0	0
0	0	0	0	0
0	0	0	0	0
0	0	0	0	0
0	0	0	0	0
0	0	0	0	0
0	0	0	0	0
0	0	0	0	0
0	0	0	0	0
0	0	0	0	0
0	0	0	0	0
0	0	0	0	0
0	0	0	0	0
0	0	0	0	0
0	0	0	0	0
0	0	0	0	0
0	0	0	0	0
0	0	0	0	0
0	0	0	0	0
0	0	0	0	0
0	0	0	0	0
0	0	0	0	0
0	0	0	0	0
0	0	0	0	0
0	0	0	0	0
0	0	0	0	0
0	0	0	0	0
0	0	0	0	0
0	0	0	0	0
0	0	0	0	0
0	0	0	0	0
0	0	0	0	0
0	0	0	0	0
0	0	0	0	0
0	0	0	0	0
0	0	0	0	0
0	0	0	0	0
0	0	0	0	0
0	0	0	0	0
0	0	0	0	0
0	0	0	0	0
0	0	0	0	0
0	0	0	0	0
0	0	0	0	0
0	0	0	0	0
0	0	0	0	0
0	0	0	0	0
0	0	0	0	0
0	0	0	0	0
0	0	0	0	0
0	0	0	0	0
0	0	0	0	0
0	0	0	0	0
0	0	0	0	0
0	0	0	0	0
0	0	0	0	0
0	0	0	0	0
0	0	0	0	0
0	0	0	0	0
0	0	0	0	0
0	0	0	0	0
0	0	0	0	0
0	0	0	0	0
0	0	0	0	0
0	0	0	0	0
0	0	0	0	0
0	0	0	0	0
0	0	0	0	0
0	0	0	0	0
0	0	0	0	0
0	0	0	0	0
0	0	0	0	0
0	0	0	0	0
0	0	0	0	0
0	0	0	0	0
0	0	0	0	0
0	0	0	0	0
0	0	0	0	0
0	0	0	0	0
0	0	0	0	0
0	0	0	0	0
0	0	0	0	0
0	0	0	0	0
0	0	0	0	0
0	0	0	0	0
0	0	0	0	0
0	0	0	0	0
0	0	0	0	0
0	0	0	0	0
0	0	0	0	0
0	0	0	0	0
0	0	0	0	0
0	0	0	0	0
0	0	0	0	0
0	0	0	0	0
0	0	0	0	0
0	0	0	0	0
0	0	0	0	0
0	0	0	0	0
0	0	0	0	0
0	0	0	0	0
0	0	0	0	0
0	0	0	0	0
0	0	0	0	0
0	0	0	0	0
0	0	0	0	0
0	0	0	0	0
0	0	0	0	0
0	0	0	0	0
0	0	0	0	0
0	0	0	0	0
0	0	0	0	0
0	0	0	0	0
0	0	0	0	0
0	0	0	0	0
0	0	0	0	0
0	0	0	0	0
0	0	0	0	0
0	0	0	0	0
0	0	0	0	0
0	0	0	0	0
0	0	0	0	0
0	0	0	0	0
0	0	0	0	0
0	0	0	0	0
0	0	0	0	0
0	0	0	0	0
0	0	0	0	0
0	0	0	0	0
0	0	0	0	0
0	0	0	0	0
0	0	0	0	0
0	0	0	0	0
0	0	0	0	0
0	0	0	0	0
0	0	0	0	0
0	0	0	0	0
0	0	0	0	0
0	0	0	0	0
0	0	0	0	0
0	0	0	0	0
0	0	0	0	0
0	0	0	0	0
0	0	0	0	0
0	0	0	0	0
0	0	0	0	0
0	0	0	0	0
0	0	0	0	0
0	0	0	0	0
0	0	0	0	0
0	0	0	0	0
0	0	0	0	0
0	0	0	0	0
0	0	0	0	0
0	0	0	0	0
0	0	0	0	0
0	0	0	0	0
0	0	0	0	0
0	0	0	0	0
0	0	0	0	0
0	0	0	0	0
0	0	0	0	0
0	0	0	0	0
0	0	0	0	0
0	0	0	0	0
0	0	0	0	0
0	0	0	0	0
0	0	0	0	0
0	0	0	0	0
0	0	0	0	0
0	0	0	0	0
0	0	0	0	0
0	0	0	0	0
0	0	0	0	0
0	0	0	0	0
0	0	0	0	0
0	0	0	0	0
0	0	0	0	0
0	0	0	0	0
0	0	0	0	0
0	0	0	0	0
0	0	0	0	0
0	0	0	0	0
0	0	0	0	0
0	0	0	0	0
0	0	0	0	0
0	0	0	0	0
0	0	0	0	0
0	0	0	0	0
0	0	0	0	0
0	0	0	0	0
0	0	0	0	0
0	0	0	0	0
0	0	0	0	0
0	0	0	0	0
0	0	0	0	0
0	0	0	0	0
0	0	0	0	0
0	0	0	0	0
0	0	0	0	0
0	0	0	0	0
0	0	0	0	0
0	0	0	0	0
0	0	0	0	0
0	0	0	0	0
0	0	0	0	0
0	0	0	0	0
0	0	0	0	0
0	0	0	0	0
0	0	0	0	0
0	0	0	0	0
0	0	0	0	0
0	0	0	0	0
0	0	0	0	0
0	0	0	0	0
0	0	0	0	0
0	0	0	0	0
0	0	0	0	0
0	0	0	0	0
0	0	0	0	0
0	0	0	0	0
0	0	0	0	0
0	0	0	0	0
0	0	0	0	0
0	0	0	0	0
0	0	0	0	0
0	0	0	0	0
0	0	0	0	0
0	0	0	0	0
0	0	0	0	0
0	0	0	0	0
0	0	0	0	0
0	0	0	0	0
0	0	0	0	0
0	0	0	0	0
0	0	0	0	0
0	0	0	0	0
0	0	0	0	0
0	0	0	0	0
0	0	0	0	0
0	0	0	0	0
0	0	0	0	0
0	0	0	0	0
0	0	0	0	0
0	0	0	0	0
0	0	0	0	0
0	0	0	0	0
0	0	0	0	0
0	0	0	0	0
0	0	0	0	0
0	0	0	0	0
0	0	0	0	0
0	0	0	0	0
0	0	0	0	0
0	0	0	0	0
0	0	0	0	0
0	0	0	0	0
