a2610517.350048
Narit-cm 05/01/2026 17:05:02 05/01/2026 17:35:00 0045 0013.384714 0052.542598 00.0 00.0
0002401 0010 0000000 0010 05 0000000 0010 0000000 0010
1 0 1 01600 1 0000 3.75 00000.o 0 0 01 000 16 002401 0.500 BT0
1 2 1 02000 1 0000 3.75 00000.o 0 0 01 000 16 002401 0.500 S2A0
1 1 1 01600 1 0000 3.75 00000.o 0 0 00 000 00 002401 3.1746 BC0
1 3 1 02000 1 0000 3.75 00000.o 0 0 00 000 00 002401 3.1746 S2P0
1 5 0 01600 0 0000 1.00 00000.o 0 0 00 000 00 000000 0.000 OF0
0.000 .o Analog 0 	0.000 .o Analog StErr 0 	0.000 .o Photon Counting 0 	0.000 .o PC StErr 0 	0.000 .o Overflow Info 0 
26.2592	0.130234	184.307	0.878048	0
54.3491	0.305308	194.286	0.867506	0
234.748	2.20376	116.401	1.30891	0
470.829	0.193267	1.3661	0.159151	0
473.457	1.42048E-5	0	0	0
473.457	0	0.0333195	0.0234645	0
473.457	0	24.8563	0.692373	0
473.457	6.3565E-6	27.2886	0.750184	0
473.457	6.3565E-6	4.11495	0.303338	0
473.457	0	12.778	0.488674	0
473.457	9.01586E-6	43.7318	0.794392	0
473.457	6.3565E-6	104.573	1.02258	0
473.457	0	156.868	1.03652	0
473.457	0	142.541	1.07121	0
473.457	6.3565E-6	109.171	0.98959	0
473.457	0	109.838	0.94096	0
473.457	0	121.999	0.951843	0
473.457	0	134.561	0.933819	0
473.457	6.3565E-6	132.195	0.955923	0
473.457	0	124.315	0.932799	0
473.457	0	131.645	0.9362	0
473.457	0	146.139	0.918856	0
473.457	0	165.165	0.923617	0
473.457	0	180.941	0.900153	0
473.457	0	191.07	0.914435	0
473.457	0	196.235	0.88417	0
473.457	0	201.766	0.882469	0
473.457	0	203.932	0.88451	0
473.457	6.3565E-6	203.449	0.896072	0
473.457	0	202.199	0.890631	0
473.457	0	203.565	0.911375	0
473.457	9.01586E-6	200.133	0.883149	0
474.54	0.0933812	202.182	0.881109	1
481.349	0.237318	199.9	0.892671	1
491.608	0.239715	199.517	0.88757	1
499.664	0.0546302	202.366	0.883149	1
500	0	202.166	0.890291	1
500	0	201.1	0.880089	1
499.855	0.0256735	201.649	0.861725	1
494.901	0.234385	201.133	0.880429	1
479.341	0.570148	200.4	0.894372	1
450.071	0.836059	201.216	0.854584	1
410.594	0.862088	202.416	0.883489	0
371.912	0.861509	200.466	0.874988	0
334.339	0.876967	200.683	0.891991	1
298.153	0.878774	201.016	0.872267	0
263.475	0.886315	201.383	0.88757	0
230.201	0.888246	200.367	0.859345	0
198.487	0.866603	200.233	0.877368	0
168.511	0.826883	203.349	0.862745	0
140.886	0.769559	200.283	0.880089	0
116.168	0.696719	200.45	0.891651	0
94.4616	0.613894	200.083	0.879409	0
75.7709	0.528165	200.1	0.855264	0
60.2874	0.44197	197.784	0.851183	0
47.8124	0.362054	197.918	0.874648	0
37.6564	0.288974	196.018	0.862405	0
29.6084	0.226393	193.953	0.873628	0
23.5569	0.174798	192.037	0.862405	0
19.0375	0.131973	191.42	0.876008	0
15.5986	0.0995173	190.87	0.844382	0
13.095	0.0775244	189.038	0.828739	0
11.2592	0.0592495	186.889	0.839621	0
9.8714	0.0454216	185.823	0.866826	0
8.85858	0.0373943	183.157	0.839281	0
8.09319	0.0314249	180.741	0.857644	0
7.54013	0.0264494	177.609	0.843362	0
7.15501	0.0234632	176.127	0.849483	0
6.89034	0.0226623	174.027	0.872267	0
6.6962	0.0215002	173.511	0.860705	0
6.512	0.0211175	169.679	0.837241	0
6.36098	0.020985	167.947	0.849823	0
6.3013	0.0209919	167.697	0.850163	0
6.31725	0.0210441	166.547	0.819897	0
6.29679	0.0210195	165.148	0.867506	0
6.24916	0.0212746	164.048	0.839281	0
6.26549	0.0209276	162.815	0.83418	0
6.30664	0.0203258	162.932	0.863086	0
6.33791	0.0200087	160.933	0.845402	0
6.39856	0.0198043	159.967	0.815816	0
6.45128	0.0197992	158.9	0.855944	0
6.48778	0.0200153	157.951	0.83622	0
6.53426	0.0196733	158.334	0.842682	0
6.58253	0.0193144	156.801	0.849143	0
6.65911	0.0193404	156.451	0.822958	0
6.74913	0.0193391	156.535	0.841661	0
6.78531	0.0193888	155.585	0.843702	0
6.83137	0.0194191	154.002	0.848123	0
6.89183	0.0189508	153.453	0.848803	0
6.92725	0.0192602	154.752	0.863426	0
6.95978	0.0188633	151.72	0.83656	0
6.99798	0.0183636	151.803	0.818197	0
7.03804	0.017958	151.82	0.837241	0
7.08007	0.0183665	150.671	0.839961	0
7.14893	0.0181638	151.387	0.822958	0
7.20818	0.0182478	151.487	0.852543	0
7.21639	0.0178127	151.304	0.843022	0
7.24124	0.0173983	150.954	0.841321	0
7.29328	0.0176447	149.371	0.846422	0
7.33574	0.0172662	149.005	0.838941	0
7.38655	0.0170431	149.588	0.848123	0
7.41789	0.0170753	149.238	0.840981	0
7.43877	0.0164878	149.138	0.843022	0
7.48014	0.0170601	147.855	0.841321	0
7.51997	0.016798	148.905	0.83622	0
7.56048	0.0167931	148.971	0.830779	0
7.57601	0.0170467	148.172	0.827719	0
7.59384	0.01698	147.688	0.866486	0
7.64647	0.0168902	147.239	0.861045	0
7.66521	0.0170199	146.122	0.844382	0
7.6743	0.0166158	145.773	0.844722	0
7.70583	0.0167346	146.406	0.8369	0
7.73461	0.016784	145.706	0.822958	0
7.74415	0.0173007	144.856	0.8369	0
7.74782	0.0167492	146.472	0.839961	0
7.80198	0.016476	143.973	0.822958	0
7.83451	0.0163772	144.257	0.846422	0
7.81848	0.016478	146.656	0.842342	0
7.8174	0.016182	143.89	0.843362	0
7.86185	0.0161008	144.506	0.842001	0
7.88501	0.0161869	142.607	0.837921	0
7.87573	0.0159651	144.34	0.842001	0
7.90841	0.015842	143.89	0.851523	0
7.93535	0.0157161	143.69	0.841661	0
7.95083	0.0158802	145.573	0.8335	0
7.97686	0.0162487	143.957	0.827719	0
7.96548	0.0159478	142.957	0.870227	0
7.95955	0.0161567	142.94	0.813436	0
7.99896	0.0154677	142.091	0.830779	0
8.0085	0.0160699	141.991	0.828399	0
8.01873	0.0154766	142.774	0.83316	0
8.05552	0.0156448	142.324	0.83282	0
8.04667	0.0158292	142.024	0.846762	0
8.03248	0.015407	140.525	0.843362	0
8.06769	0.0154222	143.69	0.827719	0
8.09	0.0155507	141.341	0.849143	0
8.08082	0.0157844	141.574	0.863426	0
8.08218	0.0159138	140.608	0.819557	0
8.07512	0.0152328	141.108	0.838941	0
8.06922	0.0152844	141.058	0.840641	0
8.08248	0.0153478	142.007	0.821257	0
8.06691	0.0151387	139.842	0.821938	0
8.03503	0.015108	139.658	0.846082	0
8.02908	0.0145258	141.374	0.823298	0
8.04219	0.0144378	140.258	0.842342	0
8.03873	0.0147987	138.192	0.827719	0
8.03335	0.0150052	139.559	0.865466	0
8.04739	0.014598	139.242	0.843362	0
8.04496	0.0144094	138.726	0.844382	0
8.04803	0.0152559	139.858	0.850843	0
8.0627	0.0147533	138.026	0.83622	0
8.04769	0.0146835	138.276	0.854584	0
8.02171	0.0144264	137.01	0.838601	0
8.0082	0.0142305	137.426	0.841661	0
7.99317	0.0144356	137.01	0.824998	0
7.98749	0.0141596	138.809	0.856964	0
8.00205	0.014152	137.309	0.841661	0
7.99707	0.0141949	138.376	0.829079	0
7.97203	0.0143453	136.21	0.850843	0
7.96684	0.0138851	136.826	0.816497	0
7.95303	0.014037	136.343	0.839281	0
7.94354	0.0139619	136.71	0.839621	0
7.94938	0.014092	136.476	0.844722	0
7.92062	0.0141787	137.426	0.847443	0
7.89643	0.0141158	135.743	0.843022	0
7.89151	0.013527	136.277	0.844042	0
7.89658	0.0136262	134.744	0.856284	0
7.87885	0.0140146	135.094	0.831119	0
7.83782	0.0139391	132.995	0.815476	0
7.82081	0.0133101	135.977	0.842682	0
7.83142	0.0137224	134.81	0.847102	0
7.80866	0.0136141	133.728	0.844382	0
7.77037	0.013477	132.478	0.8352	0
7.76771	0.0136502	133.078	0.83486	0
7.77583	0.0136503	134.144	0.841661	0
7.75567	0.0134103	131.145	0.865126	0
7.7144	0.0133743	131.129	0.871247	0
7.71201	0.013361	132.628	0.8335	0
7.68927	0.0133806	130.546	0.839961	0
7.65741	0.0133651	130.796	0.83554	0
7.64476	0.0130037	132.145	0.837581	0
7.62259	0.0131122	131.329	0.827039	0
7.60582	0.0132739	129.579	0.83384	0
7.5861	0.0133267	131.878	0.851183	0
7.57074	0.0133973	130.096	0.854924	0
7.5569	0.0132054	129.929	0.826018	0
7.54649	0.0134744	128.746	0.8369	0
7.5272	0.0131916	127.713	0.806975	0
7.50962	0.0131733	129.03	0.838941	0
7.51502	0.0133407	129.296	0.842001	0
7.48172	0.0127266	127.414	0.839621	0
7.44196	0.0127787	127.847	0.846082	0
7.42889	0.0131066	128.48	0.849143	0
7.40423	0.0126192	127.08	0.865126	0
7.38192	0.0130009	128.197	0.83656	0
7.35629	0.0127692	127.58	0.851183	0
7.32247	0.0130045	127.197	0.854924	0
7.32417	0.0129802	124.981	0.850503	0
7.32906	0.0132943	126.064	0.83214	0
7.31988	0.0131162	126.714	0.847102	0
7.30582	0.0129555	126.447	0.854924	0
7.26927	0.0128197	124.015	0.839281	0
7.23011	0.012699	124.448	0.83656	0
7.21966	0.0128471	123.032	0.823978	0
7.20903	0.0127194	125.314	0.854924	0
7.17578	0.0129341	123.615	0.840641	0
7.15533	0.0125098	122.349	0.846082	0
7.14698	0.0127409	120.466	0.842342	0
7.1243	0.0123954	124.082	0.845062	0
7.10425	0.0125685	122.199	0.865126	0
7.09062	0.0127661	121.516	0.837921	0
7.07596	0.0125955	121.066	0.829079	0
7.06497	0.0125204	120.433	0.839961	0
7.04937	0.0124496	120.95	0.828399	0
7.02623	0.0125686	121.016	0.848803	0
6.99293	0.0124861	119.8	0.860365	0
6.98589	0.0124724	121.683	0.83622	0
6.99117	0.0126286	119.067	0.83452	0
6.96493	0.0122983	119.467	0.83622	0
6.95249	0.0123471	121.083	0.854244	0
6.92716	0.0124134	118.8	0.823978	0
6.87962	0.0122925	117.801	0.850503	0
6.8702	0.0120617	117.268	0.8318	0
6.86037	0.0122053	115.569	0.83452	0
6.84857	0.0122035	118.317	0.812756	0
6.855	0.0123355	115.702	0.821598	0
6.835	0.0122347	117.484	0.861045	0
6.80389	0.0123081	116.651	0.862745	0
6.78556	0.0118656	115.535	0.850163	0
6.77799	0.0121743	115.585	0.850503	0
6.76665	0.0119608	117.318	0.83554	0
6.75177	0.0118802	116.252	0.840981	0
6.72237	0.0120008	115.169	0.83282	0
6.70939	0.0119289	115.918	0.83588	0
6.71756	0.0118102	115.952	0.851523	0
6.69614	0.011894	116.135	0.83622	0
6.66333	0.0118409	113.736	0.860025	0
6.64481	0.011832	112.47	0.841321	0
6.6327	0.0117453	112.403	0.845402	0
6.63376	0.0118599	113.619	0.848463	0
6.61879	0.0117914	112.52	0.831459	0
6.58478	0.0115513	114.136	0.83214	0
6.5804	0.0118483	112.12	0.83486	0
6.57087	0.0117611	112.087	0.822618	0
6.55219	0.0115816	111.154	0.845742	0
6.54296	0.0115371	113.07	0.858665	0
6.53404	0.0115614	111.77	0.852884	0
6.52622	0.0117585	111.42	0.851863	0
6.50989	0.0115262	109.671	0.83622	0
6.48607	0.011572	110.754	0.819557	0
6.47928	0.0115796	109.521	0.842001	0
6.46054	0.0111334	110.054	0.831119	0
6.42334	0.0110866	108.372	0.844042	0
6.42136	0.0113143	110.021	0.843362	0
6.41798	0.0111201	108.088	0.837581	0
6.41347	0.0111569	109.821	0.858665	0
6.41371	0.0111892	107.605	0.837581	0
6.40389	0.0111941	109.438	0.848463	0
6.38747	0.0112537	107.705	0.854244	0
6.36835	0.0109025	108.338	0.862745	0
6.3593	0.0110371	109.254	0.838261	0
6.3487	0.0111694	107.255	0.840301	0
6.33297	0.011032	106.539	0.83384	0
6.30937	0.0109073	106.922	0.845402	0
6.30069	0.0106206	107.155	0.868186	0
6.30912	0.0107932	107.022	0.855264	0
6.30217	0.0109879	105.789	0.843362	0
6.27918	0.0106002	105.056	0.823978	0
6.26645	0.0107177	103.69	0.856624	0
6.26444	0.0108488	106.972	0.846422	0
6.2537	0.0106843	104.956	0.8352	0
6.238	0.0107125	106.256	0.855944	0
6.22753	0.0105899	103.957	0.829079	0
6.20873	0.010357	103.524	0.852543	0
6.19321	0.0104653	103.873	0.817517	0
6.18931	0.0105667	105.023	0.860365	0
6.17898	0.0103501	102.907	0.848463	0
6.16164	0.0104126	102.957	0.865466	0
6.13972	0.0104177	101.025	0.845062	0
6.14046	0.0102449	104.157	0.842001	0
6.15829	0.0103127	103.457	0.821257	0
6.1441	0.0101759	103.64	0.847102	0
6.12525	0.0103302	103.457	0.821938	0
6.12108	0.0102355	104.823	0.825678	0
6.10622	0.0103464	102.341	0.812756	0
6.09623	0.0103283	101.441	0.844382	0
6.09681	0.010487	101.208	0.83588	0
6.08431	0.0103186	100.925	0.843362	0
6.05968	0.0101527	102.024	0.844722	0
6.06408	0.0100407	101.691	0.840301	0
6.07146	0.0103283	102.241	0.847783	0
6.06619	0.010214	101.541	0.863086	0
6.03998	0.00998646	99.3086	0.844042	0
6.0041	0.00995844	99.5085	0.839621	0
6.0142	0.00984863	101.175	0.840981	0
6.02571	0.00999898	99.4086	0.823638	0
6.0077	0.00988326	100.691	0.839281	0
5.99391	0.0100976	99.8584	0.845402	0
5.99411	0.0098328	99.7918	0.8352	0
5.99307	0.0098005	99.0754	0.824998	0
5.98271	0.00981055	99.3419	0.8352	0
5.972	0.0098005	99.7584	0.829079	0
5.95735	0.0097213	97.676	0.830779	0
5.94095	0.00946821	98.3757	0.83384	0
5.94837	0.00978033	99.2253	0.826358	0
5.95323	0.0098016	97.8259	0.812756	0
5.9306	0.00990097	98.1924	0.857985	0
5.92766	0.00982216	97.3761	0.831119	0
5.92624	0.00979894	99.6751	0.842001	0
5.9042	0.00965592	98.1424	0.8335	0
5.90615	0.00970911	98.0425	0.821598	0
5.91327	0.00966636	98.309	0.83486	0
5.90347	0.00937461	97.9092	0.849823	0
5.90645	0.00965722	97.6593	0.829079	0
5.89855	0.00961389	96.9096	0.809015	0
5.87359	0.00941204	96.2766	0.83384	0
5.8709	0.00946315	98.1258	0.839621	0
5.85599	0.00950103	96.3432	0.823638	0
5.83775	0.00916777	96.793	0.827719	0
5.84827	0.00959754	95.4269	0.824658	0
5.84127	0.00949422	96.3932	0.828739	0
5.83315	0.00948144	96.4765	0.831459	0
5.84637	0.00944161	95.9267	0.839961	0
5.84365	0.00930638	96.5764	0.829419	0
5.82234	0.00929782	95.5602	0.820577	0
5.82278	0.00929645	95.0604	0.800854	0
5.8247	0.00931001	96.11	0.840981	0
5.80134	0.00922887	93.711	0.851523	0
5.79088	0.00931221	95.5435	0.802554	0
5.80809	0.00918424	96.1433	0.846762	0
5.81401	0.00923496	96.0766	0.827379	0
5.80101	0.00932434	95.7768	0.799833	0
5.79265	0.00939868	94.9271	0.821598	0
5.77788	0.00939251	93.0945	0.823298	0
5.76463	0.00930566	94.9604	0.849823	0
5.77002	0.00945543	93.2945	0.827719	0
5.76924	0.00908773	95.1603	0.820237	0
5.7795	0.00930093	95.7934	0.816837	0
5.76895	0.00900379	93.6776	0.838261	0
5.75129	0.00933005	94.6106	0.831459	0
5.76204	0.0091618	93.7276	0.83486	0
5.75332	0.00922465	93.3778	0.845742	0
5.73187	0.00923003	93.8942	0.829759	0
5.72633	0.00902072	92.6114	0.8318	0
5.72125	0.00890741	93.1112	0.825678	0
5.73052	0.00920766	92.6614	0.842682	0
5.73209	0.00914344	94.0775	0.844042	0
5.73326	0.00927414	94.4773	0.829419	0
5.72349	0.00898096	92.6781	0.840301	0
5.72216	0.00911062	93.4111	0.840301	0
5.72095	0.00896124	93.4777	0.823978	0
5.70349	0.00898745	93.4944	0.801874	0
5.70153	0.0089399	92.3115	0.828399	0
5.69703	0.00933569	92.6281	0.838941	0
5.6947	0.00913164	93.7443	0.817177	0
5.69743	0.00897396	92.7114	0.841321	0
5.68417	0.00909032	91.6785	0.826018	0
5.67039	0.00893517	93.7943	0.83316	0
5.66671	0.00886402	93.3278	0.808335	0
5.66072	0.00870822	91.7118	0.839281	0
5.65604	0.00864095	92.6947	0.854244	0
5.65735	0.0088587	90.6456	0.818197	0
5.64433	0.00876594	90.9121	0.819557	0
5.63803	0.00888613	91.0954	0.838941	0
5.63187	0.00875174	90.3124	0.812416	0
5.60951	0.0088009	89.9625	0.817857	0
5.62013	0.00870205	90.2291	0.831119	0
5.64059	0.00876114	90.5956	0.83486	0
5.62266	0.0090815	91.2453	0.840301	0
5.6028	0.00876406	89.6127	0.8352	0
5.60435	0.00878677	89.696	0.828739	0
5.60507	0.00893796	88.913	0.806975	0
5.60077	0.00868876	90.379	0.837581	0
5.59698	0.00867896	90.5956	0.831119	0
5.58937	0.00864627	89.546	0.825338	0
5.58344	0.00858608	90.5289	0.824998	0
5.59496	0.00876218	91.262	0.83316	0
5.59138	0.0087795	90.329	0.83622	0
5.57689	0.00866443	89.5294	0.823298	0
5.58168	0.00864835	89.6293	0.808675	0
5.57654	0.00879468	89.596	0.826358	0
5.57853	0.0087843	90.1291	0.819897	0
5.58386	0.00896313	90.0458	0.83384	0
5.56573	0.00869226	88.4631	0.839621	0
5.54512	0.00871587	88.6297	0.824998	0
5.54699	0.00860256	89.0629	0.811056	0
5.5443	0.00852109	88.913	0.83554	0
5.54014	0.00832676	90.1624	0.8335	0
5.54796	0.00859166	90.6456	0.837581	0
5.54361	0.00841556	88.4132	0.8352	0
5.53778	0.0085685	88.6964	0.815816	0
5.54724	0.00857758	89.3794	0.830779	0
5.54368	0.00867617	88.08	0.821938	0
5.53479	0.00876387	89.9125	0.850843	0
5.5465	0.00877833	89.3628	0.823638	0
5.55255	0.00874551	89.7459	0.844382	0
5.53654	0.00859704	87.7634	0.822278	0
5.5349	0.00881472	89.4627	0.831119	0
5.53252	0.00854087	88.4631	0.837241	0
5.52494	0.00859652	88.5631	0.83214	0
5.53549	0.00851778	89.546	0.800854	0
5.5245	0.00865114	87.6968	0.807315	0
5.51725	0.00874311	89.4461	0.810715	0
5.52449	0.00848379	89.4294	0.828739	0
5.52205	0.00862026	88.08	0.827039	0
5.52432	0.00855073	88.1966	0.83588	0
5.52666	0.00834285	88.0133	0.808675	0
5.51386	0.00837457	86.6139	0.805955	0
5.51886	0.00835653	90.6122	0.826018	0
5.53675	0.00849404	88.3132	0.819217	0
5.52633	0.00871295	88.763	0.821938	0
5.50578	0.00840375	87.7634	0.817857	0
5.50884	0.00850734	88.763	0.820237	0
5.52421	0.00856305	88.8796	0.821598	0
5.52483	0.00846615	88.1133	0.819897	0
5.52075	0.00864731	88.9963	0.830439	0
5.52916	0.00865626	90.2791	0.83622	0
5.52233	0.00842808	89.2295	0.820577	0
5.51365	0.00855787	88.2299	0.830779	0
5.52038	0.00868532	89.8292	0.830779	0
5.5104	0.00858556	86.0308	0.794732	0
5.49101	0.00848866	88.9296	0.820237	0
5.50188	0.00869576	88.863	0.822618	0
5.50204	0.00857823	88.5131	0.83418	0
5.49185	0.00869038	87.3303	0.806975	0
5.49652	0.00863525	85.2645	0.83554	0
5.50079	0.0087579	88.3965	0.851183	0
5.48635	0.00825515	87.2636	0.812416	0
5.47855	0.00862454	87.9633	0.83384	0
5.4829	0.00852887	85.9475	0.823978	0
5.48892	0.00832851	88.0633	0.816157	0
5.48004	0.00836218	86.364	0.831459	0
5.47125	0.00854853	87.8467	0.820577	0
5.48673	0.00848431	87.247	0.829759	0
5.48816	0.00832598	86.5306	0.830099	0
5.47695	0.0086621	88.5131	0.815816	0
5.47477	0.0082833	88.7464	0.822278	0
5.47643	0.00838968	87.3803	0.829079	0
5.4638	0.00835965	87.0137	0.822618	0
5.45921	0.00849067	87.93	0.786571	0
5.46364	0.00836646	86.414	0.810035	0
5.46879	0.00851759	87.2137	0.826699	0
5.47215	0.00863135	87.8301	0.824318	0
5.4659	0.00857188	86.9138	0.822958	0
5.4631	0.00839162	86.2474	0.8352	0
5.45841	0.00858018	87.1803	0.8352	0
5.46332	0.00833182	88.0966	0.814796	0
5.47206	0.0085591	87.6302	0.800173	0
5.46051	0.00850202	86.2307	0.826358	0
5.46221	0.00835472	88.2132	0.837241	0
5.47046	0.00845538	86.5973	0.814116	0
5.46646	0.00848023	88.0133	0.830779	0
5.46173	0.00857201	86.8471	0.814116	0
5.44816	0.00845493	85.7976	0.8369	0
5.44236	0.00835446	86.364	0.817857	0
5.45607	0.00831178	86.8805	0.794052	0
5.46883	0.00851344	88.2466	0.826699	0
5.45963	0.00861177	86.2641	0.822958	0
5.43699	0.00851395	85.4477	0.78317	0
5.43531	0.00829128	86.514	0.825678	0
5.4485	0.00836685	88.5131	0.83384	0
5.46071	0.00846991	87.1637	0.83418	0
5.44678	0.00818822	87.1637	0.801874	0
5.42561	0.00843683	85.1812	0.800854	0
5.43772	0.00818432	87.3803	0.829419	0
5.44748	0.0084007	84.848	0.819897	0
5.42899	0.00822383	87.247	0.806975	0
5.43438	0.00856811	86.9804	0.815136	0
5.4305	0.00841004	85.3644	0.838941	0
5.41097	0.00829316	85.5977	0.83282	0
5.42567	0.00848042	86.3973	0.829079	0
5.44151	0.008371	86.9471	0.822278	0
5.43287	0.00855955	86.2141	0.809695	0
5.428	0.00849125	86.9971	0.83554	0
5.4418	0.00851123	86.4473	0.839281	0
5.44105	0.00844546	86.1141	0.829419	0
5.4168	0.00813224	87.3303	0.807315	0
5.42075	0.00849923	86.5973	0.825678	0
5.44414	0.00848944	86.0475	0.803574	0
5.43501	0.00833065	85.581	0.808675	0
5.41547	0.00830458	86.1141	0.826018	0
5.42138	0.00849203	87.1803	0.802894	0
5.41662	0.00821552	84.5814	0.817857	0
5.39993	0.00819587	84.3982	0.830099	0
5.40935	0.00816493	87.3636	0.823638	0
5.4104	0.00843605	84.5648	0.814456	0
5.39768	0.00823375	86.1974	0.839281	0
5.40632	0.00837949	86.2307	0.8369	0
5.41864	0.00837106	86.8305	0.83384	0
5.42063	0.0083507	86.3973	0.818537	0
5.4176	0.00844591	87.147	0.817857	0
5.41954	0.00857175	85.9309	0.821598	0
5.42418	0.00848049	87.7634	0.812756	0
5.41944	0.00824724	86.9804	0.828399	0
5.40785	0.00825989	86.1974	0.818537	0
5.40536	0.00839111	84.9646	0.831119	0
5.41345	0.00825081	87.5968	0.828739	0
5.41944	0.00848924	85.4311	0.83248	0
5.39641	0.00808243	84.4981	0.812756	0
5.38675	0.00810454	85.1978	0.813436	0
5.40355	0.0083147	84.7813	0.816837	0
5.40245	0.00847089	85.0812	0.829759	0
5.39503	0.00830296	84.1483	0.814796	0
5.40337	0.00815157	87.2636	0.821257	0
5.41645	0.00859289	86.464	0.83554	0
5.40378	0.00819632	85.531	0.819557	0
5.39435	0.00837444	84.5481	0.830779	0
5.39867	0.00827085	85.1978	0.83656	0
5.40201	0.00858394	85.2478	0.83248	0
5.39549	0.00851058	85.1645	0.816157	0
5.40144	0.0082728	85.8142	0.826699	0
5.40397	0.00842853	86.7305	0.822958	0
5.38822	0.00846823	85.3145	0.841661	0
5.38665	0.00836724	84.6481	0.823638	0
5.38603	0.00836146	86.9304	0.813776	0
5.38174	0.00838754	83.965	0.793372	0
5.3813	0.00845052	84.8313	0.822278	0
5.38479	0.00822791	83.8151	0.822958	0
5.38979	0.00820904	85.2145	0.810715	0
5.38874	0.00832443	85.5643	0.830439	0
5.37954	0.00829757	85.3311	0.823298	0
5.3845	0.00839999	86.0975	0.800854	0
5.39017	0.00833779	86.1641	0.817517	0
5.3762	0.00812069	85.0312	0.813436	0
5.37404	0.00819782	84.5148	0.812076	0
5.37739	0.00838345	84.0983	0.830779	0
5.37655	0.0081781	85.9808	0.814456	0
5.38369	0.00834019	85.1978	0.817177	0
5.37854	0.00816448	85.1645	0.812416	0
5.37934	0.00818335	85.6976	0.827039	0
5.38056	0.00827487	84.8147	0.822618	0
5.3748	0.00833539	85.1145	0.829079	0
5.38599	0.00836334	86.1141	0.816157	0
5.3853	0.00849359	84.5981	0.815136	0
5.37379	0.00834927	85.681	0.827719	0
5.36962	0.0083937	84.4148	0.800854	0
5.36909	0.00791969	85.3311	0.823978	0
5.36824	0.00821818	85.481	0.810715	0
5.36585	0.00798247	85.4144	0.824658	0
5.36337	0.00828032	84.7314	0.821938	0
5.35551	0.00811589	84.115	0.810035	0
5.35097	0.00816175	83.0654	0.803234	0
5.35922	0.0081323	84.2482	0.807655	0
5.36027	0.00831334	85.1479	0.815136	0
5.37205	0.00833578	86.5639	0.819217	0
5.37129	0.00843709	84.1483	0.83452	0
5.3509	0.00828233	84.6147	0.814796	0
5.35969	0.00816655	84.9313	0.838601	0
5.37062	0.0081984	86.4307	0.822618	0
5.35849	0.00830867	83.4652	0.821598	0
5.37101	0.00836918	85.7309	0.811396	0
5.38311	0.00818465	85.6476	0.828399	0
5.3657	0.00820203	85.1978	0.809695	0
5.35685	0.00820761	85.5977	0.828059	0
5.36798	0.00834881	84.6814	0.816497	0
5.36355	0.0083675	85.581	0.842001	0
5.34879	0.00820969	85.0312	0.827379	0
5.3563	0.0083817	85.9808	0.819897	0
5.36335	0.00817518	85.1978	0.815476	0
5.35154	0.00834317	83.965	0.811056	0
5.35118	0.00806867	85.0146	0.793372	0
5.35255	0.00820845	83.5152	0.803574	0
5.34566	0.00833377	84.4648	0.826358	0
5.35445	0.00822084	84.8813	0.819217	0
5.35892	0.00817764	85.7309	0.838601	0
5.35386	0.00819795	84.9479	0.811396	0
5.34851	0.0080832	83.9817	0.817857	0
5.35163	0.00836535	84.798	0.83656	0
5.36298	0.00836542	84.3648	0.826018	0
5.35594	0.00870653	85.4977	0.83486	0
5.3354	0.00837009	82.6322	0.811056	0
5.3437	0.00827539	85.5977	0.840981	0
5.3525	0.00829089	84.3815	0.827379	0
5.33954	0.00797689	84.748	0.817177	0
5.34806	0.00816915	83.3986	0.826018	0
5.35387	0.0083372	84.1649	0.804934	0
5.34283	0.0083686	86.2474	0.823978	0
5.34967	0.00849677	84.8646	0.83316	0
5.35616	0.00850072	86.4307	0.810375	0
5.34776	0.00831457	84.2316	0.831119	0
5.34892	0.00837191	84.6314	0.828399	0
5.35916	0.00840408	85.3145	0.825678	0
5.36128	0.00820294	84.8813	0.820917	0
5.35624	0.00834187	83.0654	0.822278	0
5.34011	0.00847847	84.6647	0.826018	0
5.33112	0.00819905	83.965	0.811396	0
5.3467	0.00816525	85.7643	0.8318	0
5.35575	0.00817064	85.4144	0.826358	0
5.34337	0.00820956	85.1312	0.818537	0
5.34094	0.00825924	84.1649	0.819557	0
5.35441	0.00831593	84.3982	0.839961	0
5.35383	0.00831645	83.8317	0.813436	0
5.34496	0.00822181	85.0979	0.827379	0
5.344	0.00820229	84.5481	0.804594	0
5.34408	0.00837748	85.0146	0.815476	0
5.34447	0.00805395	85.631	0.83554	0
5.34851	0.00818465	84.2316	0.803574	0
5.33883	0.00819126	84.4981	0.83486	0
5.32565	0.00804241	83.7651	0.822618	0
5.33161	0.00809909	84.8646	0.840981	0
5.33076	0.00830419	83.282	0.8369	0
5.33847	0.00813146	85.481	0.819217	0
5.33886	0.00827578	83.8817	0.83282	0
5.328	0.00841309	83.2153	0.821598	0
5.32862	0.00840557	83.9484	0.804594	0
5.33438	0.0082176	83.2653	0.822618	0
5.33778	0.00823621	84.3315	0.813096	0
5.32666	0.00822052	84.5981	0.8318	0
5.32235	0.00817641	83.6818	0.817177	0
5.32347	0.00848606	84.015	0.817857	0
5.32158	0.00846972	84.2316	0.825338	0
5.32241	0.00819315	83.0654	0.830439	0
5.32255	0.00821753	84.2815	0.8318	0
5.33003	0.00817764	84.0816	0.828399	0
5.33498	0.00841446	84.1483	0.826699	0
5.33486	0.00844903	84.7647	0.828739	0
5.3299	0.00823595	82.6656	0.806635	0
5.3278	0.00824491	84.3482	0.824658	0
5.34083	0.00831016	85.1978	0.822958	0
5.34198	0.00839603	85.2978	0.83554	0
5.31863	0.00812245	82.9488	0.813776	0
5.31932	0.00850935	83.0487	0.816497	0
5.33774	0.00825438	85.1145	0.830099	0
5.33176	0.00842717	85.7809	0.827039	0
5.32589	0.00806699	84.4815	0.820917	0
5.32446	0.00841134	82.7322	0.816497	0
5.31909	0.00817148	84.8313	0.817177	0
5.32555	0.00831729	83.7318	0.806635	0
5.32971	0.0081779	84.6481	0.822278	0
5.32128	0.00825172	81.566	0.813776	0
5.30792	0.00829277	84.2815	0.819897	0
5.31762	0.00822882	83.7318	0.828739	0
5.32745	0.0083409	83.1987	0.811056	0
5.33115	0.00814203	84.9646	0.810715	0
5.34298	0.00810869	84.6647	0.807995	0
5.32835	0.00799175	83.3819	0.814456	0
5.31528	0.00822136	84.5314	0.8335	0
5.32898	0.00832877	83.9817	0.83248	0
5.32459	0.00811622	83.4319	0.820917	0
5.31827	0.00799259	84.5981	0.825338	0
5.3219	0.00836068	84.4815	0.791332	0
5.32151	0.00820002	84.6314	0.83622	0
5.3256	0.00813879	83.8151	0.807995	0
5.32851	0.00824024	84.3815	0.820237	0
5.32054	0.00823219	83.6318	0.824998	0
5.3127	0.00811285	83.5485	0.8318	0
5.32247	0.00818115	83.8984	0.83282	0
5.32118	0.00822246	84.065	0.822618	0
5.31152	0.00814794	83.4985	0.804594	0
5.31097	0.00812056	83.5652	0.825678	0
5.31561	0.00815235	84.3648	0.812076	0
5.31668	0.00822311	85.0646	0.847443	0
5.31249	0.00827344	83.7484	0.812756	0
5.31878	0.00820463	84.065	0.802554	0
5.32432	0.00818432	85.0479	0.820917	0
5.31712	0.00818322	84.2815	0.819217	0
5.29998	0.00806485	83.0487	0.809355	0
5.30506	0.00812076	83.5818	0.809015	0
5.32207	0.00820547	84.5814	0.826018	0
5.32039	0.00815578	83.4652	0.824318	0
5.31338	0.00805564	83.282	0.799833	0
5.30891	0.00788901	84.115	0.822958	0
5.30173	0.00820112	83.5485	0.842001	0
5.30487	0.00826268	84.2316	0.816837	0
5.30963	0.00821851	83.4985	0.83452	0
5.3107	0.00807827	84.2815	0.831119	0
5.31962	0.00812737	85.0146	0.829419	0
5.31126	0.0080199	83.1487	0.815136	0
5.29084	0.00814015	82.1158	0.83384	0
5.30445	0.00835284	83.2153	0.839621	0
5.31854	0.00830549	83.4319	0.820237	0
5.31177	0.00816947	83.5818	0.823978	0
5.32359	0.00809183	83.7318	0.819897	0
5.33098	0.00824127	84.3982	0.816837	0
5.3246	0.008342	84.3648	0.842342	0
5.31895	0.0080856	82.3657	0.820577	0
5.31605	0.00836788	84.3315	0.823298	0
5.32163	0.00831956	85.2145	0.812076	0
5.3125	0.00834856	83.2486	0.825678	0
5.30548	0.00817459	82.8655	0.829079	0
5.30533	0.00835446	83.915	0.809355	0
5.3079	0.00830944	83.4985	0.824318	0
5.31354	0.00822538	83.5319	0.83248	0
5.30729	0.00809767	84.698	0.827379	0
5.3031	0.00833565	82.5323	0.83656	0
5.30825	0.0083217	85.3811	0.820237	0
5.31156	0.00818322	84.3315	0.823638	0
5.30111	0.00826592	82.9155	0.827039	0
5.2987	0.00803786	84.0983	0.809695	0
5.30907	0.0084092	82.5823	0.814116	0
5.3128	0.00815364	84.115	0.808335	0
5.31012	0.00835096	82.399	0.801534	0
5.29769	0.00800083	83.8984	0.823298	0
5.29502	0.0081445	83.2986	0.807315	0
5.30826	0.0080823	84.698	0.819217	0
5.30291	0.00810707	82.3823	0.812076	0
5.29777	0.00787318	84.1649	0.815136	0
5.31348	0.00817174	84.4648	0.800854	0
5.31035	0.00815358	83.6485	0.795072	0
5.30124	0.00828869	82.8322	0.812076	0
5.30602	0.0081085	83.2986	0.812076	0
5.3023	0.00820943	83.7651	0.828399	0
5.31018	0.00852083	83.6651	0.825678	0
5.30769	0.00808249	82.3657	0.817177	0
5.29451	0.00805239	84.3149	0.842682	0
5.30496	0.00810655	84.1983	0.840641	0
5.31254	0.00818043	84.3815	0.83656	0
5.31312	0.00811914	84.5314	0.816497	0
5.3058	0.00808677	83.4985	0.798813	0
5.2954	0.0081757	82.7822	0.8335	0
5.29822	0.00812232	82.3324	0.800514	0
5.30379	0.00811006	84.5148	0.842682	0
5.30954	0.00810299	82.8821	0.803234	0
5.31075	0.00807814	84.0983	0.812756	0
5.30855	0.00796509	83.7651	0.83214	0
5.30484	0.00812446	81.9325	0.817857	0
5.30707	0.00827909	82.349	0.826018	0
5.30175	0.00824841	83.132	0.814796	0
5.30334	0.00817511	84.7647	0.810715	0
5.31549	0.00822921	83.3986	0.804594	0
5.31042	0.00845889	84.4815	0.837241	0
5.29479	0.00820119	83.9317	0.810375	0
5.30491	0.00824867	84.1316	0.798133	0
5.31598	0.00814586	83.4985	0.804254	0
5.30385	0.00815403	82.9988	0.802894	0
5.29698	0.00816201	82.3823	0.809695	0
5.29961	0.00827513	83.132	0.821257	0
5.30144	0.00799655	84.0983	0.798133	0
5.29812	0.00789679	83.1653	0.830779	0
5.2889	0.0081048	83.2986	0.817177	0
5.29531	0.00811317	83.9983	0.811396	0
5.3014	0.00829089	82.8155	0.824318	0
5.29005	0.00810396	82.6156	0.808675	0
5.28669	0.00813723	83.0487	0.820237	0
5.29604	0.00827027	84.2149	0.83316	0
5.2958	0.00821416	82.9821	0.808675	0
5.29707	0.00810182	83.8484	0.83588	0
5.30568	0.00809585	84.015	0.815136	0
5.30123	0.00812186	84.3482	0.826699	0
5.30166	0.00829329	83.1154	0.813776	0
5.31575	0.00837697	84.1316	0.818537	0
5.30561	0.00824938	82.399	0.808675	0
5.29153	0.00817524	83.5485	0.83588	0
5.29852	0.00830957	83.5319	0.808675	0
5.29769	0.00822298	84.2316	0.829759	0
5.29105	0.00816791	83.3153	0.804254	0
5.29169	0.00798202	83.5319	0.822278	0
5.29361	0.00813905	83.0321	0.819217	0
5.30213	0.0079274	83.1987	0.825678	0
5.30823	0.00815838	83.2653	0.795413	0
5.30015	0.00824465	84.9479	0.816837	0
5.29051	0.00807484	82.7988	0.808675	0
5.28256	0.00805188	83.0654	0.824318	0
5.27536	0.00785547	81.9992	0.809355	0
5.29436	0.00804429	83.3153	0.798473	0
5.31423	0.00797482	84.1816	0.803914	0
5.3148	0.00821539	84.5314	0.837921	0
5.30666	0.00844773	82.7822	0.842342	0
5.3035	0.00822331	85.2978	0.826358	0
5.30408	0.00810675	83.6818	0.808335	0
5.30955	0.00810629	84.1316	0.816837	0
5.31127	0.00821916	83.282	0.823978	0
5.30317	0.0083051	84.9313	0.840301	0
5.30604	0.00831463	83.8317	0.844382	0
5.30284	0.0082451	83.1154	0.796773	0
5.29703	0.00833876	84.3315	0.815476	0
5.30306	0.00830374	82.9155	0.794732	0
5.30304	0.00810649	84.0983	0.83486	0
5.30143	0.00815909	83.7984	0.819557	0
5.29105	0.00809682	83.0487	0.817177	0
5.2878	0.00819989	82.8488	0.826699	0
5.30792	0.00813308	83.7818	0.812756	0
5.30264	0.00809248	82.8155	0.815476	0
5.28883	0.00801964	83.0654	0.818197	0
5.28901	0.00824134	83.2653	0.83282	0
5.29138	0.0082822	83.7318	0.831119	0
5.30404	0.00798967	84.9146	0.822618	0
5.2978	0.00823342	83.3819	0.8352	0
5.28793	0.00832793	82.6322	0.805274	0
5.30058	0.00815689	83.7318	0.839961	0
5.29603	0.00832332	84.2815	0.807655	0
5.28193	0.00815098	82.8155	0.814116	0
5.28622	0.00802081	82.6156	0.801874	0
5.29235	0.00806044	84.0983	0.826358	0
5.29529	0.00809397	83.6318	0.816157	0
5.29536	0.00822162	81.9159	0.813776	0
5.28823	0.00850092	83.3319	0.813776	0
5.29226	0.00819146	83.3319	0.816497	0
5.29841	0.00828019	83.5152	0.83418	0
5.28574	0.00816311	81.3994	0.815136	0
5.27914	0.00818575	82.9155	0.824318	0
5.29819	0.00842133	83.4985	0.802894	0
5.29605	0.00814995	82.6656	0.820237	0
5.27688	0.00806939	81.7993	0.797793	0
5.29207	0.00826047	84.3315	0.812076	0
5.29799	0.0082115	82.3157	0.818537	0
5.27398	0.00804733	81.6993	0.804594	0
5.27788	0.00805985	82.9321	0.809015	0
5.28836	0.00832365	82.5323	0.826699	0
5.28559	0.00829193	82.8488	0.827039	0
5.29904	0.0084188	84.8813	0.809015	0
5.30897	0.00824925	83.2986	0.817517	0
5.2932	0.008014	83.9983	0.840641	0
5.28802	0.00822953	83.8817	0.820237	0
5.29681	0.00810428	83.6818	0.809015	0
5.28575	0.0081002	83.3986	0.815476	0
5.28051	0.00820469	83.4486	0.816157	0
5.29642	0.00826806	83.1653	0.819557	0
5.28649	0.0081482	81.8992	0.819557	0
5.275	0.00803767	83.2986	0.821257	0
5.29305	0.00799058	83.182	0.801534	0
5.29511	0.00808937	84.015	0.803574	0
5.28472	0.00807354	82.8488	0.830439	0
5.28906	0.00802956	83.9817	0.821938	0
5.29497	0.00826339	82.9654	0.810375	0
5.294	0.00819107	83.4652	0.814796	0
5.28435	0.00833896	81.9325	0.819217	0
5.28123	0.00825425	83.6152	0.820577	0
5.28315	0.00819237	82.349	0.819557	0
5.28254	0.0081242	83.2986	0.816497	0
5.28292	0.00805402	82.399	0.819217	0
5.2906	0.00823816	82.5156	0.814116	0
5.30024	0.00828804	83.5985	0.809355	0
5.28225	0.00823265	82.9488	0.830439	0
5.27653	0.00823868	82.6989	0.819897	0
5.29799	0.00807043	83.1154	0.806295	0
5.29553	0.00823148	83.6818	0.830099	0
5.28546	0.00812394	83.3319	0.816157	0
5.29164	0.00820878	82.4823	0.810035	0
5.29288	0.00809053	83.6985	0.813096	0
5.29119	0.00803949	83.965	0.802214	0
5.29268	0.00832371	83.2486	0.821257	0
5.27911	0.00799129	83.1487	0.809015	0
5.27384	0.00832624	81.666	0.815816	0
5.28979	0.00803495	82.8821	0.823298	0
5.29664	0.00801581	82.299	0.800514	0
5.29047	0.00806076	83.3319	0.814796	0
5.29118	0.0082571	82.8988	0.828059	0
5.29442	0.00790062	82.8155	0.823638	0
5.28684	0.00816843	83.0487	0.811396	0
5.2782	0.00816078	82.1491	0.828399	0
5.28538	0.00832631	83.182	0.820237	0
5.29768	0.00813659	83.4486	0.820237	0
5.3007	0.00806835	83.3986	0.814456	0
5.29223	0.00819522	82.7822	0.837581	0
5.28747	0.00808223	83.7151	0.796093	0
5.29165	0.00818147	83.6985	0.83452	0
5.29955	0.00830879	83.0654	0.822278	0
5.29688	0.00817395	84.2149	0.808675	0
5.2928	0.00848924	82.0991	0.800854	0
5.28549	0.00809183	82.5156	0.815136	0
5.28108	0.0080053	83.082	0.824658	0
5.28706	0.00819405	83.4819	0.827719	0
5.28137	0.00805739	81.516	0.799153	0
5.27313	0.00799421	81.3828	0.828399	0
5.28839	0.00807082	83.4152	0.812076	0
5.29283	0.00818387	82.8488	0.821257	0
5.28513	0.00814041	83.182	0.823978	0
5.29468	0.00809955	84.3149	0.814796	0
5.29639	0.00811349	83.2486	0.807655	0
5.28731	0.00808106	83.8484	0.817857	0
5.30116	0.00811518	84.4481	0.831119	0
5.30543	0.00817894	83.0154	0.820917	0
5.2791	0.00812932	83.4652	0.830439	0
5.28344	0.0081432	83.1154	0.824998	0
5.29785	0.00817674	82.6322	0.8335	0
5.28672	0.00832832	83.5319	0.818877	0
5.2852	0.00811453	83.3319	0.826699	0
5.2802	0.00811972	82.7988	0.826018	0
5.27678	0.00817518	82.0491	0.815136	0
5.29085	0.00813756	83.0654	0.830099	0
5.30113	0.00811298	83.5652	0.804934	0
5.29241	0.00827383	83.7151	0.816837	0
5.28548	0.008033	82.6322	0.813096	0
5.29012	0.00832903	80.9496	0.820577	0
5.29095	0.00817174	84.4148	0.813096	0
5.2902	0.00832105	83.4486	0.823978	0
5.28705	0.00806446	82.6822	0.818877	0
5.28116	0.00824296	82.349	0.820237	0
5.28018	0.00826333	82.4323	0.795753	0
5.2829	0.00793065	82.2324	0.814456	0
5.28185	0.00806718	82.3324	0.823978	0
5.28721	0.00830134	84.3315	0.809695	0
5.28977	0.00814229	81.7659	0.799493	0
5.29454	0.00825243	83.915	0.816157	0
5.28917	0.00810902	83.1154	0.826358	0
5.27544	0.00810818	83.0987	0.806975	0
5.28608	0.00809793	83.232	0.800854	0
5.29188	0.00814197	82.6489	0.809695	0
5.28913	0.00803021	84.4148	0.816837	0
5.29847	0.00810046	83.4319	0.826018	0
5.29414	0.00814722	84.1316	0.83214	0
5.2854	0.0082944	81.8159	0.806295	0
5.2743	0.00791125	82.8655	0.822958	0
5.27747	0.00805791	83.3986	0.821598	0
5.28939	0.00795134	83.7484	0.813436	0
5.28519	0.00840122	82.9488	0.814456	0
5.27779	0.00790366	82.9988	0.811736	0
5.28421	0.00824069	83.0154	0.799493	0
5.29127	0.00843871	82.9321	0.828739	0
5.29443	0.00822778	83.6485	0.812416	0
5.29027	0.0080306	82.7155	0.805614	0
5.27732	0.00819146	84.0317	0.821257	0
5.28519	0.00821384	81.5327	0.838601	0
5.29551	0.00811525	83.2153	0.812416	0
5.2967	0.00831463	83.5985	0.817857	0
5.29753	0.00805732	84.698	0.826358	0
5.28042	0.00810759	80.7663	0.813776	0
5.28226	0.00818406	84.5148	0.817857	0
5.29636	0.00822285	84.0983	0.807995	0
5.28031	0.00817323	81.716	0.826358	0
5.2727	0.00812861	83.4819	0.806635	0
5.28654	0.00820437	83.1987	0.846422	0
5.27415	0.00806407	81.6826	0.789291	0
5.27225	0.0081467	83.8151	0.819897	0
5.29459	0.00807678	84.8313	0.819217	0
5.28425	0.00803566	83.4985	0.814116	0
5.27251	0.00822499	82.1491	0.814456	0
5.28195	0.00803579	83.0487	0.822618	0
5.28223	0.00817382	82.2491	0.806295	0
5.29404	0.00810915	83.4819	0.830779	0
5.30015	0.00825619	84.698	0.814116	0
5.28646	0.00821371	83.1987	0.840641	0
5.28251	0.00814917	81.4827	0.805614	0
5.29203	0.00822824	83.282	0.815136	0
5.30069	0.0080522	84.848	0.826358	0
5.29269	0.00840648	82.9155	0.845402	0
5.28469	0.00816435	82.4323	0.809355	0
5.28917	0.0081456	84.0317	0.813096	0
5.28824	0.00819055	82.349	0.815476	0
5.28956	0.00828266	84.0816	0.83588	0
5.28513	0.00810526	82.3657	0.841321	0
5.27913	0.00785826	82.5989	0.813776	0
5.28197	0.00818815	82.4823	0.830439	0
5.28488	0.0080546	83.8317	0.818877	0
5.28383	0.0080856	82.2491	0.813096	0
5.27593	0.00815105	82.3157	0.821257	0
5.27952	0.00809326	83.7318	0.831119	0
5.29576	0.00824225	83.182	0.817177	0
5.29411	0.00816999	82.2657	0.798473	0
5.28511	0.00819256	82.9488	0.825338	0
5.27523	0.0080029	82.7155	0.818877	0
5.26496	0.0080666	81.8825	0.788611	0
5.28186	0.00795724	82.8988	0.829419	0
5.29876	0.00821559	84.3482	0.814796	0
5.28812	0.00802606	82.9654	0.827379	0
5.28738	0.00818063	84.0983	0.848123	0
5.2977	0.00831171	83.1154	0.822958	0
5.29023	0.00810649	83.3819	0.817177	0
5.29096	0.00805635	83.7151	0.810375	0
5.29517	0.00807321	82.3157	0.812076	0
5.29388	0.00802917	83.4152	0.803914	0
5.28567	0.00824114	82.6822	0.808675	0
5.27469	0.00819029	82.5156	0.810375	0
5.2874	0.00815585	83.282	0.821938	0
5.29817	0.00803871	83.3653	0.789291	0
5.28076	0.00796373	83.1154	0.816497	0
5.29205	0.00829926	82.7322	0.791332	0
5.3013	0.00828415	83.1987	0.809695	0
5.28038	0.00796898	83.2486	0.820577	0
5.27677	0.00814203	82.8322	0.839621	0
5.29303	0.00829316	84.015	0.851183	0
5.29954	0.00838209	82.8655	0.831119	0
5.28985	0.00826255	83.4985	0.826699	0
5.28635	0.00811888	82.6656	0.809355	0
5.28478	0.00808502	84.3149	0.798813	0
5.28316	0.00804532	82.5656	0.798473	0
5.28727	0.00842185	84.0983	0.829759	0
5.28834	0.00829355	81.3661	0.838941	0
5.28913	0.00820793	84.1816	0.831459	0
5.3034	0.00804429	84.1816	0.824318	0
5.30207	0.00809533	84.5981	0.818197	0
5.29061	0.00812952	81.6993	0.814456	0
5.28598	0.00821909	82.6989	0.820577	0
5.29731	0.00806037	84.015	0.826358	0
5.29824	0.00790911	82.9488	0.83452	0
5.29303	0.00825314	84.2815	0.814796	0
5.29509	0.00819782	84.4148	0.818537	0
5.29211	0.00816668	82.9654	0.829419	0
5.28668	0.00804487	83.8484	0.813776	0
5.2938	0.00822927	82.5489	0.805614	0
5.29524	0.00797171	83.0987	0.814456	0
5.2919	0.00839409	82.9988	0.83588	0
5.28342	0.00827104	82.6989	0.818877	0
5.29034	0.00830393	83.7651	0.813096	0
5.29166	0.0081923	81.516	0.801874	0
5.28327	0.00806939	83.3486	0.826358	0
5.28633	0.00797553	82.6656	0.822618	0
5.29096	0.00811557	82.5989	0.83486	0
5.29403	0.00821111	83.8984	0.812076	0
5.28905	0.00803112	82.4823	0.815476	0
5.2832	0.00826605	83.0154	0.829759	0
5.27702	0.00826793	80.9829	0.808675	0
5.27013	0.00798773	82.399	0.813096	0
5.28041	0.00826365	82.1158	0.842001	0
5.28999	0.00821423	82.7155	0.821938	0
5.28512	0.00795958	81.566	0.814796	0
5.27936	0.0081506	83.6985	0.818537	0
5.29153	0.00824724	81.9492	0.810715	0
5.29326	0.00820333	82.7489	0.837241	0
5.28418	0.00831911	83.3819	0.843702	0
5.2814	0.00817738	81.9159	0.827719	0
5.27356	0.00814534	80.9329	0.806635	0
5.28141	0.00816662	82.7822	0.805955	0
5.29649	0.00809734	83.3319	0.842001	0
5.2881	0.00822532	82.7822	0.797453	0
5.29069	0.0081886	83.6818	0.827719	0
5.30211	0.00800848	83.6651	0.797793	0
5.29598	0.00816979	83.5485	0.805274	0
5.28464	0.00820054	81.6993	0.814796	0
5.28678	0.00826462	82.399	0.819557	0
5.29215	0.00817667	83.4819	0.83316	0
5.27531	0.00807574	82.1991	0.830099	0
5.26698	0.00816149	82.4323	0.83452	0
5.29333	0.00831567	83.182	0.818537	0
5.30069	0.00804597	82.8155	0.824998	0
5.27867	0.00814307	84.3315	0.838601	0
5.28041	0.00807386	82.9821	0.8352	0
5.28464	0.00827293	82.6156	0.856284	0
5.28197	0.00811226	82.2324	0.814456	0
5.29028	0.00809468	82.4323	0.816157	0
5.2899	0.00829907	82.9821	0.844382	0
5.28659	0.00811395	83.0154	0.805614	0
5.29141	0.00796892	83.4152	0.818197	0
5.28112	0.00801192	81.6327	0.816837	0
5.27492	0.00816519	82.8988	0.804594	0
5.28341	0.00813444	82.6322	0.8335	0
5.28206	0.00830451	82.7489	0.817177	0
5.29227	0.00827033	83.3486	0.83554	0
5.29411	0.00825632	82.2491	0.817177	0
5.28128	0.00799428	85.2312	0.8318	0
5.28441	0.00810792	83.0654	0.827719	0
5.28309	0.00820391	83.8651	0.826699	0
5.26816	0.00813334	79.7168	0.816837	0
5.27	0.00812841	83.082	0.830099	0
5.28155	0.00789569	80.6997	0.821938	0
5.28366	0.00812621	82.3324	0.805274	0
5.29528	0.00814158	83.1487	0.822958	0
5.28683	0.00821059	83.1154	0.829079	0
5.27464	0.00804993	81.566	0.814796	0
5.28996	0.00825995	83.2153	0.808335	0
5.29787	0.00817498	82.7322	0.817177	0
5.28377	0.00822097	83.5818	0.799153	0
5.27863	0.00822999	82.0491	0.828739	0
5.28637	0.00813419	82.5489	0.803914	0
5.28468	0.00792144	83.0487	0.823638	0
5.28849	0.0083049	83.1653	0.83384	0
5.2926	0.00826767	81.8825	0.820917	0
5.29159	0.00819464	83.8651	0.77977	0
5.28879	0.008136	82.0158	0.817857	0
5.2873	0.00814599	82.3823	0.815136	0
5.28797	0.00824004	83.232	0.810375	0
5.28072	0.00806978	83.0487	0.818197	0
5.28364	0.00799882	84.3315	0.815816	0
5.2947	0.00807944	82.8821	0.804934	0
5.29392	0.00810085	84.1649	0.839621	0
5.29014	0.00813905	82.3324	0.790312	0
5.28663	0.00832508	83.0154	0.845742	0
5.29262	0.00821241	82.9155	0.821938	0
5.29439	0.00832488	84.9313	0.824658	0
5.28781	0.00817498	83.4152	0.826699	0
5.29013	0.00833617	83.7651	0.813096	0
5.30326	0.00819412	84.1983	0.805274	0
5.30249	0.00830841	82.0325	0.816497	0
5.28102	0.00807925	83.7984	0.821257	0
5.27649	0.00810454	82.7155	0.807995	0
5.29079	0.00816487	82.1991	0.814456	0
5.28327	0.00814716	82.9654	0.818197	0
5.27677	0.00820378	82.449	0.807995	0
5.29051	0.00833247	83.232	0.809695	0
5.28992	0.00834888	82.2157	0.794392	0
5.28294	0.0082582	82.1991	0.830099	0
5.2881	0.00817012	82.349	0.821598	0
5.30398	0.00802632	84.2815	0.810035	0
5.30323	0.00817797	82.8988	0.83486	0
5.29081	0.00814262	83.0487	0.831459	0
5.29331	0.00807957	82.8988	0.826018	0
5.28887	0.00830847	82.9488	0.803914	0
5.28337	0.00828707	82.3157	0.820237	0
5.29186	0.00807296	83.6651	0.830779	0
5.28811	0.00816214	83.9817	0.83248	0
5.28517	0.00806835	83.6651	0.806295	0
5.29828	0.00823784	83.3653	0.806635	0
5.29785	0.00827092	83.132	0.823298	0
5.28422	0.00815196	83.7151	0.816157	0
5.28208	0.00820476	82.5489	0.843362	0
5.28493	0.0080583	81.8326	0.820237	0
5.29009	0.00808645	83.3819	0.825338	0
5.28439	0.00823232	82.7489	0.824998	0
5.27965	0.00811888	82.8821	0.818537	0
5.28536	0.00817388	82.0825	0.823978	0
5.28968	0.00797242	83.6152	0.808675	0
5.29221	0.00797592	82.8988	0.805955	0
5.28817	0.00823712	82.7988	0.819897	0
5.28275	0.00826313	81.3661	0.815476	0
5.29565	0.00802431	84.8646	0.797113	0
5.30219	0.00823012	83.2986	0.83486	0
5.28288	0.0079839	82.8821	0.827379	0
5.27855	0.00806952	82.0825	0.822278	0
5.28738	0.00817777	82.499	0.820237	0
5.29942	0.00823745	83.4985	0.822278	0
5.30321	0.00794433	83.1987	0.791672	0
5.30343	0.00814015	82.7822	0.818197	0
5.28179	0.00799408	82.349	0.818877	0
5.26487	0.00806206	82.5156	0.817517	0
5.28923	0.00819976	82.5823	0.812076	0
5.30238	0.00815994	82.8488	0.823978	0
5.28181	0.00814696	82.5656	0.829079	0
5.27802	0.00812614	82.9654	0.823978	0
5.29058	0.00813088	84.3482	0.824658	0
5.29521	0.00848743	82.1991	0.804934	0
5.28928	0.00800154	83.7318	0.83588	0
5.28098	0.00822927	82.5989	0.819217	0
5.26372	0.00797923	82.4323	0.811736	0
5.27582	0.00810253	82.4323	0.818537	0
5.29649	0.00814606	84.065	0.827719	0
5.29653	0.0081384	82.1824	0.797453	0
5.29948	0.00822804	85.5477	0.823638	0
5.3026	0.00815728	82.8155	0.805614	0
5.30093	0.00811181	83.7818	0.812076	0
5.28933	0.00824276	83.0321	0.825678	0
5.28062	0.00795763	82.2491	0.823298	0
5.29285	0.00821176	83.3986	0.799833	0
5.29958	0.00808826	82.7988	0.827039	0
5.29367	0.0081925	83.6318	0.825338	0
5.29577	0.00813697	83.6318	0.83316	0
5.28925	0.00792598	82.6822	0.805614	0
5.28635	0.0081408	83.6985	0.813436	0
5.29164	0.00821753	82.4323	0.812076	0
5.28614	0.00813672	83.8484	0.805955	0
5.28662	0.00826508	82.4157	0.810715	0
5.28941	0.00822201	83.1653	0.819217	0
5.28411	0.00819944	81.7993	0.802894	0
5.29638	0.00826475	84.2649	0.83248	0
5.30134	0.00839467	82.3157	0.813436	0
5.27891	0.00828947	82.1658	0.809355	0
5.27301	0.00799622	81.7993	0.819217	0
5.30129	0.00820249	83.6651	0.827719	0
5.30561	0.00808573	82.8155	0.817517	0
5.29138	0.00824478	83.5485	0.821938	0
5.28698	0.00815105	84.3815	0.810715	0
5.28124	0.00801257	81.8825	0.817517	0
5.27784	0.00814534	81.7493	0.804934	0
5.28451	0.00822318	82.9321	0.807995	0
5.28712	0.0079876	82.3657	0.825678	0
5.29123	0.00826813	83.5319	0.808335	0
5.29375	0.00827572	84.1816	0.818537	0
5.28562	0.00815397	82.8655	0.805955	0
5.28434	0.00801387	82.9321	0.813096	0
5.29072	0.00811583	81.3661	0.816497	0
5.29437	0.0082043	84.4648	0.826699	0
5.28651	0.008088	82.0991	0.819217	0
5.27286	0.00812666	82.1158	0.794732	0
5.28711	0.00797436	83.7318	0.811396	0
5.28921	0.00814833	83.2153	0.794392	0
5.27685	0.00818082	80.9829	0.806975	0
5.2971	0.00808489	83.2653	0.800514	0
5.29529	0.00817226	82.4157	0.810375	0
5.28744	0.00824439	81.8659	0.827379	0
5.30152	0.00822921	83.2653	0.803914	0
5.29029	0.0082643	82.0825	0.837921	0
5.27313	0.00813665	81.7493	0.8335	0
5.27952	0.00803384	83.182	0.812076	0
5.28602	0.00819743	82.1158	0.797113	0
5.28978	0.00813866	82.1324	0.8352	0
5.29228	0.00814164	82.2824	0.827719	0
5.28943	0.00818997	83.4152	0.817177	0
5.29235	0.00795452	84.115	0.830099	0
5.29496	0.00834337	83.0321	0.818537	0
5.29276	0.00810422	83.4486	0.817517	0
5.29122	0.00786423	82.6156	0.814796	0
5.27988	0.0080832	81.8992	0.816157	0
5.28317	0.00801983	82.0491	0.828059	0
5.29751	0.00829323	82.4157	0.816837	0
5.29017	0.00806854	83.1487	0.816497	0
5.28699	0.00807594	83.1653	0.811396	0
5.29171	0.00822097	82.5656	0.804594	0
5.28922	0.00827786	81.9159	0.802214	0
5.29397	0.00809631	84.115	0.8318	0
5.28432	0.00814249	82.5323	0.818877	0
5.27932	0.00809974	83.9484	0.817517	0
5.30064	0.00814379	82.8821	0.817857	0
5.30961	0.00817375	82.5656	0.822618	0
5.30279	0.00805564	83.8817	0.821938	0
5.29064	0.00812575	82.7822	0.811396	0
5.28001	0.00810175	82.7155	0.831119	0
5.28301	0.00811544	82.2324	0.819217	0
5.29015	0.00801121	82.1491	0.804934	0
5.29737	0.00817511	83.0154	0.822958	0
5.30335	0.00825126	83.8151	0.830779	0
5.29433	0.00816869	83.0654	0.812076	0
5.2855	0.00828162	83.1653	0.818537	0
5.2958	0.00813419	83.8651	0.83248	0
5.29027	0.00838851	80.783	0.810375	0
5.28174	0.00841322	82.9654	0.823638	0
5.29575	0.00817181	84.065	0.820577	0
5.28992	0.00802606	82.8821	0.819557	0
5.28545	0.00803761	83.1154	0.824658	0
5.29649	0.00802664	82.7489	0.827719	0
5.28574	0.00828395	83.0321	0.808675	0
5.27993	0.00792552	82.6822	0.803914	0
5.2917	0.0081349	83.2486	0.819897	0
5.28397	0.00797968	83.282	0.807655	0
5.28025	0.00791502	82.8155	0.804934	0
5.28253	0.00811051	82.4823	0.817857	0
5.27905	0.00801944	82.1324	0.818197	0
5.2952	0.00798429	83.3986	0.819897	0
5.30497	0.00810513	83.7818	0.816157	0
5.30813	0.00825833	83.232	0.814456	0
5.30892	0.0082787	83.8317	0.828059	0
5.29141	0.00833643	82.499	0.817517	0
5.29076	0.00832696	82.7322	0.840981	0
5.30144	0.00810428	82.7988	0.820577	0
5.29456	0.00818835	83.4486	0.818537	0
5.29218	0.00806342	82.7655	0.83554	0
5.29077	0.00800595	82.1991	0.805274	0
5.29234	0.00811096	83.232	0.821257	0
5.29311	0.00837995	82.349	0.818537	0
5.29045	0.00813937	82.7988	0.820237	0
5.29313	0.00803916	83.2486	0.811056	0
5.29636	0.00818199	82.4823	0.816837	0
5.29764	0.00800971	83.6985	0.824318	0
5.30091	0.00835232	82.3157	0.821257	0
5.29539	0.00822259	83.3486	0.817517	0
5.28919	0.00821967	83.4652	0.808675	0
5.2961	0.00824406	83.3486	0.83384	0
5.29469	0.0083854	82.0991	0.819897	0
5.28276	0.00821604	81.516	0.816497	0
5.29218	0.00797916	82.4323	0.802554	0
5.30982	0.00817609	82.5156	0.830779	0
5.30716	0.00809313	83.4486	0.818537	0
5.29913	0.00825444	83.3153	0.814456	0
5.30027	0.00822538	83.1154	0.799493	0
5.29376	0.0085674	81.666	0.831459	0
5.27768	0.00814528	81.1495	0.800173	0
5.2918	0.00826093	83.2486	0.831119	0
5.30338	0.00833435	82.9988	0.831119	0
5.28825	0.00824646	82.7822	0.822958	0
5.28914	0.00813289	83.082	0.822618	0
5.28856	0.00834739	82.3324	0.813096	0
5.29073	0.00814917	83.4985	0.819217	0
5.30759	0.00839	83.182	0.823978	0
5.30855	0.00819645	82.5823	0.818537	0
5.29467	0.00813788	83.2153	0.817177	0
5.27985	0.00792384	82.2157	0.814116	0
5.28033	0.00826547	82.1158	0.823638	0
5.29178	0.00831593	83.082	0.822618	0
5.28508	0.00815345	82.1158	0.810035	0
5.28658	0.00823952	81.7493	0.820237	0
5.29063	0.00824789	82.7322	0.813776	0
5.29696	0.00825626	82.7988	0.819217	0
5.29913	0.00808839	82.6156	0.805614	0
5.28322	0.00812939	80.683	0.817177	0
5.29315	0.00829128	82.8322	0.849823	0
5.29553	0.00815384	81.7493	0.807655	0
5.28064	0.00807561	83.4985	0.818877	0
5.29111	0.00790697	84.0816	0.825678	0
5.30323	0.00798267	83.282	0.815136	0
5.28487	0.00818452	82.0991	0.809695	0
5.27664	0.00803819	82.1991	0.825338	0
5.29491	0.00794193	82.6989	0.819217	0
5.30142	0.00818471	83.5319	0.810375	0
5.29167	0.00801678	82.449	0.822278	0
5.28986	0.00832002	82.349	0.814456	0
5.29498	0.0081539	83.7484	0.83214	0
5.28823	0.00805188	81.616	0.827039	0
5.27954	0.00808729	82.8821	0.830099	0
5.29663	0.00810831	84.2982	0.83588	0
5.30831	0.00810124	84.3482	0.812076	0
5.30426	0.00812828	83.4985	0.811056	0
5.3056	0.00802275	83.8984	0.818877	0
5.30994	0.00809047	83.6318	0.807995	0
5.3119	0.00826612	82.6156	0.828399	0
5.29499	0.00812193	82.4823	0.805614	0
5.28067	0.00810111	82.3157	0.822618	0
5.29747	0.00800362	81.666	0.821938	0
5.30083	0.00815131	81.8659	0.816837	0
5.29125	0.00806906	82.9155	0.830779	0
5.29448	0.00820793	83.4985	0.809695	0
5.30215	0.0080906	82.7988	0.808675	0
5.292	0.008093	82.6156	0.807995	0
5.29037	0.00842658	84.115	0.819217	0
5.29712	0.0082176	82.349	0.816157	0
5.29503	0.00820917	82.4823	0.803574	0
5.29965	0.00816811	84.4648	0.814456	0
5.29661	0.00795737	81.8659	0.817517	0
5.29668	0.00810831	82.0158	0.831459	0
5.30862	0.00819717	84.7813	0.809355	0
5.30446	0.00824108	81.9825	0.797453	0
5.29611	0.00829329	83.3819	0.831459	0
5.29511	0.00815553	82.3324	0.819557	0
5.29465	0.00786397	82.7155	0.83622	0
5.29588	0.00816597	83.1154	0.837921	0
5.29874	0.0082403	80.883	0.812756	0
5.29751	0.00834654	81.2661	0.807315	0
5.28159	0.00820229	82.9488	0.827379	0
5.28223	0.00801828	83.0654	0.820237	0
5.30779	0.00817965	83.9484	0.817177	0
5.31237	0.00822292	83.6318	0.824318	0
5.302	0.00814917	83.1653	0.843362	0
5.30176	0.00820002	83.7984	0.813776	0
5.30243	0.00817842	82.6156	0.827719	0
5.30682	0.00832423	83.8651	0.828739	0
5.31552	0.00826397	84.2649	0.815476	0
5.30399	0.00807211	83.3319	0.825338	0
5.29952	0.00828298	84.3149	0.828399	0
5.31404	0.00838449	83.3153	0.828739	0
5.30326	0.00824906	83.282	0.822618	0
5.29207	0.00826599	82.3823	0.822618	0
5.30433	0.00820638	83.182	0.819217	0
5.3079	0.00806426	83.9484	0.805274	0
5.30469	0.00801828	81.9492	0.819897	0
5.29387	0.00811453	83.4652	0.810375	0
5.28343	0.00793026	82.4323	0.83282	0
5.28839	0.00808975	82.299	0.812416	0
5.29813	0.00821053	82.7155	0.828399	0
5.30298	0.00824536	81.0162	0.824998	0
5.30059	0.00821903	82.5489	0.823638	0
5.30467	0.00822473	84.065	0.831459	0
5.30718	0.0080882	83.132	0.818197	0
5.29886	0.00816117	82.7322	0.826358	0
5.28706	0.0081707	82.6989	0.819217	0
5.29017	0.00839007	81.3661	0.823978	0
5.29237	0.00828538	81.6327	0.814796	0
5.29823	0.00807866	83.8317	0.810375	0
5.30923	0.00817745	83.1653	0.8352	0
5.29721	0.00794388	80.3998	0.787591	0
5.29227	0.00820138	82.8155	0.804594	0
5.30027	0.00834304	83.2986	0.805614	0
5.30047	0.00828013	83.915	0.840641	0
5.29763	0.00801698	82.4656	0.824318	0
5.29846	0.00812913	83.2653	0.821257	0
5.29418	0.00841796	82.2657	0.848803	0
5.30166	0.00833163	83.8817	0.819557	0
5.3067	0.00834525	83.5485	0.829759	0
5.29179	0.00817609	82.6989	0.815136	0
5.28958	0.00820294	83.3653	0.821938	0
5.29887	0.00827189	82.1991	0.815136	0
5.30419	0.00816597	82.5156	0.809695	0
5.30183	0.00819328	81.7826	0.813776	0
5.29731	0.00838715	83.4486	0.821598	0
5.29071	0.00814391	83.6985	0.799153	0
5.28278	0.00803741	81.6993	0.824318	0
5.29563	0.00817472	83.2486	0.803574	0
5.31645	0.00825152	83.3653	0.83486	0
5.30282	0.00829913	82.7988	0.842342	0
5.29475	0.00812433	82.6156	0.820917	0
5.31291	0.00833208	83.0321	0.828739	0
5.3111	0.00821714	82.9988	0.831119	0
5.29637	0.00833124	82.349	0.805614	0
5.30007	0.00814826	83.182	0.806975	0
5.30305	0.00830549	81.9492	0.792692	0
5.29274	0.00814969	82.7155	0.837581	0
5.29657	0.00815338	83.1653	0.826358	0
5.30135	0.00819386	83.4319	0.817857	0
5.29332	0.00830263	83.282	0.821938	0
5.29972	0.0082224	82.3657	0.823298	0
5.30867	0.00822752	82.6989	0.817517	0
5.30341	0.00817855	83.0487	0.820237	0
5.29987	0.00808975	83.6318	0.831459	0
5.29586	0.00820099	83.7151	0.813096	0
5.29699	0.00830283	82.8988	0.826018	0
5.3115	0.00823699	83.5319	0.810715	0
5.31395	0.00816305	82.2491	0.821257	0
5.31038	0.00809034	82.4157	0.828059	0
5.30865	0.00791067	82.8155	0.811396	0
5.30805	0.00812919	82.6489	0.822278	0
5.30713	0.00800556	83.4486	0.807995	0
5.29198	0.00819833	83.082	0.824318	0
5.28358	0.0082894	81.0162	0.815816	0
5.30006	0.00802846	82.4323	0.814116	0
5.31197	0.00785515	82.6656	0.816837	0
5.29498	0.00793525	81.6993	0.807995	0
5.28856	0.00800731	82.7655	0.83418	0
5.30564	0.00808917	83.5152	0.802214	0
5.31194	0.00818153	82.9488	0.806975	0
5.30145	0.00791333	82.9155	0.822958	0
5.2984	0.00793214	82.5489	0.810715	0
5.30783	0.00804935	83.082	0.814456	0
5.31062	0.00814949	81.4494	0.811736	0
5.29454	0.00814917	82.1991	0.83282	0
5.29754	0.00815643	84.5314	0.828059	0
5.31544	0.0081779	82.5156	0.811736	0
5.31035	0.00828648	82.9654	0.819217	0
5.30724	0.00818484	83.0321	0.816157	0
5.30993	0.00815436	83.3319	0.827719	0
5.30434	0.00828175	83.915	0.821257	0
5.29777	0.00804403	83.4819	0.831459	0
5.30141	0.00821617	82.9488	0.817177	0
5.30319	0.00812465	82.1158	0.818197	0
5.29573	0.00816467	81.7826	0.810715	0
5.2892	0.00817868	81.0496	0.813096	0
5.28664	0.0079551	82.3657	0.813436	0
5.28565	0.00808593	81.566	0.8352	0
5.29829	0.00817485	83.4652	0.822618	0
5.31345	0.00825606	83.4652	0.83214	0
5.30951	0.00836244	83.0487	0.823638	0
5.297	0.00808664	83.4486	0.803914	0
5.28982	0.00776032	81.9159	0.816497	0
5.30318	0.00822785	83.4985	0.826358	0
5.31741	0.00807425	84.2982	0.815816	0
5.31128	0.00808463	82.7489	0.822958	0
5.31091	0.00833487	83.082	0.811056	0
5.31888	0.00816214	82.3324	0.842342	0
5.31891	0.00821779	82.4323	0.806635	0
5.30686	0.00814002	83.7151	0.812416	0
5.30292	0.00812472	82.8155	0.831119	0
5.30575	0.0081587	82.8155	0.821598	0
5.31354	0.00808898	83.8984	0.814796	0
5.31932	0.00843268	83.4985	0.823638	0
5.30545	0.0082523	83.3986	0.821257	0
5.29337	0.00838105	81.666	0.819557	0
5.30084	0.00820197	83.1653	0.831459	0
5.30721	0.00821416	83.2653	0.811736	0
5.30766	0.00808041	84.5648	0.818537	0
5.30346	0.00802801	82.8488	0.810715	0
5.2938	0.00800491	81.9159	0.815816	0
5.29499	0.00817985	82.5656	0.804934	0
5.30593	0.00808132	82.7655	0.83656	0
5.30729	0.00820969	82.1324	0.8335	0
5.30123	0.00793292	83.965	0.805274	0
5.30326	0.00811992	83.4152	0.818877	0
5.31004	0.00830802	82.0658	0.817517	0
5.30275	0.00809047	83.282	0.824318	0
5.29501	0.00810117	82.2157	0.816157	0
5.31092	0.00812199	83.6318	0.806295	0
5.31053	0.00823219	82.3324	0.814116	0
5.29383	0.00815702	82.0325	0.825678	0
5.30249	0.00811635	83.2653	0.847443	0
5.30382	0.00824945	81.2328	0.811056	0
5.29894	0.00811499	84.3815	0.805274	0
5.30898	0.00814236	82.7322	0.830779	0
5.31329	0.00823206	82.5823	0.824318	0
5.3055	0.00808113	82.9654	0.820237	0
5.29575	0.00810273	82.7155	0.812416	0
5.30422	0.00798604	83.8151	0.824318	0
5.31384	0.00809819	82.8655	0.818877	0
5.29475	0.00808243	82.6989	0.812416	0
5.2958	0.00799888	83.0154	0.815136	0
5.30511	0.0080077	82.4323	0.818197	0
5.29657	0.00807516	83.0321	0.816157	0
5.29989	0.00825794	84.065	0.805614	0
5.30335	0.00804682	82.299	0.83452	0
5.30485	0.00797761	82.7322	0.807995	0
5.30034	0.00814236	81.4661	0.800854	0
5.29672	0.00829667	81.2828	0.822278	0
5.3113	0.00813639	82.7822	0.827719	0
5.31548	0.00789945	82.2657	0.83248	0
5.30809	0.00822123	81.7993	0.824658	0
5.30351	0.00803949	83.9817	0.83248	0
5.31108	0.00820287	83.3319	0.812756	0
5.30488	0.00811207	81.1329	0.805955	0
5.29123	0.00803923	83.3653	0.83248	0
5.3009	0.00803157	82.8988	0.795753	0
5.30901	0.00821526	83.2986	0.830439	0
5.30118	0.00822363	82.7655	0.814796	0
5.30452	0.00815332	82.5823	0.822618	0
5.31191	0.00829414	82.8155	0.819557	0
5.30942	0.00823336	82.5656	0.820577	0
5.30073	0.00813587	84.7314	0.823638	0
5.29935	0.00835725	82.6322	0.827379	0
5.30789	0.00823745	83.4652	0.806975	0
5.3114	0.00819626	81.7493	0.828399	0
5.30484	0.00815397	81.6493	0.821257	0
5.30772	0.00819496	83.1154	0.798133	0
5.30937	0.00812258	81.6826	0.839961	0
5.30053	0.00812926	82.1991	0.828399	0
5.30016	0.00825139	82.4323	0.818197	0
5.30209	0.00801899	83.4819	0.812416	0
5.31342	0.00807873	83.082	0.824658	0
5.31062	0.00813419	82.7988	0.8335	0
5.30298	0.00832533	82.9988	0.818197	0
5.30913	0.00811336	83.082	0.838261	0
5.31778	0.00820326	83.0487	0.802554	0
5.32418	0.00832183	83.0321	0.813776	0
5.31462	0.00813568	82.0158	0.801194	0
5.30788	0.00811823	82.4157	0.819897	0
5.30203	0.00809754	81.7826	0.817517	0
5.30434	0.00828823	82.7155	0.812076	0
5.31432	0.00805155	82.8155	0.814456	0
5.30715	0.00819976	82.5656	0.821257	0
5.3085	0.00818264	83.4652	0.830439	0
5.32023	0.00798559	83.4985	0.803914	0
5.31422	0.00810227	82.6989	0.819217	0
5.32273	0.00828875	83.8651	0.824318	0
5.32911	0.00813743	82.8988	0.802554	0
5.29876	0.00828635	80.9829	0.815816	0
5.29746	0.0080125	81.9159	0.820237	0
5.32491	0.00821286	82.0158	0.811396	0
5.32447	0.00826391	84.748	0.829079	0
5.31711	0.00796256	84.1316	0.831119	0
5.32554	0.00814164	84.065	0.815816	0
5.32188	0.00811058	82.3157	0.823298	0
5.31311	0.00813762	83.5152	0.837581	0
5.31824	0.00801938	82.1658	0.814456	0
5.32067	0.0081947	83.232	0.826358	0
5.3206	0.00817894	82.7822	0.809015	0
5.31239	0.0081781	81.7326	0.812756	0
5.30509	0.00808508	82.499	0.827379	0
5.3146	0.00812595	83.7318	0.814456	0
5.32356	0.00814897	83.182	0.830439	0
5.32085	0.00806173	84.5481	0.813436	0
5.32787	0.00816681	82.8988	0.814116	0
5.31999	0.00807464	82.9821	0.807315	0
5.29862	0.00796146	82.1491	0.803914	0
5.28936	0.00818056	82.8821	0.804594	0
5.30657	0.00808612	81.4327	0.812756	0
5.31543	0.00830841	82.6656	0.817177	0
5.31142	0.00809631	83.5818	0.8335	0
5.30921	0.00822383	81.3494	0.825338	0
5.30203	0.00821209	82.6822	0.831459	0
5.30673	0.00813769	82.8155	0.818197	0
5.31357	0.00806122	82.8488	0.83214	0
5.30667	0.00801348	82.7822	0.816497	0
5.31492	0.00804403	81.8659	0.817177	0
5.33073	0.00819126	83.232	0.821257	0
5.32142	0.00801769	81.8992	0.808675	0
5.30596	0.00816422	83.8151	0.818197	0
5.30867	0.00798111	83.2486	0.805614	0
5.30856	0.00824925	82.6322	0.809695	0
5.30956	0.00812627	82.6489	0.83282	0
5.31603	0.00812465	83.4319	0.815816	0
5.31742	0.00808366	83.5818	0.823978	0
5.31073	0.00802243	83.0321	0.820237	0
5.3108	0.00797832	82.7155	0.818537	0
5.31955	0.0081264	84.2649	0.820237	0
5.31532	0.00817284	82.4323	0.830439	0
5.30897	0.00818218	82.3823	0.807655	0
5.31195	0.00820339	83.0154	0.821598	0
5.31626	0.00813101	83.4652	0.823978	0
5.31089	0.00808178	82.4823	0.859005	0
5.30599	0.00815293	81.3328	0.811056	0
5.31002	0.00802385	83.4652	0.819557	0
5.31036	0.00838948	80.8996	0.805955	0
5.30386	0.00823907	81.5827	0.822958	0
5.31778	0.00821053	83.132	0.813096	0
5.31698	0.00824906	81.1495	0.812076	0
5.29858	0.00793726	81.9658	0.812756	0
5.31078	0.00812666	82.349	0.830099	0
5.31756	0.00807626	82.449	0.814456	0
5.31024	0.00818783	82.5656	0.790652	0
5.31523	0.00802541	82.1324	0.801874	0
5.31503	0.00819756	83.2486	0.817177	0
5.30825	0.00803177	82.7322	0.812076	0
5.30862	0.00809319	82.9488	0.808335	0
5.3174	0.00808638	81.9325	0.830779	0
5.30996	0.00832748	82.9988	0.826018	0
5.31585	0.00822564	83.4486	0.8318	0
5.32228	0.00832066	82.399	0.83452	0
5.30742	0.00824406	81.3161	0.829759	0
5.30663	0.00812491	83.7651	0.8352	0
5.31338	0.00804493	82.0658	0.796093	0
5.31546	0.00831366	83.1987	0.813776	0
5.32295	0.00822259	82.8988	0.83316	0
5.30811	0.00821909	82.5489	0.820917	0
5.30072	0.00797372	83.2486	0.804254	0
5.31683	0.00795646	81.7659	0.799493	0
5.30428	0.00798461	81.8492	0.819217	0
5.29076	0.00806893	81.8159	0.820237	0
5.30989	0.00810085	84.0983	0.809355	0
5.31717	0.00824322	81.8992	0.808335	0
5.3163	0.00824504	83.7818	0.825678	0
5.32428	0.00831327	81.6993	0.822278	0
5.31157	0.00813127	82.6156	0.804934	0
5.30636	0.00814482	83.5485	0.807315	0
5.32007	0.00815364	82.7655	0.815816	0
5.30658	0.00818504	80.733	0.802214	0
5.30364	0.00796431	81.7826	0.795753	0
5.32196	0.00798598	82.9155	0.818877	0
5.30147	0.00813736	82.3324	0.828739	0
5.30032	0.00802236	82.9654	0.83316	0
5.32992	0.00817252	82.4823	0.800854	0
5.32812	0.00805577	82.4823	0.810715	0
5.31923	0.00796379	84.4815	0.822278	0
5.31669	0.00805233	81.5993	0.831119	0
5.31408	0.00796502	83.7651	0.819897	0
5.314	0.00782414	82.0825	0.829079	0
5.31159	0.00820197	82.3324	0.794732	0
5.31639	0.00814878	83.3653	0.83656	0
5.31994	0.00825554	82.0825	0.807315	0
5.31149	0.00806861	83.9817	0.819217	0
5.30811	0.00833409	82.7655	0.822618	0
5.32325	0.00796593	83.6152	0.829759	0
5.32039	0.0081242	83.0654	0.819557	0
5.30994	0.00804059	83.5985	0.822278	0
5.31558	0.00797462	82.6489	0.793032	0
5.32316	0.0080845	83.0154	0.819557	0
5.32049	0.00820177	82.299	0.816157	0
5.30754	0.00813924	81.8326	0.790652	0
5.3141	0.00801568	84.5314	0.829759	0
5.31953	0.008208	82.2657	0.806975	0
5.32173	0.00800842	83.7484	0.815476	0
5.32534	0.00814638	82.1991	0.810375	0
5.31665	0.00828291	82.4157	0.813436	0
5.31991	0.0081877	84.065	0.814456	0
5.32551	0.00829842	82.5656	0.818537	0
5.31731	0.00831833	82.4323	0.794732	0
5.31124	0.00837774	82.9488	0.83554	0
5.31595	0.00815494	81.9325	0.813776	0
5.32323	0.00831139	83.4652	0.820237	0
0	0	0	0	0
0	0	0	0	0
0	0	0	0	0
0	0	0	0	0
0	0	0	0	0
0	0	0	0	0
0	0	0	0	0
0	0	0	0	0
0	0	0	0	0
0	0	0	0	0
0	0	0	0	0
0	0	0	0	0
0	0	0	0	0
0	0	0	0	0
0	0	0	0	0
0	0	0	0	0
0	0	0	0	0
0	0	0	0	0
0	0	0	0	0
0	0	0	0	0
0	0	0	0	0
0	0	0	0	0
0	0	0	0	0
0	0	0	0	0
0	0	0	0	0
0	0	0	0	0
0	0	0	0	0
0	0	0	0	0
0	0	0	0	0
0	0	0	0	0
0	0	0	0	0
0	0	0	0	0
0	0	0	0	0
0	0	0	0	0
0	0	0	0	0
0	0	0	0	0
0	0	0	0	0
0	0	0	0	0
0	0	0	0	0
0	0	0	0	0
0	0	0	0	0
0	0	0	0	0
0	0	0	0	0
0	0	0	0	0
0	0	0	0	0
0	0	0	0	0
0	0	0	0	0
0	0	0	0	0
0	0	0	0	0
0	0	0	0	0
0	0	0	0	0
0	0	0	0	0
0	0	0	0	0
0	0	0	0	0
0	0	0	0	0
0	0	0	0	0
0	0	0	0	0
0	0	0	0	0
0	0	0	0	0
0	0	0	0	0
0	0	0	0	0
0	0	0	0	0
0	0	0	0	0
0	0	0	0	0
0	0	0	0	0
0	0	0	0	0
0	0	0	0	0
0	0	0	0	0
0	0	0	0	0
0	0	0	0	0
0	0	0	0	0
0	0	0	0	0
0	0	0	0	0
0	0	0	0	0
0	0	0	0	0
0	0	0	0	0
0	0	0	0	0
0	0	0	0	0
0	0	0	0	0
0	0	0	0	0
0	0	0	0	0
0	0	0	0	0
0	0	0	0	0
0	0	0	0	0
0	0	0	0	0
0	0	0	0	0
0	0	0	0	0
0	0	0	0	0
0	0	0	0	0
0	0	0	0	0
0	0	0	0	0
0	0	0	0	0
0	0	0	0	0
0	0	0	0	0
0	0	0	0	0
0	0	0	0	0
0	0	0	0	0
0	0	0	0	0
0	0	0	0	0
0	0	0	0	0
0	0	0	0	0
0	0	0	0	0
0	0	0	0	0
0	0	0	0	0
0	0	0	0	0
0	0	0	0	0
0	0	0	0	0
0	0	0	0	0
0	0	0	0	0
0	0	0	0	0
0	0	0	0	0
0	0	0	0	0
0	0	0	0	0
0	0	0	0	0
0	0	0	0	0
0	0	0	0	0
0	0	0	0	0
0	0	0	0	0
0	0	0	0	0
0	0	0	0	0
0	0	0	0	0
0	0	0	0	0
0	0	0	0	0
0	0	0	0	0
0	0	0	0	0
0	0	0	0	0
0	0	0	0	0
0	0	0	0	0
0	0	0	0	0
0	0	0	0	0
0	0	0	0	0
0	0	0	0	0
0	0	0	0	0
0	0	0	0	0
0	0	0	0	0
0	0	0	0	0
0	0	0	0	0
0	0	0	0	0
0	0	0	0	0
0	0	0	0	0
0	0	0	0	0
0	0	0	0	0
0	0	0	0	0
0	0	0	0	0
0	0	0	0	0
0	0	0	0	0
0	0	0	0	0
0	0	0	0	0
0	0	0	0	0
0	0	0	0	0
0	0	0	0	0
0	0	0	0	0
0	0	0	0	0
0	0	0	0	0
0	0	0	0	0
0	0	0	0	0
0	0	0	0	0
0	0	0	0	0
0	0	0	0	0
0	0	0	0	0
0	0	0	0	0
0	0	0	0	0
0	0	0	0	0
0	0	0	0	0
0	0	0	0	0
0	0	0	0	0
0	0	0	0	0
0	0	0	0	0
0	0	0	0	0
0	0	0	0	0
0	0	0	0	0
0	0	0	0	0
0	0	0	0	0
0	0	0	0	0
0	0	0	0	0
0	0	0	0	0
0	0	0	0	0
0	0	0	0	0
0	0	0	0	0
0	0	0	0	0
0	0	0	0	0
0	0	0	0	0
0	0	0	0	0
0	0	0	0	0
0	0	0	0	0
0	0	0	0	0
0	0	0	0	0
0	0	0	0	0
0	0	0	0	0
0	0	0	0	0
0	0	0	0	0
0	0	0	0	0
0	0	0	0	0
0	0	0	0	0
0	0	0	0	0
0	0	0	0	0
0	0	0	0	0
0	0	0	0	0
0	0	0	0	0
0	0	0	0	0
0	0	0	0	0
0	0	0	0	0
0	0	0	0	0
0	0	0	0	0
0	0	0	0	0
0	0	0	0	0
0	0	0	0	0
0	0	0	0	0
0	0	0	0	0
0	0	0	0	0
0	0	0	0	0
0	0	0	0	0
0	0	0	0	0
0	0	0	0	0
0	0	0	0	0
0	0	0	0	0
0	0	0	0	0
0	0	0	0	0
0	0	0	0	0
0	0	0	0	0
0	0	0	0	0
0	0	0	0	0
0	0	0	0	0
0	0	0	0	0
0	0	0	0	0
0	0	0	0	0
0	0	0	0	0
0	0	0	0	0
0	0	0	0	0
0	0	0	0	0
0	0	0	0	0
0	0	0	0	0
0	0	0	0	0
0	0	0	0	0
0	0	0	0	0
0	0	0	0	0
0	0	0	0	0
0	0	0	0	0
0	0	0	0	0
0	0	0	0	0
0	0	0	0	0
0	0	0	0	0
0	0	0	0	0
0	0	0	0	0
0	0	0	0	0
0	0	0	0	0
0	0	0	0	0
0	0	0	0	0
0	0	0	0	0
0	0	0	0	0
0	0	0	0	0
0	0	0	0	0
0	0	0	0	0
0	0	0	0	0
0	0	0	0	0
0	0	0	0	0
0	0	0	0	0
0	0	0	0	0
0	0	0	0	0
0	0	0	0	0
0	0	0	0	0
0	0	0	0	0
0	0	0	0	0
0	0	0	0	0
0	0	0	0	0
0	0	0	0	0
0	0	0	0	0
0	0	0	0	0
0	0	0	0	0
0	0	0	0	0
0	0	0	0	0
0	0	0	0	0
0	0	0	0	0
0	0	0	0	0
0	0	0	0	0
0	0	0	0	0
0	0	0	0	0
0	0	0	0	0
0	0	0	0	0
0	0	0	0	0
0	0	0	0	0
0	0	0	0	0
0	0	0	0	0
0	0	0	0	0
0	0	0	0	0
0	0	0	0	0
0	0	0	0	0
0	0	0	0	0
0	0	0	0	0
0	0	0	0	0
0	0	0	0	0
0	0	0	0	0
0	0	0	0	0
0	0	0	0	0
0	0	0	0	0
0	0	0	0	0
0	0	0	0	0
0	0	0	0	0
0	0	0	0	0
0	0	0	0	0
0	0	0	0	0
0	0	0	0	0
0	0	0	0	0
0	0	0	0	0
0	0	0	0	0
0	0	0	0	0
0	0	0	0	0
0	0	0	0	0
0	0	0	0	0
0	0	0	0	0
0	0	0	0	0
0	0	0	0	0
0	0	0	0	0
0	0	0	0	0
0	0	0	0	0
0	0	0	0	0
0	0	0	0	0
0	0	0	0	0
0	0	0	0	0
0	0	0	0	0
0	0	0	0	0
0	0	0	0	0
0	0	0	0	0
0	0	0	0	0
0	0	0	0	0
0	0	0	0	0
0	0	0	0	0
0	0	0	0	0
0	0	0	0	0
0	0	0	0	0
0	0	0	0	0
0	0	0	0	0
0	0	0	0	0
0	0	0	0	0
0	0	0	0	0
0	0	0	0	0
0	0	0	0	0
0	0	0	0	0
0	0	0	0	0
0	0	0	0	0
0	0	0	0	0
0	0	0	0	0
0	0	0	0	0
0	0	0	0	0
0	0	0	0	0
0	0	0	0	0
0	0	0	0	0
0	0	0	0	0
0	0	0	0	0
0	0	0	0	0
0	0	0	0	0
0	0	0	0	0
0	0	0	0	0
0	0	0	0	0
0	0	0	0	0
0	0	0	0	0
0	0	0	0	0
0	0	0	0	0
0	0	0	0	0
0	0	0	0	0
0	0	0	0	0
0	0	0	0	0
0	0	0	0	0
0	0	0	0	0
0	0	0	0	0
0	0	0	0	0
0	0	0	0	0
0	0	0	0	0
0	0	0	0	0
0	0	0	0	0
0	0	0	0	0
0	0	0	0	0
0	0	0	0	0
0	0	0	0	0
0	0	0	0	0
0	0	0	0	0
0	0	0	0	0
0	0	0	0	0
0	0	0	0	0
0	0	0	0	0
0	0	0	0	0
0	0	0	0	0
0	0	0	0	0
0	0	0	0	0
0	0	0	0	0
0	0	0	0	0
0	0	0	0	0
0	0	0	0	0
0	0	0	0	0
0	0	0	0	0
0	0	0	0	0
0	0	0	0	0
0	0	0	0	0
0	0	0	0	0
0	0	0	0	0
0	0	0	0	0
0	0	0	0	0
0	0	0	0	0
0	0	0	0	0
0	0	0	0	0
