a2610519.050186
Narit-cm 05/01/2026 18:35:02 05/01/2026 19:05:01 0045 0013.384714 0052.542598 00.0 00.0
0002390 0010 0000000 0010 05 0000000 0010 0000000 0010
1 0 1 01600 1 0000 3.75 00000.o 0 0 01 000 16 002390 0.500 BT0
1 2 1 02000 1 0000 3.75 00000.o 0 0 01 000 16 002390 0.500 S2A0
1 1 1 01600 1 0000 3.75 00000.o 0 0 00 000 00 002390 3.1746 BC0
1 3 1 02000 1 0000 3.75 00000.o 0 0 00 000 00 002390 3.1746 S2P0
1 5 0 01600 0 0000 1.00 00000.o 0 0 00 000 00 000000 0.000 OF0
0.000 .o Analog 0 	0.000 .o Analog StErr 0 	0.000 .o Photon Counting 0 	0.000 .o PC StErr 0 	0.000 .o Overflow Info 0 
21.7753	0.110558	181.439	0.894048	0
47.7874	0.282038	193.439	0.872133	0
222.489	2.17179	117.657	1.34022	0
470.21	0.204576	1.72385	0.167784	0
473.457	9.01287E-6	0	0	0
473.457	0	0.0167364	0.0167784	0
473.457	0	18.2427	0.592037	0
473.457	6.40045E-6	23.9163	0.669766	0
473.457	0	11.2134	0.455413	0
473.457	6.40045E-6	27.1967	0.654015	0
473.457	9.01287E-6	68.1506	0.934796	0
473.457	6.40045E-6	124.569	1.05635	0
473.457	0	159.013	1.03444	0
473.457	0	141.105	1.05875	0
473.457	0	114.477	0.973489	0
473.457	0	111.314	0.970407	0
473.457	6.40045E-6	122.142	0.952601	0
473.457	0	137.222	0.940274	0
473.457	0	136.937	0.914935	0
473.457	0	129.908	0.910826	0
473.457	0	140.134	0.944383	0
473.457	0	155.967	0.912539	0
473.457	0	170.695	0.938905	0
473.457	0	183.732	0.919044	0
473.457	0	196.268	0.873161	0
473.457	0	198.561	0.899184	0
473.457	0	202.209	0.890282	0
473.457	0	204.301	0.900554	0
473.457	0	203.699	0.901239	0
473.457	0	203.23	0.909114	0
473.592	0.0365074	203.967	0.891651	1
476.764	0.175221	202.544	0.879667	1
484.447	0.253853	205.456	0.888912	1
498.372	0.114345	203.799	0.882748	1
499.989	0.0110994	203.046	0.878297	1
500	0	203.615	0.882748	1
499.787	0.0371296	204.151	0.889597	1
495.201	0.263877	203.364	0.885488	1
480.751	0.567111	203.381	0.874188	1
443.278	0.721616	201.305	0.870764	1
396.841	0.727651	203.715	0.906033	0
350.516	0.678192	201.724	0.891309	0
308.039	0.652645	202.092	0.879667	0
266.706	0.629325	202.745	0.895075	0
226.978	0.582835	203.464	0.885488	0
190.713	0.539068	202.979	0.899869	0
157.149	0.490259	203.197	0.873161	0
126.675	0.433038	202.427	0.848164	0
100.341	0.372042	200.569	0.88446	0
78.0616	0.314056	200.485	0.88446	0
59.6517	0.259819	199.347	0.863916	0
45.1302	0.208352	197.289	0.858094	0
33.9911	0.165762	195.13	0.85604	0
25.6129	0.130248	193.038	0.843371	0
19.5634	0.101798	193.523	0.883776	0
15.2198	0.0805697	190.51	0.852273	0
12.1123	0.0640315	189.874	0.84611	0
9.941	0.0513169	188.351	0.846452	0
8.41117	0.0420532	186.025	0.856382	0
7.31421	0.0355444	184.837	0.852616	0
6.50877	0.0313287	180.837	0.852958	0
5.96806	0.0284574	180.586	0.858094	0
5.59103	0.0262555	177.322	0.841316	0
5.299	0.0247373	175.9	0.85604	0
5.13512	0.0235835	173.992	0.84474	0
5.01207	0.0225915	170.025	0.852273	0
4.87396	0.0210111	170.226	0.845767	0
4.80106	0.020663	167.498	0.837549	0
4.77732	0.0203692	164.787	0.841316	0
4.75829	0.0208759	162.343	0.848164	0
4.75263	0.0200099	161.724	0.870079	0
4.76671	0.0198599	160.402	0.823853	0
4.80891	0.019708	158.778	0.875558	0
4.85266	0.0192996	158.025	0.861519	0
4.8693	0.0193466	155.565	0.866312	0
4.87228	0.0187144	154.477	0.852958	0
4.91683	0.0183064	155.23	0.861176	0
4.98911	0.0185953	153.088	0.845767	0
5.01772	0.0183953	152.519	0.835837	0
5.0253	0.0183168	150.644	0.828304	0
5.06542	0.0180032	149.992	0.831386	0
5.12021	0.0180259	149.54	0.864943	0
5.17277	0.0176914	148.787	0.84611	0
5.21643	0.017046	147.515	0.853301	0
5.26262	0.0173645	145.138	0.850219	0
5.32175	0.0168781	146.527	0.845083	0
5.3797	0.0167001	145.607	0.846795	0
5.41171	0.0168534	145.222	0.849876	0
5.43943	0.0162516	144.151	0.836865	0
5.4868	0.01586	143.079	0.846452	0
5.50714	0.0160869	142.377	0.837207	0
5.54064	0.0156222	141.322	0.837549	0
5.59295	0.0153523	141.004	0.845767	0
5.62943	0.0158273	140.971	0.855355	0
5.67493	0.0156313	140.435	0.831386	0
5.69134	0.015206	140.067	0.854328	0
5.69971	0.0152809	138.293	0.85741	0
5.74811	0.0152606	137.757	0.842001	0
5.79191	0.0149269	138.745	0.840631	0
5.82977	0.0145097	137.105	0.849876	0
5.8696	0.0146105	136.05	0.845425	0
5.86955	0.0144025	136.351	0.843713	0
5.9014	0.0144898	135.715	0.859807	0
5.96317	0.014444	135.297	0.827962	0
5.98897	0.0144804	135.146	0.85604	0
5.99871	0.0139591	134.142	0.84474	0
6.01667	0.0141768	133.238	0.84748	0
6.04469	0.0142122	132.72	0.836522	0
6.07134	0.0139861	132.536	0.845767	0
6.10242	0.0139875	132.703	0.862546	0
6.13864	0.0136456	132.05	0.836865	0
6.18135	0.0137698	131.498	0.860491	0
6.20192	0.0135975	131.414	0.85604	0
6.2174	0.014116	131.046	0.853643	0
6.25542	0.0139939	132.251	0.836522	0
6.28284	0.0138743	130.343	0.837892	0
6.27862	0.0133464	130.343	0.856382	0
6.27802	0.0133659	129.054	0.852958	0
6.2883	0.0138369	129.975	0.871449	0
6.31829	0.0137614	128.569	0.829331	0
6.33456	0.0134234	127.347	0.860834	0
6.34749	0.0131299	126.996	0.865285	0
6.38361	0.0135157	128.201	0.849534	0
6.38205	0.0134976	127.013	0.851589	0
6.3777	0.0134882	126.879	0.85741	0
6.40138	0.0131603	126.209	0.84611	0
6.42144	0.0132078	125.339	0.842343	0
6.42128	0.0131837	126.31	0.857752	0
6.40774	0.0128703	124.586	0.846795	0
6.42841	0.0129027	125.891	0.836522	0
6.45195	0.0132818	124.418	0.840289	0
6.44913	0.013075	124.017	0.858094	0
6.44422	0.0127223	123.247	0.838577	0
6.44388	0.0127684	123.331	0.842343	0
6.44349	0.0129806	123.013	0.845083	0
6.4145	0.0129446	120.603	0.844055	0
6.40788	0.0123788	121.992	0.840631	0
6.40729	0.0123803	119.883	0.850904	0
6.36848	0.0123024	119.565	0.863573	0
6.34932	0.0124345	118.326	0.841658	0
6.34729	0.0125538	118.745	0.876242	0
6.33845	0.012535	117.473	0.84474	0
6.32717	0.0121942	117.556	0.862203	0
6.31076	0.0122738	116.703	0.862888	0
6.29394	0.0122341	114.762	0.846795	0
6.28002	0.0118827	115.046	0.850219	0
6.26903	0.0120592	115.816	0.835153	0
6.25099	0.0116061	114.226	0.860149	0
6.22659	0.0114349	112.435	0.850904	0
6.21094	0.0114559	112.402	0.852273	0
6.19157	0.0116059	111.28	0.848507	0
6.16565	0.0115747	111.096	0.858437	0
6.14179	0.0114349	109.071	0.853301	0
6.12664	0.0115254	109.975	0.845767	0
6.08469	0.0115058	107.531	0.853985	0
6.04344	0.011359	106.209	0.868367	0
6.03769	0.0113212	107.247	0.831044	0
6.00387	0.0111779	105.155	0.828647	0
5.96754	0.0110592	103.849	0.818374	0
5.95917	0.0108109	103.816	0.838577	0
5.93477	0.0107404	102.661	0.84474	0
5.9018	0.0105989	101.674	0.851589	0
5.88436	0.010331	101.121	0.842001	0
5.85912	0.0105236	99.7322	0.852616	0
5.82672	0.0102046	99.4477	0.855698	0
5.81067	0.010412	99.046	0.867682	0
5.78679	0.0103417	95.5481	0.82488	0
5.74314	0.0101038	95.5816	0.862546	0
5.71921	0.00992533	95.2803	0.833783	0
5.70908	0.0097036	94.2594	0.836522	0
5.68668	0.00998123	92.2343	0.860834	0
5.65008	0.00944667	90.7782	0.859464	0
5.61754	0.00935895	91.2803	0.863573	0
5.60747	0.00959969	90.5607	0.831044	0
5.58568	0.00946632	89.0042	0.847137	0
5.54092	0.00922846	87.8326	0.849534	0
5.51693	0.00921775	86.477	0.846452	0
5.50413	0.00901444	85.205	0.828647	0
5.47089	0.00886011	85.0377	0.839262	0
5.44859	0.00867215	83.8661	0.84748	0
5.4355	0.00868286	82.6109	0.823853	0
5.40157	0.00858143	80.7364	0.83344	0
5.36719	0.0084751	79.682	0.824538	0
5.34611	0.00851697	79.113	0.820771	0
5.3291	0.00841143	78.5774	0.829331	0
5.31436	0.00819936	78.3264	0.809129	0
5.29898	0.0083181	76.251	0.845767	0
5.28506	0.00793538	75.9163	0.838919	0
5.26422	0.00808768	73.9414	0.830016	0
5.23646	0.00803563	72.3013	0.815292	0
5.21497	0.008024	71.9163	0.805705	0
5.20724	0.00780521	71.9498	0.809129	0
5.18971	0.00778066	71.046	0.817347	0
5.16068	0.00752699	71.2134	0.812896	0
5.14876	0.0077064	69.7071	0.827619	0
5.12615	0.00750171	67.0293	0.809471	0
5.10176	0.00731976	65.3222	0.807417	0
5.09492	0.00744084	66.4603	0.810156	0
5.07191	0.00738442	65.4728	0.793035	0
5.04981	0.00711168	65.1715	0.795775	0
5.03887	0.00699262	63.046	0.782078	0
5.01394	0.00709189	62.2594	0.80639	0
4.99372	0.00702155	61.59	0.807074	0
4.98094	0.00670701	60.4854	0.790638	0
4.96988	0.00670309	59.6485	0.798172	0
4.95612	0.00668755	59.3305	0.805705	0
4.93995	0.00660794	57.7573	0.790981	0
4.92367	0.00650004	56.7364	0.759479	0
4.91172	0.00636446	55.7657	0.777969	0
4.9003	0.00645446	56.4351	0.76393	0
4.89885	0.00655366	56.1674	0.796117	0
4.88355	0.00635362	52.9707	0.750576	0
4.85538	0.00616898	53.0879	0.756054	0
4.8439	0.00613855	52.5858	0.77386	0
4.83188	0.00605946	51.3473	0.75263	0
4.81261	0.00598716	51.0962	0.748521	0
4.80437	0.00595836	49.7908	0.740646	0
4.79657	0.00578261	49.3724	0.727634	0
4.78197	0.0057606	49.7573	0.750918	0
4.76561	0.00588083	47.6485	0.731743	0
4.7473	0.00570156	46.4937	0.746124	0
4.7411	0.00577803	46.0084	0.730716	0
4.73137	0.00552313	45.5397	0.735852	0
4.70982	0.00550177	44.318	0.738934	0
4.6926	0.00540433	42.4268	0.713937	0
4.6818	0.00537579	43.3808	0.72421	0
4.67439	0.00527482	41.7071	0.71291	0
4.66452	0.00528291	41.0544	0.707431	0
4.64724	0.00504466	40.7531	0.717704	0
4.63643	0.00509332	39.1967	0.677984	0
4.63047	0.00509397	39.2971	0.701268	0
4.61951	0.00498797	38.7113	0.683805	0
4.61068	0.0050446	38.477	0.704692	0
4.6064	0.00508555	38.5774	0.705719	0
4.59531	0.00496067	37.3054	0.691338	0
4.58568	0.00485245	36.8703	0.688256	0
4.57211	0.00478309	35.9833	0.694077	0
4.56418	0.00464444	35.7155	0.668738	0
4.55824	0.00469022	34.9958	0.667711	0
4.54051	0.00473391	34.0084	0.651275	0
4.53173	0.00462602	34.3096	0.656411	0
4.5292	0.00445628	33.1715	0.646824	0
4.51788	0.00443329	32.5021	0.655384	0
4.51264	0.00447012	33.2887	0.66052	0
4.5025	0.00433042	30.8285	0.641345	0
4.4938	0.00436145	30.8117	0.626964	0
4.4908	0.00437046	29.841	0.630045	0
4.47566	0.00436843	28.9707	0.617718	0
4.47139	0.00419301	29.6067	0.604022	0
4.46956	0.00404475	28.1172	0.614979	0
4.45695	0.00422044	28.4686	0.612925	0
4.45461	0.00425088	29.0544	0.623882	0
4.44764	0.00405155	27.0628	0.59101	0
4.43746	0.00409622	27.6653	0.61087	0
4.43171	0.00406252	26.8285	0.613609	0
4.4247	0.00391159	26.3598	0.594434	0
4.41657	0.00385366	26.6946	0.604707	0
4.41332	0.0038884	26.2594	0.603679	0
4.40227	0.00378815	24.9874	0.583477	0
4.38608	0.00371801	23.7155	0.577313	0
4.38476	0.00377522	23.8326	0.572862	0
4.39062	0.00368333	24.6192	0.561562	0
4.38436	0.00366386	24.1674	0.58108	0
4.37295	0.00369769	23.3138	0.579025	0
4.36907	0.00361991	23.2803	0.571492	0
4.36574	0.00362193	22.5105	0.567041	0
4.35763	0.00362402	22.2427	0.555056	0
4.35381	0.00358144	22.7615	0.564644	0
4.35452	0.00353932	22.2092	0.550262	0
4.34424	0.00350542	20.8536	0.535196	0
4.33496	0.00345075	20.9038	0.544099	0
4.33243	0.00343828	20.2176	0.538278	0
4.33102	0.0034695	21.0544	0.546496	0
4.32744	0.00342613	20.4686	0.545469	0
4.31961	0.00337787	20.0502	0.529375	0
4.30926	0.00325175	19.2636	0.535881	0
4.30386	0.00325195	18.9121	0.527321	0
4.30379	0.00319866	19.5146	0.533827	0
4.30202	0.00321701	18.7782	0.517391	0
4.2949	0.00329029	18.6109	0.519445	0
4.29038	0.00323157	18.3264	0.519445	0
4.29076	0.00324888	19.0126	0.529375	0
4.28634	0.00320577	17.3222	0.497873	0
4.27731	0.00315065	17.523	0.499585	0
4.27726	0.00312995	17.8577	0.501297	0
4.27828	0.00310004	17.3389	0.499585	0
4.27202	0.00313765	17.2552	0.491709	0
4.26554	0.0030632	17.0711	0.495133	0
4.26112	0.00311558	17.0377	0.502324	0
4.25619	0.0029636	16.6695	0.494106	0
4.25375	0.0029557	16.2678	0.492737	0
4.25181	0.00295642	15.4644	0.471849	0
4.24799	0.00304028	15.749	0.485888	0
4.24609	0.00301938	16.4184	0.4876	0
4.24366	0.00298796	15.9833	0.478013	0
4.23547	0.00287269	15.5649	0.487943	0
4.2282	0.00281548	14.6778	0.458837	0
4.225	0.00280157	14.3933	0.46774	0
4.22798	0.00294806	15.2636	0.478355	0
4.23094	0.00296589	15.3975	0.483834	0
4.22554	0.00289783	14.8954	0.47904	0
4.22219	0.00279288	14.7113	0.484519	0
4.21735	0.00281078	14.3096	0.463631	0
4.21282	0.00276369	13.7908	0.447195	0
4.21113	0.00271751	13.7741	0.448907	0
4.20716	0.00267558	13.6067	0.451647	0
4.20376	0.00271699	13.4226	0.448223	0
4.19868	0.0026874	12.7364	0.440005	0
4.19357	0.00274886	13.2385	0.449592	0
4.1942	0.00272189	12.5188	0.440347	0
4.1934	0.00273116	12.6192	0.440347	0
4.18609	0.00259858	12.3013	0.431787	0
4.18272	0.0025784	11.7322	0.421172	0
4.18523	0.00263189	12.569	0.440005	0
4.18279	0.00256423	12.1674	0.438292	0
4.1759	0.00252759	11.8828	0.425965	0
4.17443	0.00263228	11.3975	0.416378	0
4.17259	0.00251746	10.9791	0.418775	0
4.17209	0.00254267	12.4184	0.430759	0
4.17056	0.00257513	10.9289	0.405421	0
4.16359	0.00259754	10.9289	0.412269	0
4.15985	0.00248527	11.1297	0.410557	0
4.15915	0.00250963	11.0962	0.414323	0
4.15414	0.00249265	10.5941	0.405763	0
4.15228	0.00244634	11.1464	0.413638	0
4.15273	0.00247749	10.8285	0.408502	0
4.14866	0.00242577	10.6109	0.400969	0
4.14524	0.00238567	10.795	0.402681	0
4.14592	0.00236914	9.85774	0.385218	0
4.14374	0.00238417	10.4435	0.397203	0
4.14274	0.00239919	10.2594	0.402339	0
4.14109	0.00232624	9.85774	0.39686	0
4.13977	0.00239925	9.94142	0.391381	0
4.13764	0.00240245	9.79079	0.387615	0
4.13019	0.00232552	9.45607	0.391724	0
4.12506	0.00229567	8.95397	0.372549	0
4.12675	0.00235419	9.50628	0.387272	0
4.1251	0.00232192	9.02092	0.374945	0
4.1192	0.00220907	9.50628	0.383506	0
4.11904	0.00228718	8.80335	0.362961	0
4.12147	0.00225302	9.37238	0.386245	0
4.11873	0.00222572	9.35565	0.379739	0
4.11674	0.00224355	8.9205	0.363646	0
4.11435	0.00221984	9.12134	0.381109	0
4.11458	0.00232865	8.5523	0.366728	0
4.11597	0.002299	9.22176	0.372891	0
4.11512	0.00221103	8.66946	0.361249	0
4.11185	0.00216466	8.82008	0.373233	0
4.11095	0.00221286	8.28452	0.353031	0
4.11066	0.00222337	9.1046	0.377342	0
4.10753	0.00222866	8.53556	0.363303	0
4.10365	0.00222892	8.38494	0.359879	0
4.10123	0.00224688	8.60251	0.377685	0
4.09954	0.00223408	8.45188	0.362276	0
4.09675	0.00214617	7.61506	0.345498	0
4.0974	0.00221318	8.80335	0.372206	0
4.09759	0.00218059	7.84937	0.354743	0
4.09562	0.0022687	8.10042	0.359879	0
4.09823	0.00215643	8	0.352004	0
4.09695	0.00222847	8.48536	0.363303	0
4.09597	0.00213468	9.02092	0.373233	0
4.09522	0.00219849	7.96653	0.353373	0
4.09164	0.00214062	7.73222	0.346525	0
4.08912	0.00220672	7.59833	0.347895	0
4.08662	0.00219085	7.4477	0.335568	0
4.0836	0.00205774	7.71548	0.349607	0
4.08019	0.00208557	7.2636	0.342758	0
4.07839	0.00209686	8.06695	0.35714	0
4.07763	0.00216348	7.02929	0.332486	0
4.07264	0.00208139	7.0795	0.338992	0
4.0698	0.00206186	6.94561	0.331116	0
4.06634	0.00199374	6.96234	0.327007	0
4.06227	0.00192745	6.39331	0.319817	0
4.05972	0.00190374	5.85774	0.307147	0
4.05867	0.00189904	5.57322	0.299614	0
4.05797	0.00187611	5.75732	0.302353	0
4.05777	0.00194469	5.89121	0.30612	0
4.05705	0.00191249	6.05858	0.310229	0
4.05404	0.00190113	5.2887	0.287287	0
4.05109	0.00184215	5.35565	0.287629	0
4.05065	0.00187455	5.89121	0.317762	0
4.04758	0.00188807	5.33891	0.299614	0
4.04445	0.00186109	5.6569	0.299614	0
4.04381	0.00180943	5.64017	0.300299	0
4.04268	0.00185541	5.64017	0.298244	0
4.03977	0.00182347	5.00418	0.282836	0
4.03889	0.00179069	5.05439	0.285917	0
4.04016	0.00177247	5.4728	0.293108	0
4.04123	0.00174948	5.22176	0.291396	0
4.03892	0.00172969	5.42259	0.287972	0
4.03706	0.00170781	4.78661	0.277015	0
4.03832	0.00179957	4.83682	0.273933	0
4.04031	0.0018063	5.37238	0.291738	0
4.03734	0.0017581	5.25523	0.293108	0
4.03458	0.00180767	5.05439	0.283178	0
4.03501	0.00183719	5.23849	0.292766	0
4.03295	0.00179735	5.00418	0.280781	0
4.02777	0.00179141	5.02092	0.288999	0
4.02957	0.00178977	5.00418	0.285917	0
4.03031	0.00176443	5.38912	0.290369	0
4.02822	0.00179506	5.27197	0.29345	0
4.02708	0.00176293	4.56904	0.267769	0
4.02993	0.00173909	4.97071	0.280096	0
4.03047	0.00178363	5.23849	0.282151	0
4.02569	0.00174347	4.58577	0.278384	0
4.02289	0.00177083	4.41841	0.271536	0
4.02392	0.00168802	4.58577	0.267084	0
4.02393	0.00173354	4.83682	0.275987	0
4.02077	0.00173922	4.75314	0.280096	0
4.01822	0.00172792	4.31799	0.267769	0
4.01963	0.00180088	5.13808	0.292766	0
4.01877	0.00175888	4.40167	0.266742	0
4.01414	0.00174393	4.1841	0.261263	0
4.01641	0.00167568	4.66946	0.272221	0
4.01963	0.00176267	5.45607	0.290711	0
4.01516	0.00173106	4.31799	0.262633	0
4.01238	0.0017257	4.13389	0.261263	0
4.01701	0.00176143	4.87029	0.285917	0
4.02036	0.00176646	4.93724	0.288314	0
4.01779	0.0017645	4.87029	0.279754	0
4.01516	0.00176476	4.71967	0.27633	0
4.01457	0.00172845	4.98745	0.287287	0
4.01468	0.00178252	4.71967	0.27633	0
4.00964	0.00171414	4.06695	0.256127	0
4.00733	0.00173661	4.45188	0.269139	0
4.0084	0.00177514	4.56904	0.266742	0
4.00455	0.00171532	4.1841	0.267769	0
4.00195	0.00169187	3.96653	0.255785	0
4.00208	0.00164674	4.10042	0.264688	0
4.00083	0.00164589	4.25105	0.264003	0
4.00137	0.0016265	3.96653	0.249279	0
4.00267	0.00164818	4.45188	0.270166	0
4.00417	0.00167346	3.84937	0.247224	0
4.0012	0.0016361	3.68201	0.243458	0
4.00139	0.00163897	4.35146	0.265715	0
4.00267	0.00165177	4.31799	0.265715	0
4.00216	0.00169292	4.1841	0.256127	0
4.00018	0.00165425	4.33473	0.26503	0
3.9986	0.00167574	4.08368	0.252361	0
3.99698	0.0016199	4.10042	0.26366	0
3.99467	0.0015943	3.68201	0.242431	0
3.99313	0.00160481	3.88285	0.249279	0
3.99606	0.00166536	4.51883	0.269824	0
3.99442	0.00164041	3.68201	0.243458	0
3.99108	0.00160553	3.6318	0.242088	0
3.99441	0.00164622	4.35146	0.267769	0
3.99541	0.00162728	4	0.252361	0
3.99435	0.00160161	4.23431	0.260579	0
3.99468	0.00162584	3.94979	0.254415	0
3.99323	0.00164896	3.94979	0.254415	0
3.99219	0.001641	3.8159	0.249621	0
3.99048	0.00161788	4	0.256812	0
3.9873	0.00163571	3.74895	0.24654	0
3.98742	0.00156275	3.89958	0.256127	0
3.98695	0.00160076	3.59833	0.248252	0
3.98621	0.00166523	3.98326	0.261606	0
3.98448	0.00162323	3.4477	0.239349	0
3.98491	0.00162016	3.8159	0.248594	0
3.98636	0.00162447	3.39749	0.23524	0
3.98508	0.00160005	4.20084	0.260921	0
3.987	0.00161781	3.83264	0.248936	0
3.98618	0.00162108	3.4477	0.240376	0
3.98409	0.00162179	3.78243	0.248594	0
3.98471	0.00164851	3.8159	0.247224	0
3.98371	0.00158659	3.48117	0.237979	0
3.98259	0.00161605	3.88285	0.251333	0
3.98164	0.00155701	3.6318	0.242088	0
3.97819	0.00158842	3.73222	0.242773	0
3.97726	0.00160207	3.33054	0.232158	0
3.97862	0.00157412	3.48117	0.240034	0
3.98001	0.00161265	4.03347	0.25647	0
3.97971	0.00162134	3.69874	0.246197	0
3.97601	0.00160018	3.41423	0.236952	0
3.97715	0.00160148	3.68201	0.245855	0
3.97665	0.00154571	3.16318	0.223255	0
3.976	0.00156955	3.61506	0.241746	0
3.97942	0.00164374	3.89958	0.254073	0
3.97845	0.00163714	3.38075	0.236267	0
3.97528	0.00160285	3.6318	0.238664	0
3.9769	0.00163068	3.8159	0.24517	0
3.978	0.00160978	3.84937	0.249279	0
3.97347	0.00153245	3.48117	0.237979	0
3.97092	0.0015781	3.48117	0.237979	0
3.97369	0.00154185	3.21339	0.228734	0
3.97353	0.00156151	3.73222	0.2438	0
3.97197	0.00159502	3.73222	0.252703	0
3.97	0.00154205	3.21339	0.228734	0
3.9696	0.00150717	3.51464	0.23524	0
3.97083	0.00155191	3.4477	0.240376	0
3.97086	0.00153996	3.46444	0.234897	0
3.97041	0.0015572	3.68201	0.243458	0
3.96859	0.00151945	3.43096	0.23524	0
3.96747	0.00156687	3.11297	0.225652	0
3.96739	0.00151397	3.33054	0.228734	0
3.96823	0.00152174	3.17992	0.22531	0
3.96769	0.00149535	3.31381	0.234213	0
3.96542	0.00151743	3.23013	0.231473	0
3.9658	0.00155616	3.6318	0.242088	0
3.96646	0.00153428	3.24686	0.228391	0
3.96471	0.00154727	3.17992	0.226337	0
3.96223	0.0015427	2.96234	0.218119	0
3.96317	0.00150672	3.31381	0.23524	0
3.96522	0.00156491	3.61506	0.242773	0
3.96312	0.00154786	3.28033	0.230788	0
3.96118	0.00157601	3.39749	0.233185	0
3.96285	0.00149379	3.02929	0.217777	0
3.96291	0.00153859	3.54812	0.242088	0
3.96333	0.00152768	2.97908	0.221201	0
3.96329	0.00153101	3.49791	0.235925	0
3.96137	0.00156119	3.0795	0.224625	0
3.96322	0.00155185	3.58159	0.244143	0
3.96231	0.00154133	3.16318	0.223255	0
3.96031	0.00150972	3.4477	0.235582	0
3.96087	0.00157144	3.36402	0.230788	0
3.96081	0.00152736	3.34728	0.230446	0
3.95822	0.00154891	3.2636	0.2325	0
3.95747	0.00153108	3.36402	0.236952	0
3.95713	0.00150188	2.92887	0.220858	0
3.95768	0.00149477	2.8954	0.216064	0
3.95944	0.00149522	3.4477	0.240376	0
3.95903	0.00152311	2.99582	0.221886	0
3.9571	0.00155387	3.17992	0.22257	0
3.95474	0.00150685	3.24686	0.232158	0
3.9549	0.00147217	2.91213	0.21538	0
3.95582	0.00150489	3.16318	0.224625	0
3.95311	0.0014836	2.81172	0.218461	0
3.9506	0.0014399	3.06276	0.22394	0
3.95356	0.00149633	3.38075	0.231473	0
3.95367	0.00150567	2.94561	0.217777	0
3.95002	0.00144572	2.92887	0.220858	0
3.95282	0.00146688	3.01255	0.222228	0
3.95481	0.00151547	3.19665	0.227022	0
3.95048	0.0014642	2.69456	0.206477	0
3.94987	0.00151122	2.99582	0.220516	0
3.9529	0.00152174	2.97908	0.22257	0
3.95217	0.00155583	2.94561	0.217777	0
3.94897	0.00151717	2.37657	0.197916	0
3.9484	0.00147053	3.02929	0.221543	0
3.94865	0.00145963	2.7113	0.213668	0
3.94835	0.00149659	2.92887	0.215722	0
3.94624	0.0014723	3.01255	0.219831	0
3.94347	0.00143448	2.56067	0.205792	0
3.94554	0.0014768	2.39331	0.198259	0
3.94615	0.00140764	2.77824	0.214695	0
3.94288	0.00139817	2.44351	0.204422	0
3.94293	0.00146524	2.82845	0.212298	0
3.94541	0.00144859	2.57741	0.205107	0
3.94291	0.00142456	2.7113	0.212298	0
3.94365	0.00143383	2.44351	0.198944	0
3.9461	0.00141927	2.74477	0.208189	0
3.94381	0.00142521	2.74477	0.213668	0
3.94004	0.00139379	2.37657	0.196204	0
3.93991	0.00142756	2.29289	0.191753	0
3.94183	0.00140712	2.77824	0.210586	0
3.94186	0.00143801	2.74477	0.216064	0
3.93936	0.00143344	2.49372	0.202025	0
3.93798	0.00144258	2.66109	0.206819	0
3.93806	0.00141541	2.22594	0.192095	0
3.93711	0.0013697	2.159	0.187986	0
3.93715	0.00138485	2.35983	0.199971	0
3.93972	0.00141058	2.86192	0.215037	0
3.93924	0.00137427	2.20921	0.191411	0
3.93654	0.00140117	2.5272	0.204765	0
3.93854	0.00139027	2.32636	0.194492	0
3.93778	0.00135448	2.12552	0.185247	0
3.93649	0.00138903	2.56067	0.207162	0
3.93367	0.00134011	1.89121	0.175317	0
3.93258	0.00133155	2.00837	0.181823	0
3.934	0.0013552	1.77406	0.170181	0
3.93294	0.0013311	1.94142	0.177371	0
3.93203	0.00138289	2.14226	0.185932	0
3.93056	0.00128858	1.57322	0.159223	0
3.93106	0.00127669	1.89121	0.173605	0
3.93307	0.00130817	2.04184	0.183193	0
3.93148	0.00129472	2.07531	0.183193	0
3.93089	0.00132731	2.07531	0.189014	0
3.93172	0.00131751	2.10879	0.18285	0
3.92941	0.0013085	1.87448	0.176002	0
3.92977	0.00133319	1.87448	0.174632	0
3.93079	0.00131451	1.9749	0.177371	0
3.93006	0.00130948	1.99163	0.181138	0
3.92897	0.00135036	1.92469	0.179768	0
3.9288	0.00130425	1.841	0.174632	0
3.92783	0.00126579	1.80753	0.169838	0
3.92859	0.00129792	2.159	0.189356	0
3.9273	0.00132143	1.82427	0.173947	0
3.92458	0.00120955	1.38912	0.149978	0
3.92592	0.00126481	1.90795	0.176002	0
3.9282	0.00131653	2.0251	0.182508	0
3.92646	0.00129727	1.77406	0.170181	0
3.92584	0.00125351	1.6569	0.16299	0
3.92708	0.00125984	1.53975	0.160936	0
3.9271	0.00130967	1.90795	0.180796	0
3.92629	0.00131196	1.80753	0.174975	0
3.92573	0.00128335	1.70711	0.167099	0
3.92595	0.00133449	1.95816	0.179768	0
3.92547	0.00128878	1.60669	0.164017	0
3.92333	0.00125638	1.74059	0.170181	0
3.92333	0.00130615	1.95816	0.179768	0
3.92321	0.00126866	1.75732	0.167784	0
3.92374	0.00125625	1.69038	0.166414	0
3.92247	0.00126846	1.92469	0.178399	0
3.92085	0.00122941	1.50628	0.159223	0
3.92048	0.00122693	1.75732	0.170866	0
3.92226	0.00128113	1.82427	0.172235	0
3.92137	0.00124756	1.4728	0.155799	0
3.92018	0.00120668	1.42259	0.153402	0
3.92124	0.00119479	1.38912	0.15169	0
3.92158	0.00124201	1.74059	0.171893	0
3.92058	0.00125912	1.40586	0.150663	0
3.91964	0.00121524	1.50628	0.155799	0
3.92158	0.001265	1.67364	0.165729	0
3.92044	0.0012345	1.6569	0.166414	0
3.91815	0.00125501	1.37238	0.150663	0
3.91903	0.00125155	1.64017	0.165729	0
3.91872	0.00122771	1.62343	0.163332	0
3.91776	0.00123613	1.62343	0.166757	0
3.91915	0.00125645	1.40586	0.152718	0
3.91779	0.00123992	1.57322	0.159223	0
3.91646	0.00123	1.40586	0.152718	0
3.9177	0.00122229	1.57322	0.160936	0
3.91795	0.00124116	1.69038	0.171208	0
3.91737	0.00123496	1.35565	0.149978	0
3.91704	0.00121746	1.62343	0.16162	0
3.91683	0.00117997	1.13808	0.135939	0
3.91438	0.00120446	1.35565	0.147924	0
3.91393	0.00116495	1.23849	0.143815	0
3.91472	0.00119381	1.37238	0.152718	0
3.91474	0.00119865	1.18828	0.141075	0
3.91344	0.00116893	1.25523	0.1445	0
3.91387	0.00118728	1.23849	0.14176	0
3.91328	0.00123228	1.35565	0.15169	0
3.91243	0.00121217	1.1046	0.138336	0
3.91373	0.00120165	1.38912	0.153402	0
3.91371	0.00120302	1.35565	0.149978	0
3.91189	0.00119264	1.2887	0.1445	0
3.9122	0.0011366	1.12134	0.137309	0
3.91269	0.00117866	1.30544	0.145527	0
3.91369	0.00121497	1.30544	0.147239	0
3.91187	0.00115201	0.987448	0.127036	0
3.91121	0.00115482	1.13808	0.135939	0
3.91233	0.00116965	1.33891	0.148951	0
3.91144	0.00115456	1.05439	0.131145	0
3.91079	0.00117585	1.17155	0.137994	0
3.9109	0.00117579	1.08787	0.135254	0
3.91013	0.00118075	1.33891	0.147239	0
3.9106	0.00120328	0.903766	0.121558	0
3.91045	0.00117866	1.07113	0.134227	0
3.90961	0.00115789	1.02092	0.131145	0
3.911	0.00115169	0.903766	0.121558	0
3.91149	0.00118598	1.4728	0.157854	0
3.90969	0.00120381	1.1046	0.136282	0
3.90911	0.00115358	1.1046	0.136282	0
3.90958	0.00120792	1.12134	0.137309	0
3.90844	0.00113699	0.987448	0.129091	0
3.90798	0.00114052	1.15481	0.136966	0
3.90873	0.00114653	1.08787	0.1332	0
3.9083	0.00117474	1.22176	0.140733	0
3.90859	0.00116129	1.05439	0.1332	0
3.90919	0.0011445	1.05439	0.131145	0
3.90884	0.00119499	1.1046	0.134227	0
3.90868	0.0011626	1.17155	0.137994	0
3.90783	0.00113752	1.05439	0.131145	0
3.90783	0.00113223	1.20502	0.140048	0
3.90781	0.00111342	0.970711	0.126009	0
3.90698	0.00112197	1.05439	0.1332	0
3.9067	0.00112027	0.987448	0.129091	0
3.90775	0.00113268	1.08787	0.135254	0
3.90881	0.00112955	1.30544	0.145527	0
3.90716	0.00116031	0.887029	0.127379	0
3.90705	0.00111831	0.870293	0.121558	0
3.90748	0.00111701	0.970711	0.126009	0
3.90643	0.00113007	0.83682	0.117106	0
3.90427	0.0011144	0.769874	0.112312	0
3.90644	0.00112445	1.02092	0.1332	0
3.90669	0.00117396	1.12134	0.137309	0
3.90548	0.00113497	0.736402	0.109916	0
3.90483	0.00111603	1.17155	0.142103	0
3.90706	0.00113784	1.08787	0.135254	0
3.90371	0.00114059	0.853556	0.118134	0
3.90216	0.00108964	0.937238	0.126009	0
3.90483	0.00108906	0.953975	0.127036	0
3.9053	0.00112067	1.03766	0.130118	0
3.90419	0.00108442	0.619247	0.101013	0
3.90479	0.00109552	1.1046	0.136282	0
3.90505	0.00112269	1.02092	0.129091	0
3.90364	0.00110943	0.83682	0.117106	0
3.9037	0.00112001	0.937238	0.123955	0
3.90527	0.00113686	0.803347	0.117106	0
3.9032	0.00110016	0.83682	0.117106	0
3.9022	0.00112027	0.736402	0.109916	0
3.90497	0.00116469	0.970711	0.126009	0
3.90406	0.00115195	0.953975	0.124982	0
3.90397	0.00112184	0.853556	0.118134	0
3.90551	0.00113098	1.05439	0.131145	0
3.90364	0.00113314	0.853556	0.12053	0
3.90324	0.00112994	0.987448	0.131488	0
3.90333	0.00112354	1.07113	0.134227	0
3.90157	0.00111022	0.937238	0.126009	0
3.9023	0.00111178	0.820084	0.118476	0
3.90456	0.00115835	1.08787	0.135254	0
3.90256	0.00111714	0.736402	0.109916	0
3.90092	0.00114202	1.05439	0.135254	0
3.90239	0.00112955	1.12134	0.137309	0
3.9028	0.00111995	1.02092	0.131145	0
3.90051	0.00106607	0.937238	0.123955	0
3.90065	0.00110127	0.853556	0.12053	0
3.90168	0.00112308	0.853556	0.118134	0
3.90262	0.00113536	1.08787	0.137309	0
3.90107	0.00113196	0.870293	0.121558	0
3.901	0.0011462	0.853556	0.118134	0
3.90333	0.00112968	0.853556	0.122927	0
3.90295	0.00115548	0.736402	0.115052	0
3.90121	0.00113314	0.786611	0.116079	0
3.90329	0.0011575	1.08787	0.1332	0
3.902	0.00106979	0.569038	0.0969037	0
3.90189	0.00109859	0.987448	0.127036	0
3.90156	0.00111107	0.903766	0.121558	0
3.90047	0.0011112	0.920502	0.122585	0
3.90004	0.00110741	0.719665	0.108888	0
3.90019	0.00109533	0.753138	0.111285	0
3.89957	0.00110545	0.920502	0.127036	0
3.89907	0.00108546	0.803347	0.114709	0
3.89925	0.00106358	0.669456	0.105122	0
3.901	0.00109722	1.00418	0.128064	0
3.9001	0.00109624	0.669456	0.105122	0
3.899	0.00105229	0.736402	0.109916	0
3.89985	0.00106848	0.719665	0.108888	0
3.90108	0.00108605	0.753138	0.111285	0
3.90093	0.00108723	0.853556	0.118134	0
3.90125	0.00111995	1.07113	0.134227	0
3.89888	0.00110316	0.853556	0.118134	0
3.89826	0.00107142	0.518828	0.0924523	0
3.89913	0.00111551	0.937238	0.126009	0
3.8996	0.001127	0.702929	0.107519	0
3.89901	0.00112471	0.60251	0.102382	0
3.89928	0.00110656	0.853556	0.118134	0
3.8986	0.00108377	0.619247	0.101013	0
3.89851	0.00107057	0.853556	0.118134	0
3.89985	0.00110264	0.870293	0.119503	0
3.89983	0.00112733	0.786611	0.116079	0
3.90004	0.00110793	0.953975	0.124982	0
3.89983	0.00111067	0.60251	0.099643	0
3.89926	0.00110035	0.953975	0.127036	0
3.89877	0.00108024	0.820084	0.116079	0
3.8975	0.00107743	0.60251	0.099643	0
3.89733	0.00107116	0.719665	0.108888	0
3.898	0.0011063	0.669456	0.105122	0
3.89711	0.00110806	0.736402	0.112655	0
3.89589	0.00107599	0.719665	0.108888	0
3.89725	0.00106326	0.719665	0.108888	0
3.89715	0.00109075	0.619247	0.101013	0
3.8965	0.00106868	0.569038	0.0969037	0
3.89683	0.00105973	0.585774	0.0982734	0
3.89738	0.00107077	0.736402	0.109916	0
3.89647	0.001095	0.719665	0.108888	0
3.89638	0.00110186	0.719665	0.108888	0
3.89624	0.00107194	0.686192	0.106149	0
3.89616	0.00105758	0.518828	0.0924523	0
3.89726	0.0010931	0.786611	0.113682	0
3.89877	0.001114	0.903766	0.121558	0
3.89677	0.00106985	0.669456	0.107519	0
3.89547	0.00105287	0.686192	0.106149	0
3.8959	0.00107521	0.769874	0.112312	0
3.89587	0.00106509	0.870293	0.121558	0
3.89567	0.0010694	0.702929	0.107519	0
3.8966	0.00108579	0.803347	0.114709	0
3.89695	0.00105366	0.719665	0.108888	0
3.89723	0.0010788	0.83682	0.117106	0
3.8957	0.0010468	0.60251	0.099643	0
3.896	0.00105882	0.702929	0.107519	0
3.89771	0.00108226	0.753138	0.111285	0
3.89664	0.00107103	0.619247	0.101013	0
3.89537	0.00107482	0.65272	0.103752	0
3.89624	0.00109088	0.686192	0.106149	0
3.89613	0.00105346	0.769874	0.112312	0
3.89414	0.00104745	0.702929	0.107519	0
3.89485	0.00107371	0.619247	0.101013	0
3.89591	0.00107436	0.65272	0.103752	0
3.89533	0.00106796	0.736402	0.109916	0
3.89503	0.00106476	0.569038	0.0969037	0
3.89503	0.00105764	0.753138	0.111285	0
3.89494	0.00104216	0.569038	0.099643	0
3.89366	0.00102962	0.552301	0.0955341	0
3.89526	0.00106567	0.485356	0.0927947	0
3.89663	0.00106169	0.83682	0.119503	0
3.89532	0.00108808	0.803347	0.114709	0
3.89453	0.0010743	0.702929	0.107519	0
3.89619	0.00105816	0.619247	0.101013	0
3.8952	0.00106208	0.753138	0.111285	0
3.89436	0.00106816	0.619247	0.101013	0
3.895	0.00105581	0.753138	0.111285	0
3.89429	0.0010385	0.65272	0.106491	0
3.89483	0.00106907	0.753138	0.111285	0
3.89484	0.00105679	0.619247	0.101013	0
3.89543	0.00106371	0.65272	0.103752	0
3.89489	0.00106071	0.686192	0.106149	0
3.8935	0.00104406	0.535565	0.0941644	0
3.89554	0.0010709	0.786611	0.113682	0
3.89586	0.00106071	0.686192	0.106149	0
3.89511	0.00106254	0.786611	0.113682	0
3.89461	0.00106195	0.585774	0.0982734	0
3.89378	0.00105065	0.41841	0.0832071	0
3.89256	0.00104739	0.585774	0.101013	0
3.89408	0.00107952	0.619247	0.101013	0
3.89437	0.00104438	0.569038	0.0969037	0
3.89326	0.00107691	0.569038	0.0969037	0
3.89392	0.00107456	0.635983	0.102382	0
3.8936	0.00105176	0.485356	0.089713	0
3.89339	0.00107136	0.619247	0.103752	0
3.89416	0.00104393	0.686192	0.106149	0
3.89409	0.00103962	0.669456	0.105122	0
3.89317	0.00102525	0.535565	0.0941644	0
3.89403	0.00103387	0.769874	0.112312	0
3.89545	0.00105542	0.552301	0.0955341	0
3.89355	0.00101878	0.451883	0.089713	0
3.89296	0.00105144	0.435146	0.0849192	0
3.89366	0.00105934	0.552301	0.0955341	0
3.89328	0.00103589	0.502092	0.0910826	0
3.89298	0.00104588	0.65272	0.103752	0
3.89359	0.00105281	0.451883	0.0866312	0
3.89273	0.00103099	0.485356	0.089713	0
3.89404	0.00106502	0.635983	0.105122	0
3.89397	0.0010451	0.635983	0.102382	0
3.89297	0.0010165	0.619247	0.101013	0
3.89419	0.00103831	0.435146	0.0849192	0
3.89455	0.00105379	0.65272	0.103752	0
3.89416	0.00107181	0.753138	0.113682	0
3.89273	0.00103602	0.468619	0.0880009	0
3.89201	0.00103524	0.569038	0.0969037	0
3.89248	0.00102949	0.635983	0.102382	0
3.89229	0.00102381	0.41841	0.0832071	0
3.89238	0.00102179	0.635983	0.102382	0
3.89353	0.00103184	0.669456	0.105122	0
3.89148	0.00101578	0.451883	0.0866312	0
3.89147	0.00103178	0.635983	0.102382	0
3.89325	0.0010067	0.485356	0.089713	0
3.8926	0.00102087	0.60251	0.099643	0
3.8928	0.00102518	0.502092	0.0910826	0
3.89309	0.00105183	0.535565	0.0941644	0
3.89276	0.00101891	0.351464	0.0763588	0
3.89213	0.00101747	0.569038	0.0969037	0
3.8923	0.00100121	0.435146	0.0849192	0
3.89247	0.00101591	0.518828	0.0924523	0
3.89272	0.00103001	0.619247	0.101013	0
3.89313	0.00107795	0.502092	0.0910826	0
3.89242	0.00103446	0.451883	0.0866312	0
3.89187	0.00105444	0.552301	0.0955341	0
3.89205	0.00103537	0.451883	0.0866312	0
3.89151	0.00101728	0.468619	0.0880009	0
3.89107	0.00101329	0.41841	0.0832071	0
3.89263	0.00103478	0.569038	0.0969037	0
3.89325	0.00105091	0.569038	0.0969037	0
3.89251	0.0010434	0.552301	0.0955341	0
3.89246	0.00102701	0.451883	0.0866312	0
3.89336	0.00104758	0.569038	0.0969037	0
3.8923	0.00101251	0.569038	0.0969037	0
3.8926	0.00102903	0.635983	0.102382	0
3.89311	0.00103387	0.435146	0.0849192	0
3.89188	0.00101865	0.451883	0.0866312	0
3.89113	0.00103171	0.435146	0.0849192	0
3.89253	0.00104184	0.468619	0.0880009	0
3.89223	0.00102283	0.435146	0.0849192	0
3.89247	0.00103948	0.451883	0.0866312	0
3.89282	0.00104726	0.635983	0.102382	0
3.89274	0.0010293	0.552301	0.0955341	0
3.89163	0.00104882	0.65272	0.106491	0
3.89322	0.00101578	0.451883	0.0866312	0
3.89293	0.00102348	0.552301	0.0955341	0
3.89309	0.00103726	0.468619	0.0880009	0
3.89352	0.0010387	0.702929	0.107519	0
3.89274	0.00105124	0.518828	0.0924523	0
3.8925	0.0010453	0.60251	0.099643	0
3.89163	0.000995204	0.384937	0.0797829	0
3.89116	0.00101591	0.518828	0.0986158	0
3.89245	0.00104588	0.468619	0.0880009	0
3.89138	0.0010001	0.535565	0.0941644	0
3.89047	0.00101094	0.384937	0.0797829	0
3.89101	0.00102786	0.518828	0.0955341	0
3.89136	0.00102355	0.669456	0.105122	0
3.89101	0.000995596	0.502092	0.0941644	0
3.89102	0.000996445	0.351464	0.0763588	0
3.89166	0.00100748	0.468619	0.0880009	0
3.89278	0.0010293	0.485356	0.089713	0
3.89383	0.00105542	0.686192	0.108888	0
3.89361	0.00105686	0.585774	0.0982734	0
3.8926	0.00102884	0.435146	0.0849192	0
3.89253	0.00105327	0.686192	0.106149	0
3.89307	0.00102512	0.485356	0.089713	0
3.89283	0.00104301	0.435146	0.0849192	0
3.89214	0.00104144	0.502092	0.0910826	0
3.8926	0.00104954	0.502092	0.0941644	0
3.89175	0.00102917	0.401674	0.081495	0
3.89165	0.00103073	0.60251	0.102382	0
3.89269	0.00104092	0.401674	0.081495	0
3.89292	0.00103321	0.702929	0.110258	0
3.89267	0.00101741	0.619247	0.101013	0
3.8909	0.00102061	0.468619	0.0880009	0
3.89066	0.00104536	0.502092	0.0910826	0
3.89041	0.00102427	0.41841	0.0832071	0
3.8893	0.000985277	0.41841	0.0832071	0
3.88971	0.000982664	0.384937	0.0797829	0
3.8914	0.00100428	0.451883	0.0866312	0
3.89096	0.000990697	0.368201	0.0780708	0
3.89096	0.000995792	0.435146	0.0849192	0
3.89124	0.000999841	0.451883	0.0866312	0
3.89054	0.000976133	0.301255	0.0708801	0
3.89136	0.00100918	0.317992	0.0725922	0
3.89201	0.000999906	0.251046	0.0647166	0
3.89222	0.00103929	0.518828	0.0924523	0
3.8931	0.00104171	0.468619	0.0880009	0
3.89293	0.00101859	0.351464	0.0763588	0
3.89216	0.0010353	0.451883	0.0866312	0
3.89259	0.000988542	0.334728	0.0746467	0
3.89206	0.00101689	0.435146	0.0914251	0
3.89215	0.00102675	0.635983	0.102382	0
3.89273	0.00101976	0.384937	0.0797829	0
3.89096	0.00101408	0.384937	0.0797829	0
3.89108	0.00101297	0.502092	0.0910826	0
3.89275	0.0010161	0.435146	0.0849192	0
3.89051	0.000962026	0.384937	0.0797829	0
3.8913	0.00100043	0.435146	0.0849192	0
3.89335	0.00102401	0.384937	0.0797829	0
3.89163	0.00100069	0.435146	0.0849192	0
3.8914	0.00101101	0.451883	0.0866312	0
3.89131	0.0010274	0.384937	0.0797829	0
3.89143	0.000987367	0.368201	0.0780708	0
3.89195	0.00101121	0.41841	0.0832071	0
3.8908	0.00101734	0.401674	0.0849192	0
3.89061	0.00103256	0.334728	0.0746467	0
3.89253	0.00100494	0.435146	0.0849192	0
3.89312	0.00096712	0.317992	0.0725922	0
3.89133	0.000984232	0.251046	0.0647166	0
3.89088	0.00102636	0.451883	0.0866312	0
3.89172	0.00102394	0.301255	0.0708801	0
3.89197	0.000993636	0.351464	0.0763588	0
3.89218	0.00100794	0.585774	0.101013	0
3.89207	0.00102022	0.23431	0.0623197	0
3.89253	0.000986844	0.451883	0.0866312	0
3.89235	0.000982925	0.384937	0.0797829	0
3.89189	0.00101669	0.485356	0.089713	0
3.89172	0.00100807	0.569038	0.099643	0
3.89241	0.00101832	0.401674	0.0883433	0
3.89111	0.000984232	0.1841	0.0554714	0
3.89184	0.000958826	0.41841	0.0866312	0
3.89281	0.00100814	0.435146	0.0849192	0
3.89088	0.000985669	0.301255	0.0708801	0
3.89135	0.000993049	0.41841	0.0832071	0
3.89213	0.00100676	0.401674	0.081495	0
3.89151	0.00101937	0.65272	0.106491	0
3.8928	0.000996445	0.267782	0.0667711	0
3.89152	0.000996379	0.401674	0.081495	0
3.89189	0.000985015	0.301255	0.0708801	0
3.89244	0.000997947	0.401674	0.081495	0
3.89187	0.00100298	0.351464	0.0763588	0
3.89159	0.000972802	0.284519	0.0688256	0
3.89134	0.000998012	0.468619	0.0880009	0
3.89144	0.000993963	0.401674	0.081495	0
3.89188	0.00101192	0.518828	0.0924523	0
3.89106	0.00100494	0.351464	0.0763588	0
3.89077	0.000993049	0.41841	0.0832071	0
3.89148	0.000983056	0.217573	0.0602652	0
3.89237	0.00099233	0.451883	0.0866312	0
3.89291	0.000995269	0.41841	0.0832071	0
3.8919	0.000999841	0.351464	0.0763588	0
3.89168	0.0010065	0.451883	0.0866312	0
3.89117	0.000991351	0.368201	0.0780708	0
3.89114	0.000977962	0.401674	0.081495	0
3.89103	0.000967251	0.217573	0.0602652	0
3.89169	0.000982991	0.317992	0.0725922	0
3.89169	0.00100657	0.41841	0.0832071	0
3.89231	0.000998992	0.41841	0.0832071	0
3.89266	0.00100141	0.485356	0.089713	0
3.89104	0.00100605	0.301255	0.0708801	0
3.8914	0.000984689	0.41841	0.0832071	0
3.89133	0.00096085	0.41841	0.0832071	0
3.89147	0.00100056	0.301255	0.0708801	0
3.89224	0.00100814	0.351464	0.0763588	0
3.89198	0.000976656	0.267782	0.0667711	0
3.89099	0.000980901	0.334728	0.0746467	0
3.89195	0.000979595	0.384937	0.0797829	0
3.89233	0.000992657	0.401674	0.081495	0
3.89305	0.00100944	0.502092	0.0941644	0
3.89232	0.00100291	0.267782	0.0667711	0
3.89116	0.000970386	0.267782	0.0667711	0
3.89149	0.000974109	0.251046	0.0647166	0
3.89128	0.00101232	0.401674	0.0849192	0
3.89195	0.000999645	0.401674	0.081495	0
3.89247	0.00100422	0.401674	0.081495	0
3.89106	0.000966598	0.150628	0.0499927	0
3.89213	0.000975937	0.351464	0.0763588	0
3.89372	0.000992069	0.301255	0.0708801	0
3.89341	0.000993114	0.384937	0.0797829	0
3.89381	0.000983383	0.384937	0.0797829	0
3.89396	0.000995661	0.301255	0.0708801	0
3.89211	0.000973194	0.334728	0.0746467	0
3.89283	0.000971235	0.435146	0.0849192	0
3.89264	0.000993832	0.401674	0.081495	0
3.89186	0.000993441	0.351464	0.0763588	0
3.89203	0.00097437	0.317992	0.0725922	0
3.8916	0.000978615	0.317992	0.0725922	0
3.89119	0.000983317	0.23431	0.0623197	0
3.89206	0.000982076	0.351464	0.0763588	0
3.89311	0.00101741	0.267782	0.0667711	0
3.89256	0.00100343	0.301255	0.0708801	0
3.89094	0.00098064	0.1841	0.0554714	0
3.89181	0.000975807	0.317992	0.0725922	0
3.89299	0.00100872	0.468619	0.0880009	0
3.89223	0.000968949	0.1841	0.0554714	0
3.89182	0.000977766	0.468619	0.0880009	0
3.89304	0.000978093	0.301255	0.0708801	0
3.89155	0.00097117	0.41841	0.0832071	0
3.89211	0.00099429	0.284519	0.0688256	0
3.89228	0.000984819	0.334728	0.0746467	0
3.89323	0.000979921	0.267782	0.0708801	0
3.89386	0.00101878	0.368201	0.0780708	0
3.89345	0.000993375	0.401674	0.081495	0
3.89296	0.000976982	0.251046	0.0647166	0
3.89319	0.000998143	0.384937	0.0797829	0
3.89299	0.000995335	0.317992	0.0725922	0
3.89322	0.00099331	0.251046	0.0647166	0
3.89213	0.000974566	0.301255	0.0708801	0
3.89289	0.000958434	0.23431	0.0623197	0
3.89313	0.000959022	0.351464	0.0763588	0
3.89227	0.000981162	0.334728	0.0746467	0
3.89069	0.000966206	0.284519	0.0688256	0
3.89276	0.00095543	0.368201	0.0780708	0
3.89379	0.000992265	0.384937	0.0797829	0
3.8923	0.00100213	0.317992	0.0725922	0
3.89322	0.000992657	0.384937	0.0797829	0
3.89415	0.000999188	0.368201	0.0780708	0
3.8939	0.00101107	0.351464	0.0763588	0
3.89242	0.000989914	0.368201	0.0780708	0
3.89371	0.000989261	0.468619	0.0910826	0
3.89401	0.000976721	0.1841	0.0554714	0
3.89336	0.000981293	0.334728	0.0746467	0
3.89384	0.000987758	0.334728	0.0746467	0
3.89377	0.000993375	0.334728	0.0746467	0
3.89379	0.000996641	0.368201	0.0780708	0
3.89362	0.000969994	0.217573	0.0602652	0
3.89281	0.000982991	0.351464	0.0763588	0
3.89393	0.00101271	0.368201	0.0780708	0
3.89367	0.000987301	0.251046	0.0688256	0
3.89326	0.000992004	0.334728	0.0746467	0
3.89502	0.00100356	0.41841	0.0832071	0
3.89422	0.000974958	0.23431	0.0623197	0
3.89442	0.000984428	0.384937	0.0797829	0
3.89342	0.000979333	0.217573	0.0602652	0
3.89236	0.000979791	0.251046	0.0647166	0
3.89333	0.000977635	0.217573	0.0602652	0
3.89377	0.00100722	0.502092	0.0910826	0
3.89232	0.000978811	0.334728	0.0746467	0
3.89412	0.00100089	0.284519	0.0688256	0
3.89361	0.000992265	0.351464	0.0763588	0
3.89331	0.000979072	0.301255	0.0708801	0
3.89269	0.000977505	0.217573	0.0602652	0
3.89342	0.000984297	0.334728	0.0746467	0
3.89418	0.000976264	0.251046	0.0647166	0
3.89389	0.000958042	0.301255	0.0708801	0
3.89376	0.000970843	0.301255	0.0708801	0
3.89384	0.000974827	0.200837	0.0578683	0
3.89463	0.000979333	0.301255	0.0708801	0
3.89486	0.000984754	0.251046	0.0647166	0
3.89413	0.000977962	0.317992	0.0725922	0
3.89386	0.000964443	0.284519	0.0688256	0
3.89427	0.000962549	0.267782	0.0667711	0
3.89458	0.000977766	0.384937	0.0797829	0
3.89499	0.000991873	0.351464	0.0801253	0
3.89456	0.000983644	0.284519	0.0688256	0
3.89413	0.000958107	0.384937	0.0797829	0
3.89474	0.000973455	0.217573	0.0602652	0
3.89526	0.00099762	0.317992	0.0725922	0
3.89465	0.000972998	0.284519	0.0688256	0
3.89464	0.000967447	0.251046	0.0647166	0
3.89444	0.000970712	0.150628	0.0499927	0
3.89474	0.000974892	0.41841	0.0832071	0
3.89508	0.000979072	0.284519	0.0688256	0
3.89335	0.00095014	0.23431	0.0623197	0
3.89362	0.000960328	0.301255	0.0708801	0
3.89495	0.000994028	0.351464	0.0763588	0
3.89411	0.000978093	0.251046	0.0647166	0
3.89491	0.000982338	0.251046	0.0647166	0
3.89508	0.000971496	0.41841	0.0866312	0
3.89531	0.000979529	0.251046	0.0647166	0
3.89493	0.00098077	0.200837	0.0578683	0
3.89526	0.000985146	0.251046	0.0647166	0
3.89564	0.000983252	0.284519	0.0688256	0
3.89546	0.000960328	0.267782	0.0667711	0
3.89535	0.000955168	0.284519	0.0688256	0
3.89524	0.000963594	0.334728	0.0746467	0
3.89534	0.000954123	0.301255	0.0708801	0
3.8958	0.000981815	0.317992	0.0725922	0
3.89631	0.000968753	0.23431	0.0623197	0
3.89554	0.000983709	0.368201	0.0780708	0
3.89475	0.000974109	0.317992	0.0725922	0
3.89397	0.000960328	0.251046	0.0647166	0
3.89466	0.000980052	0.217573	0.0602652	0
3.89598	0.000976264	0.301255	0.0708801	0
3.89522	0.000959806	0.217573	0.0602652	0
3.89506	0.000963202	0.251046	0.0647166	0
3.89592	0.000965553	0.251046	0.0647166	0
3.89569	0.000960393	0.217573	0.0602652	0
3.89628	0.000967969	0.317992	0.0725922	0
3.89571	0.000973455	0.251046	0.0647166	0
3.8958	0.00100494	0.351464	0.0763588	0
3.89597	0.00100115	0.317992	0.0725922	0
3.89599	0.000978876	0.267782	0.0667711	0
3.89559	0.000974566	0.284519	0.0688256	0
3.8963	0.000986387	0.334728	0.0746467	0
3.89637	0.000964312	0.251046	0.0647166	0
3.89535	0.000984428	0.251046	0.0647166	0
3.8952	0.000961504	0.200837	0.0578683	0
3.89542	0.00094818	0.200837	0.0578683	0
3.89581	0.000954058	0.200837	0.0578683	0
3.89659	0.000963071	0.351464	0.0763588	0
3.8956	0.00095125	0.1841	0.0554714	0
3.896	0.000969014	0.217573	0.0602652	0
3.8959	0.000951707	0.251046	0.0647166	0
3.89618	0.000953732	0.301255	0.0708801	0
3.89538	0.00097437	0.267782	0.0667711	0
3.89488	0.000957062	0.351464	0.0763588	0
3.89604	0.000963332	0.200837	0.0578683	0
3.89658	0.000984754	0.267782	0.0667711	0
3.89674	0.000974958	0.251046	0.0647166	0
3.89767	0.000975611	0.368201	0.0780708	0
3.89702	0.000974174	0.284519	0.0688256	0
3.89503	0.000955038	0.1841	0.0554714	0
3.89607	0.000947396	0.1841	0.0554714	0
3.89689	0.000972672	0.267782	0.0667711	0
3.89607	0.000967904	0.267782	0.0667711	0
3.89547	0.000953993	0.1841	0.0554714	0
3.89703	0.00096921	0.317992	0.0725922	0
3.8967	0.000955626	0.150628	0.0499927	0
3.8965	0.000975415	0.217573	0.0602652	0
3.89774	0.000991808	0.267782	0.0667711	0
3.8961	0.000965879	0.1841	0.0554714	0
3.89612	0.000952099	0.251046	0.0647166	0
3.89697	0.000937404	0.200837	0.0578683	0
3.8968	0.000937469	0.251046	0.0647166	0
3.89705	0.000947723	0.267782	0.0667711	0
3.89718	0.000952164	0.200837	0.0578683	0
3.89759	0.00094707	0.133891	0.0472534	0
3.89779	0.000957585	0.1841	0.0554714	0
3.89837	0.000966467	0.284519	0.0688256	0
3.89767	0.000945045	0.217573	0.0602652	0
3.89842	0.000955038	0.217573	0.0602652	0
3.89739	0.000937926	0.200837	0.0578683	0
3.89685	0.000940343	0.267782	0.0667711	0
3.89774	0.000962222	0.368201	0.0780708	0
3.89628	0.000965161	0.1841	0.0554714	0
3.89667	0.00095863	0.251046	0.0647166	0
3.89702	0.000962091	0.200837	0.0578683	0
3.89667	0.000942237	0.251046	0.0688256	0
3.89705	0.000946025	0.167364	0.0527321	0
3.89684	0.000956213	0.167364	0.0527321	0
3.89756	0.000963267	0.200837	0.0578683	0
3.89748	0.000930089	0.083682	0.0373233	0
3.89667	0.000942825	0.1841	0.0554714	0
3.89691	0.000939494	0.217573	0.0602652	0
3.89695	0.000943478	0.100418	0.0410899	0
3.89597	0.000937012	0.1841	0.0602652	0
3.89736	0.000950662	0.200837	0.0626621	0
3.89809	0.000969276	0.251046	0.0647166	0
3.89738	0.000933289	0.217573	0.0602652	0
3.89811	0.000968884	0.284519	0.0688256	0
3.89908	0.000992265	0.267782	0.0667711	0
3.89828	0.000953405	0.1841	0.0554714	0
3.89883	0.000963202	0.200837	0.0578683	0
3.89921	0.000965357	0.200837	0.0578683	0
3.89894	0.000960263	0.251046	0.0647166	0
3.89857	0.000950205	0.267782	0.0667711	0
3.89922	0.000974174	0.317992	0.0725922	0
3.89951	0.000950662	0.267782	0.0667711	0
3.8978	0.000931787	0.1841	0.0554714	0
3.89724	0.000946286	0.133891	0.0472534	0
3.89834	0.000981358	0.284519	0.0688256	0
3.89829	0.000944653	0.117155	0.0441717	0
3.89803	0.000954515	0.301255	0.0708801	0
3.89872	0.000938318	0.167364	0.0527321	0
3.89845	0.000969667	0.23431	0.0623197	0
3.89821	0.000968753	0.217573	0.0602652	0
3.89743	0.000949029	0.1841	0.0554714	0
3.89832	0.000931199	0.117155	0.0441717	0
3.89829	0.000948507	0.251046	0.0647166	0
3.89892	0.000959283	0.1841	0.0554714	0
3.89923	0.00095138	0.1841	0.0554714	0
3.89951	0.000937208	0.167364	0.0527321	0
3.9	0.000952948	0.167364	0.0527321	0
3.89895	0.00096294	0.1841	0.0554714	0
3.89824	0.000958107	0.150628	0.0499927	0
3.89996	0.000943804	0.23431	0.0623197	0
3.89917	0.000962744	0.133891	0.0472534	0
3.89821	0.000948246	0.167364	0.0527321	0
3.89987	0.000959348	0.217573	0.0602652	0
3.89948	0.000969341	0.167364	0.0527321	0
3.89932	0.000952295	0.251046	0.0647166	0
3.90056	0.000947658	0.167364	0.0527321	0
3.90018	0.000968949	0.251046	0.0647166	0
3.89951	0.000981162	0.217573	0.0602652	0
3.89957	0.000962222	0.117155	0.0441717	0
3.89899	0.000914088	0.083682	0.0373233	0
3.89933	0.000944262	0.251046	0.0647166	0
3.89973	0.000954907	0.167364	0.0527321	0
3.89956	0.00095236	0.217573	0.0602652	0
3.89977	0.000938253	0.167364	0.0527321	0
3.89999	0.000944653	0.167364	0.0527321	0
3.90021	0.00097019	0.251046	0.0647166	0
3.90059	0.000963006	0.217573	0.0602652	0
3.89978	0.000948964	0.167364	0.0527321	0
3.9	0.000952752	0.217573	0.0602652	0
3.90078	0.000958107	0.200837	0.0578683	0
3.89974	0.000942955	0.150628	0.0499927	0
3.89967	0.000922774	0.217573	0.0602652	0
3.90156	0.000962744	0.217573	0.0602652	0
3.90207	0.00097868	0.301255	0.0708801	0
3.89981	0.000937535	0.150628	0.0499927	0
3.89994	0.000939233	0.23431	0.0623197	0
3.90092	0.000956017	0.167364	0.0527321	0
3.90036	0.000971888	0.1841	0.0554714	0
3.90048	0.000962287	0.200837	0.0578683	0
3.90095	0.000964639	0.150628	0.0499927	0
3.90044	0.000969733	0.133891	0.0472534	0
3.90057	0.000948376	0.267782	0.0667711	0
3.90114	0.000922513	0.117155	0.0441717	0
3.90092	0.000940604	0.284519	0.0688256	0
3.90096	0.000928522	0.217573	0.0602652	0
3.90092	0.000945502	0.200837	0.0578683	0
3.90091	0.000946547	0.1841	0.0554714	0
3.9021	0.000928391	0.200837	0.0578683	0
3.90197	0.000951772	0.267782	0.0667711	0
3.90153	0.000941192	0.23431	0.0623197	0
3.9008	0.000960589	0.1841	0.0554714	0
3.90172	0.000969014	0.200837	0.0578683	0
3.9026	0.000958369	0.23431	0.0623197	0
3.90195	0.000952883	0.217573	0.0647166	0
3.90095	0.000941714	0.217573	0.0602652	0
3.90199	0.000953797	0.200837	0.0578683	0
3.90226	0.000930416	0.217573	0.0602652	0
3.9022	0.000945698	0.200837	0.0578683	0
3.90247	0.000952556	0.23431	0.0623197	0
3.90245	0.000945111	0.1841	0.0554714	0
3.90193	0.000945633	0.100418	0.0410899	0
3.90234	0.000943217	0.23431	0.0623197	0
3.90234	0.000964116	0.23431	0.0623197	0
3.90219	0.000943217	0.217573	0.0602652	0
3.90139	0.000938253	0.100418	0.0410899	0
3.90108	0.000942302	0.317992	0.0725922	0
3.90083	0.000940016	0.1841	0.0554714	0
3.90224	0.000935706	0.150628	0.0499927	0
3.90321	0.000944262	0.217573	0.0602652	0
3.90301	0.000961242	0.301255	0.0708801	0
3.90293	0.000957977	0.200837	0.0578683	0
3.90246	0.000943086	0.167364	0.0578683	0
3.90295	0.000937273	0.150628	0.0499927	0
3.9031	0.000933877	0.150628	0.0499927	0
3.90288	0.000964312	0.23431	0.0623197	0
3.90278	0.000937731	0.217573	0.0602652	0
3.90332	0.000969341	0.251046	0.0647166	0
3.90304	0.000972868	0.284519	0.0688256	0
3.90265	0.000956867	0.150628	0.0499927	0
3.90348	0.00095543	0.133891	0.0472534	0
3.90378	0.000932571	0.150628	0.0499927	0
3.90322	0.000945829	0.167364	0.0527321	0
3.90302	0.000946482	0.150628	0.0499927	0
3.90327	0.000945176	0.267782	0.0667711	0
3.9032	0.000959871	0.117155	0.0441717	0
3.90328	0.00096921	0.317992	0.0725922	0
3.90412	0.000944653	0.167364	0.0527321	0
3.90425	0.000941388	0.200837	0.0578683	0
3.90355	0.000964639	0.1841	0.0554714	0
3.90313	0.000921011	0.117155	0.0441717	0
3.90385	0.000910888	0.167364	0.0527321	0
3.90421	0.000933812	0.167364	0.0527321	0
3.90331	0.000941257	0.200837	0.0578683	0
3.90336	0.000935183	0.200837	0.0578683	0
3.90399	0.00095752	0.200837	0.0578683	0
3.90479	0.000950009	0.167364	0.0527321	0
3.904	0.000962418	0.200837	0.0578683	0
3.90341	0.000964377	0.200837	0.0578683	0
3.90442	0.000948376	0.167364	0.0527321	0
3.90395	0.000940865	0.100418	0.0410899	0
3.90442	0.000953601	0.200837	0.0626621	0
3.90501	0.000960981	0.23431	0.0623197	0
3.90512	0.000974174	0.23431	0.0623197	0
3.9053	0.000968753	0.23431	0.0623197	0
3.90495	0.000966337	0.200837	0.0578683	0
3.90531	0.000969406	0.284519	0.0688256	0
3.9049	0.000951903	0.217573	0.0647166	0
3.90325	0.000935314	0.100418	0.0410899	0
3.90378	0.000944588	0.1841	0.0554714	0
3.90532	0.000956083	0.200837	0.0578683	0
3.90498	0.000937143	0.200837	0.0578683	0
3.90522	0.000933159	0.1841	0.0554714	0
3.90525	0.000931591	0.117155	0.0441717	0
3.90499	0.000934661	0.167364	0.0527321	0
3.90501	0.000939037	0.200837	0.0578683	0
3.90543	0.000930938	0.133891	0.0472534	0
3.90467	0.000933551	0.1841	0.0554714	0
3.90488	0.000964443	0.100418	0.0410899	0
3.90581	0.000952099	0.217573	0.0602652	0
3.90613	0.000985342	0.133891	0.0472534	0
3.90596	0.000962418	0.217573	0.0602652	0
3.90623	0.000948768	0.200837	0.0578683	0
3.90559	0.000959675	0.200837	0.0578683	0
3.9056	0.000947266	0.1841	0.0554714	0
3.90492	0.000924081	0.133891	0.0472534	0
3.90514	0.000947266	0.1841	0.0554714	0
3.90515	0.000936947	0.150628	0.0499927	0
3.90594	0.000931657	0.200837	0.0578683	0
3.90548	0.000959283	0.117155	0.0441717	0
3.90621	0.000952817	0.200837	0.0578683	0
3.90645	0.000932048	0.133891	0.0472534	0
3.90675	0.000962026	0.23431	0.0623197	0
3.90731	0.000943282	0.217573	0.0602652	0
3.90658	0.000923297	0.0669456	0.0335568	0
3.90549	0.000905271	0.0334728	0.0236267	0
3.90732	0.000912651	0.150628	0.0499927	0
3.90699	0.000931526	0.133891	0.0472534	0
3.90626	0.000938449	0.1841	0.0554714	0
3.90687	0.00091546	0.117155	0.0441717	0
3.90822	0.000953601	0.167364	0.0527321	0
3.90737	0.000976982	0.284519	0.0688256	0
3.90785	0.000968622	0.200837	0.0578683	0
3.90611	0.000942564	0.150628	0.0499927	0
3.90677	0.000949617	0.1841	0.0554714	0
3.90681	0.00095543	0.217573	0.0602652	0
3.90716	0.000957846	0.150628	0.0499927	0
3.90652	0.000933942	0.200837	0.0578683	0
3.90735	0.000946547	0.083682	0.0373233	0
3.90692	0.000932767	0.150628	0.0499927	0
3.90705	0.000942694	0.167364	0.0527321	0
3.90761	0.000952621	0.150628	0.0499927	0
3.90731	0.000915982	0.1841	0.0554714	0
3.90739	0.000949944	0.133891	0.0472534	0
3.90796	0.000935641	0.133891	0.0472534	0
3.90829	0.000926562	0.23431	0.0623197	0
3.90761	0.000931853	0.100418	0.0410899	0
3.90705	0.000929959	0.100418	0.0410899	0
3.9074	0.000918268	0.083682	0.0373233	0
3.90727	0.000934792	0.150628	0.0499927	0
3.9075	0.000939951	0.167364	0.0527321	0
3.90793	0.000943413	0.200837	0.0578683	0
3.90845	0.000930416	0.100418	0.0410899	0
3.9083	0.0009344	0.1841	0.0554714	0
3.90862	0.000933028	0.133891	0.0472534	0
3.90878	0.000938645	0.200837	0.0578683	0
3.90787	0.00092911	0.167364	0.0527321	0
3.90842	0.000919378	0.133891	0.0472534	0
3.90911	0.000956279	0.200837	0.0578683	0
3.90818	0.000968427	0.1841	0.0554714	0
3.90836	0.000945241	0.167364	0.0527321	0
3.90876	0.000939429	0.100418	0.0410899	0
3.90803	0.000943086	0.150628	0.0499927	0
3.90923	0.000935379	0.100418	0.0410899	0
3.90877	0.000956017	0.117155	0.0441717	0
3.90797	0.000948507	0.117155	0.0441717	0
3.90824	0.000927215	0.100418	0.0410899	0
3.90901	0.000930481	0.167364	0.0527321	0
3.90883	0.000958173	0.133891	0.0472534	0
3.90951	0.000942237	0.117155	0.0441717	0
3.91005	0.000932048	0.167364	0.0527321	0
3.91032	0.000954907	0.150628	0.0499927	0
3.90991	0.000960132	0.23431	0.0623197	0
3.91019	0.000928848	0.167364	0.0527321	0
3.90935	0.000939037	0.133891	0.0472534	0
3.9098	0.000944066	0.133891	0.0472534	0
3.91042	0.000940735	0.1841	0.0554714	0
3.90968	0.00093551	0.167364	0.0527321	0
3.90963	0.000929044	0.150628	0.0499927	0
3.91034	0.000924081	0.133891	0.0472534	0
3.90999	0.000921076	0.117155	0.0441717	0
3.90913	0.000927803	0.1841	0.0554714	0
3.90916	0.000953144	0.133891	0.0472534	0
3.90956	0.000937077	0.117155	0.0441717	0
3.90903	0.000909582	0.0669456	0.0335568	0
3.9098	0.000914023	0.133891	0.0472534	0
3.91013	0.000922709	0.150628	0.0499927	0
3.91053	0.000922774	0.150628	0.0499927	0
3.91009	0.00093969	0.100418	0.0410899	0
3.91005	0.000930808	0.1841	0.0554714	0
3.9104	0.000939037	0.150628	0.0499927	0
3.91086	0.000972998	0.334728	0.0746467	0
3.91197	0.000963136	0.23431	0.0623197	0
3.91117	0.000950793	0.200837	0.0578683	0
3.91081	0.000964443	0.167364	0.0527321	0
3.91124	0.000935967	0.117155	0.0441717	0
3.91127	0.000914741	0.0669456	0.0335568	0
3.911	0.000936424	0.133891	0.0472534	0
3.91137	0.000931134	0.150628	0.0499927	0
3.91116	0.000945241	0.167364	0.0527321	0
3.91214	0.000929305	0.083682	0.0373233	0
3.91192	0.000957585	0.200837	0.0578683	0
3.91201	0.000949486	0.200837	0.0578683	0
3.91262	0.000935967	0.117155	0.0441717	0
3.91127	0.000929893	0.117155	0.0441717	0
3.91156	0.000924277	0.083682	0.0373233	0
3.91252	0.000934726	0.1841	0.0554714	0
3.91193	0.000929697	0.0669456	0.0335568	0
3.91209	0.000934465	0.117155	0.0441717	0
3.91203	0.000939102	0.133891	0.0472534	0
3.91198	0.000946547	0.217573	0.0602652	0
3.91237	0.000946874	0.1841	0.0554714	0
3.91261	0.000962026	0.301255	0.0708801	0
3.9122	0.000944327	0.167364	0.0527321	0
3.91192	0.000920946	0.150628	0.0499927	0
3.9124	0.0009344	0.133891	0.0472534	0
3.91229	0.000927477	0.167364	0.0527321	0
3.91228	0.000918594	0.133891	0.0472534	0
3.91211	0.000927999	0.0669456	0.0335568	0
3.91243	0.000938384	0.100418	0.0410899	0
3.91271	0.000950466	0.200837	0.0578683	0
3.91349	0.000942237	0.150628	0.0554714	0
3.91302	0.000936032	0.0669456	0.0335568	0
3.913	0.000940212	0.267782	0.0667711	0
3.91318	0.00093342	0.167364	0.0527321	0
3.91202	0.000925648	0.0669456	0.0335568	0
3.91211	0.000922317	0.167364	0.0527321	0
3.91372	0.000924211	0.117155	0.0441717	0
3.91327	0.000927477	0.100418	0.0410899	0
3.91304	0.000923623	0.100418	0.0410899	0
3.91343	0.000913827	0.150628	0.0499927	0
3.91309	0.000925126	0.117155	0.0441717	0
3.91305	0.000925321	0.1841	0.0554714	0
3.91385	0.000939167	0.217573	0.0602652	0
3.91411	0.000931591	0.117155	0.0441717	0
3.91332	0.00092493	0.133891	0.0472534	0
3.91292	0.000917027	0.150628	0.0499927	0
3.91411	0.000929632	0.284519	0.0688256	0
3.91353	0.000966206	0.083682	0.0373233	0
3.91273	0.000939167	0.117155	0.0441717	0
3.91355	0.00092075	0.100418	0.0410899	0
3.91466	0.000946874	0.150628	0.0499927	0
3.91516	0.000930742	0.267782	0.0667711	0
3.91478	0.000930416	0.133891	0.0472534	0
3.91434	0.000923623	0.100418	0.0410899	0
3.91479	0.000931983	0.083682	0.0373233	0
3.9159	0.000949617	0.150628	0.0499927	0
3.91531	0.000924081	0.167364	0.0527321	0
3.91494	0.000922252	0.083682	0.0373233	0
3.91545	0.000938188	0.133891	0.0472534	0
3.915	0.000935837	0.100418	0.0410899	0
3.91522	0.000936163	0.200837	0.0578683	0
3.91554	0.00093342	0.100418	0.0410899	0
3.91451	0.00092493	0.150628	0.0499927	0
3.91418	0.000924472	0.1841	0.0554714	0
3.91469	0.000929436	0.150628	0.0499927	0
3.91513	0.000909712	0.117155	0.0441717	0
3.91559	0.000919574	0.0669456	0.0335568	0
3.91425	0.00092395	0.133891	0.0472534	0
3.91552	0.00092088	0.167364	0.0527321	0
3.91636	0.000953079	0.217573	0.0602652	0
3.91524	0.000932179	0.217573	0.0602652	0
3.91517	0.000932767	0.0669456	0.0335568	0
3.91583	0.000935445	0.117155	0.0441717	0
3.91597	0.000948703	0.117155	0.0441717	0
3.91587	0.00092826	0.117155	0.0441717	0
3.9167	0.000921729	0.150628	0.0499927	0
3.91645	0.000943935	0.1841	0.0554714	0
3.91653	0.000963724	0.200837	0.0578683	0
3.91596	0.000958956	0.083682	0.0373233	0
3.91509	0.000917288	0.083682	0.0373233	0
3.9166	0.00092075	0.083682	0.0373233	0
3.9172	0.000947658	0.117155	0.0441717	0
3.91604	0.000939037	0.150628	0.0499927	0
3.91703	0.000921664	0.200837	0.0578683	0
3.91792	0.000933551	0.167364	0.0527321	0
3.91724	0.000942498	0.117155	0.0441717	0
3.91654	0.000938841	0.083682	0.0373233	0
3.91617	0.000914023	0.0502092	0.0291054	0
3.91588	0.000918137	0.100418	0.0410899	0
3.91702	0.000921468	0.150628	0.0499927	0
3.91715	0.000923036	0.150628	0.0499927	0
3.91576	0.000931395	0.133891	0.0472534	0
3.91678	0.000947331	0.167364	0.0527321	0
3.91679	0.000930677	0.133891	0.0472534	0
3.91651	0.000936947	0.117155	0.0441717	0
3.91684	0.00092493	0.167364	0.0527321	0
3.91713	0.000923297	0.0502092	0.0291054	0
3.9178	0.000945045	0.167364	0.0527321	0
3.91831	0.000957062	0.133891	0.0472534	0
3.91787	0.000914415	0.117155	0.0441717	0
3.91699	0.000933551	0.167364	0.0527321	0
3.91803	0.000936816	0.1841	0.0554714	0
3.91754	0.000925191	0.200837	0.0578683	0
3.91893	0.000944849	0.167364	0.0527321	0
3.91884	0.000927281	0.117155	0.0441717	0
3.91746	0.00092186	0.167364	0.0527321	0
3.91793	0.000907034	0.117155	0.0441717	0
3.91774	0.000903965	0.083682	0.0373233	0
3.91764	0.000904357	0.0669456	0.0335568	0
3.91765	0.00092284	0.100418	0.0410899	0
3.91841	0.000930546	0.100418	0.0410899	0
3.91839	0.000921664	0.0502092	0.0291054	0
3.91814	0.000916505	0.133891	0.0472534	0
3.91809	0.000918203	0.117155	0.0441717	0
3.91841	0.000911998	0.100418	0.0410899	0
3.91962	0.000953274	0.167364	0.0527321	0
3.91818	0.000937665	0.117155	0.0441717	0
3.9176	0.000932048	0.083682	0.0373233	0
3.91829	0.000938775	0.0502092	0.0291054	0
3.91919	0.000933616	0.217573	0.0602652	0
3.91891	0.000953601	0.150628	0.0499927	0
3.91951	0.00093969	0.167364	0.0527321	0
3.91984	0.000941257	0.167364	0.0527321	0
3.91964	0.000970451	0.167364	0.0527321	0
3.91937	0.000943543	0.133891	0.0472534	0
3.91928	0.000923885	0.117155	0.0441717	0
3.91986	0.000912194	0.117155	0.0441717	0
3.91911	0.000936424	0.100418	0.0410899	0
3.91858	0.000904945	0.0502092	0.0291054	0
3.91865	0.000921729	0.100418	0.0410899	0
3.92023	0.000923623	0.100418	0.0410899	0
3.9216	0.000949682	0.200837	0.0578683	0
3.92029	0.000920684	0.117155	0.0441717	0
3.92079	0.000915656	0.133891	0.0472534	0
3.92108	0.000926824	0.200837	0.0578683	0
3.92155	0.000931134	0.1841	0.0554714	0
3.92099	0.000937731	0.117155	0.0441717	0
3.92076	0.000934792	0.217573	0.0602652	0
3.92062	0.000924995	0.0334728	0.0236267	0
3.92064	0.000933224	0.117155	0.0441717	0
3.92027	0.000901157	0.0502092	0.0291054	0
3.92025	0.000908275	0.133891	0.0472534	0
3.91993	0.00093022	0.0502092	0.0291054	0
3.92128	0.000921142	0.133891	0.0472534	0
3.922	0.000916047	0.117155	0.0441717	0
3.9218	0.000928979	0.100418	0.0410899	0
3.92132	0.000933028	0.150628	0.0499927	0
3.92173	0.000924864	0.117155	0.0441717	0
3.92097	0.000936359	0.133891	0.0472534	0
3.92091	0.000952099	0.1841	0.0554714	0
3.92207	0.000928456	0.150628	0.0499927	0
3.92271	0.000914676	0.0669456	0.0335568	0
3.92147	0.000926105	0.200837	0.0578683	0
3.92135	0.00092813	0.167364	0.0527321	0
3.92164	0.000941519	0.133891	0.0472534	0
3.92221	0.000919835	0.100418	0.0410899	0
3.92163	0.000906251	0.1841	0.0554714	0
3.92122	0.000917092	0.083682	0.0373233	0
3.92135	0.000939363	0.100418	0.0410899	0
3.92185	0.000924407	0.100418	0.0410899	0
3.92272	0.000929632	0.083682	0.0373233	0
3.92297	0.000924668	0.150628	0.0499927	0
3.9228	0.000918333	0.133891	0.0472534	0
3.92195	0.000917354	0.083682	0.0373233	0
3.92244	0.000919639	0.117155	0.0441717	0
3.92288	0.000902659	0.0334728	0.0236267	0
3.92261	0.00090932	0.0502092	0.0291054	0
3.92282	0.000902332	0.083682	0.0373233	0
3.92255	0.000935118	0.1841	0.0554714	0
3.92213	0.00092911	0.117155	0.0441717	0
3.92255	0.000921599	0.117155	0.0441717	0
3.92322	0.000915133	0.083682	0.0373233	0
3.92248	0.000929697	0.133891	0.0472534	0
3.92332	0.000935967	0.1841	0.0554714	0
3.92217	0.000922709	0.117155	0.0441717	0
3.92346	0.000946939	0.1841	0.0554714	0
3.92388	0.000966075	0.133891	0.0472534	0
3.92355	0.000947984	0.167364	0.0527321	0
3.92353	0.000901157	0.0669456	0.0335568	0
3.92345	0.000899001	0.0334728	0.0236267	0
3.92346	0.000935837	0.217573	0.0647166	0
3.92363	0.000940474	0.167364	0.0527321	0
3.9232	0.000940082	0.133891	0.0472534	0
3.92433	0.000925975	0.117155	0.0441717	0
3.92427	0.00092186	0.150628	0.0499927	0
3.92347	0.000923036	0.100418	0.0410899	0
3.92284	0.00093133	0.150628	0.0499927	0
3.92358	0.000909647	0.0669456	0.0335568	0
3.92535	0.000924015	0.167364	0.0527321	0
3.9248	0.000919117	0.133891	0.0472534	0
3.92468	0.000926301	0.117155	0.0441717	0
3.92562	0.000928979	0.100418	0.0410899	0
3.92491	0.000913827	0.083682	0.0373233	0
3.92498	0.000906447	0.083682	0.0373233	0
3.9252	0.000920423	0.100418	0.0410899	0
3.92445	0.000899197	0.083682	0.0373233	0
3.92385	0.00091546	0.167364	0.0527321	0
3.92517	0.000934792	0.083682	0.0373233	0
3.92482	0.000921599	0.100418	0.0410899	0
3.92452	0.00091755	0.0334728	0.0236267	0
3.92447	0.000893123	0.0334728	0.0236267	0
3.92513	0.000897303	0.0502092	0.0291054	0
3.92472	0.000916635	0.117155	0.0441717	0
3.92622	0.00091128	0.100418	0.0410899	0
3.9273	0.000902855	0.117155	0.0441717	0
3.92553	0.000921599	0.100418	0.0410899	0
3.92485	0.000911867	0.083682	0.0373233	0
3.9255	0.000926301	0.133891	0.0472534	0
3.92734	0.000923166	0.133891	0.0472534	0
3.92596	0.000912129	0.0669456	0.0335568	0
3.92577	0.000942825	0.150628	0.0499927	0
3.92592	0.000927281	0.133891	0.0472534	0
3.92534	0.000914676	0.0669456	0.0335568	0
3.92608	0.000914219	0.083682	0.0373233	0
3.9268	0.000911084	0.100418	0.0410899	0
3.92663	0.000898413	0.083682	0.0373233	0
3.92603	0.000921991	0.117155	0.0441717	0
3.92643	0.00090919	0.100418	0.0410899	0
3.92641	0.000901222	0.0669456	0.0335568	0
0	0	0	0	0
0	0	0	0	0
0	0	0	0	0
0	0	0	0	0
0	0	0	0	0
0	0	0	0	0
0	0	0	0	0
0	0	0	0	0
0	0	0	0	0
0	0	0	0	0
0	0	0	0	0
0	0	0	0	0
0	0	0	0	0
0	0	0	0	0
0	0	0	0	0
0	0	0	0	0
0	0	0	0	0
0	0	0	0	0
0	0	0	0	0
0	0	0	0	0
0	0	0	0	0
0	0	0	0	0
0	0	0	0	0
0	0	0	0	0
0	0	0	0	0
0	0	0	0	0
0	0	0	0	0
0	0	0	0	0
0	0	0	0	0
0	0	0	0	0
0	0	0	0	0
0	0	0	0	0
0	0	0	0	0
0	0	0	0	0
0	0	0	0	0
0	0	0	0	0
0	0	0	0	0
0	0	0	0	0
0	0	0	0	0
0	0	0	0	0
0	0	0	0	0
0	0	0	0	0
0	0	0	0	0
0	0	0	0	0
0	0	0	0	0
0	0	0	0	0
0	0	0	0	0
0	0	0	0	0
0	0	0	0	0
0	0	0	0	0
0	0	0	0	0
0	0	0	0	0
0	0	0	0	0
0	0	0	0	0
0	0	0	0	0
0	0	0	0	0
0	0	0	0	0
0	0	0	0	0
0	0	0	0	0
0	0	0	0	0
0	0	0	0	0
0	0	0	0	0
0	0	0	0	0
0	0	0	0	0
0	0	0	0	0
0	0	0	0	0
0	0	0	0	0
0	0	0	0	0
0	0	0	0	0
0	0	0	0	0
0	0	0	0	0
0	0	0	0	0
0	0	0	0	0
0	0	0	0	0
0	0	0	0	0
0	0	0	0	0
0	0	0	0	0
0	0	0	0	0
0	0	0	0	0
0	0	0	0	0
0	0	0	0	0
0	0	0	0	0
0	0	0	0	0
0	0	0	0	0
0	0	0	0	0
0	0	0	0	0
0	0	0	0	0
0	0	0	0	0
0	0	0	0	0
0	0	0	0	0
0	0	0	0	0
0	0	0	0	0
0	0	0	0	0
0	0	0	0	0
0	0	0	0	0
0	0	0	0	0
0	0	0	0	0
0	0	0	0	0
0	0	0	0	0
0	0	0	0	0
0	0	0	0	0
0	0	0	0	0
0	0	0	0	0
0	0	0	0	0
0	0	0	0	0
0	0	0	0	0
0	0	0	0	0
0	0	0	0	0
0	0	0	0	0
0	0	0	0	0
0	0	0	0	0
0	0	0	0	0
0	0	0	0	0
0	0	0	0	0
0	0	0	0	0
0	0	0	0	0
0	0	0	0	0
0	0	0	0	0
0	0	0	0	0
0	0	0	0	0
0	0	0	0	0
0	0	0	0	0
0	0	0	0	0
0	0	0	0	0
0	0	0	0	0
0	0	0	0	0
0	0	0	0	0
0	0	0	0	0
0	0	0	0	0
0	0	0	0	0
0	0	0	0	0
0	0	0	0	0
0	0	0	0	0
0	0	0	0	0
0	0	0	0	0
0	0	0	0	0
0	0	0	0	0
0	0	0	0	0
0	0	0	0	0
0	0	0	0	0
0	0	0	0	0
0	0	0	0	0
0	0	0	0	0
0	0	0	0	0
0	0	0	0	0
0	0	0	0	0
0	0	0	0	0
0	0	0	0	0
0	0	0	0	0
0	0	0	0	0
0	0	0	0	0
0	0	0	0	0
0	0	0	0	0
0	0	0	0	0
0	0	0	0	0
0	0	0	0	0
0	0	0	0	0
0	0	0	0	0
0	0	0	0	0
0	0	0	0	0
0	0	0	0	0
0	0	0	0	0
0	0	0	0	0
0	0	0	0	0
0	0	0	0	0
0	0	0	0	0
0	0	0	0	0
0	0	0	0	0
0	0	0	0	0
0	0	0	0	0
0	0	0	0	0
0	0	0	0	0
0	0	0	0	0
0	0	0	0	0
0	0	0	0	0
0	0	0	0	0
0	0	0	0	0
0	0	0	0	0
0	0	0	0	0
0	0	0	0	0
0	0	0	0	0
0	0	0	0	0
0	0	0	0	0
0	0	0	0	0
0	0	0	0	0
0	0	0	0	0
0	0	0	0	0
0	0	0	0	0
0	0	0	0	0
0	0	0	0	0
0	0	0	0	0
0	0	0	0	0
0	0	0	0	0
0	0	0	0	0
0	0	0	0	0
0	0	0	0	0
0	0	0	0	0
0	0	0	0	0
0	0	0	0	0
0	0	0	0	0
0	0	0	0	0
0	0	0	0	0
0	0	0	0	0
0	0	0	0	0
0	0	0	0	0
0	0	0	0	0
0	0	0	0	0
0	0	0	0	0
0	0	0	0	0
0	0	0	0	0
0	0	0	0	0
0	0	0	0	0
0	0	0	0	0
0	0	0	0	0
0	0	0	0	0
0	0	0	0	0
0	0	0	0	0
0	0	0	0	0
0	0	0	0	0
0	0	0	0	0
0	0	0	0	0
0	0	0	0	0
0	0	0	0	0
0	0	0	0	0
0	0	0	0	0
0	0	0	0	0
0	0	0	0	0
0	0	0	0	0
0	0	0	0	0
0	0	0	0	0
0	0	0	0	0
0	0	0	0	0
0	0	0	0	0
0	0	0	0	0
0	0	0	0	0
0	0	0	0	0
0	0	0	0	0
0	0	0	0	0
0	0	0	0	0
0	0	0	0	0
0	0	0	0	0
0	0	0	0	0
0	0	0	0	0
0	0	0	0	0
0	0	0	0	0
0	0	0	0	0
0	0	0	0	0
0	0	0	0	0
0	0	0	0	0
0	0	0	0	0
0	0	0	0	0
0	0	0	0	0
0	0	0	0	0
0	0	0	0	0
0	0	0	0	0
0	0	0	0	0
0	0	0	0	0
0	0	0	0	0
0	0	0	0	0
0	0	0	0	0
0	0	0	0	0
0	0	0	0	0
0	0	0	0	0
0	0	0	0	0
0	0	0	0	0
0	0	0	0	0
0	0	0	0	0
0	0	0	0	0
0	0	0	0	0
0	0	0	0	0
0	0	0	0	0
0	0	0	0	0
0	0	0	0	0
0	0	0	0	0
0	0	0	0	0
0	0	0	0	0
0	0	0	0	0
0	0	0	0	0
0	0	0	0	0
0	0	0	0	0
0	0	0	0	0
0	0	0	0	0
0	0	0	0	0
0	0	0	0	0
0	0	0	0	0
0	0	0	0	0
0	0	0	0	0
0	0	0	0	0
0	0	0	0	0
0	0	0	0	0
0	0	0	0	0
0	0	0	0	0
0	0	0	0	0
0	0	0	0	0
0	0	0	0	0
0	0	0	0	0
0	0	0	0	0
0	0	0	0	0
0	0	0	0	0
0	0	0	0	0
0	0	0	0	0
0	0	0	0	0
0	0	0	0	0
0	0	0	0	0
0	0	0	0	0
0	0	0	0	0
0	0	0	0	0
0	0	0	0	0
0	0	0	0	0
0	0	0	0	0
0	0	0	0	0
0	0	0	0	0
0	0	0	0	0
0	0	0	0	0
0	0	0	0	0
0	0	0	0	0
0	0	0	0	0
0	0	0	0	0
0	0	0	0	0
0	0	0	0	0
0	0	0	0	0
0	0	0	0	0
0	0	0	0	0
0	0	0	0	0
0	0	0	0	0
0	0	0	0	0
0	0	0	0	0
0	0	0	0	0
0	0	0	0	0
0	0	0	0	0
0	0	0	0	0
0	0	0	0	0
0	0	0	0	0
0	0	0	0	0
0	0	0	0	0
0	0	0	0	0
0	0	0	0	0
0	0	0	0	0
0	0	0	0	0
0	0	0	0	0
0	0	0	0	0
0	0	0	0	0
0	0	0	0	0
0	0	0	0	0
0	0	0	0	0
0	0	0	0	0
0	0	0	0	0
0	0	0	0	0
0	0	0	0	0
0	0	0	0	0
0	0	0	0	0
0	0	0	0	0
0	0	0	0	0
0	0	0	0	0
0	0	0	0	0
0	0	0	0	0
0	0	0	0	0
0	0	0	0	0
0	0	0	0	0
0	0	0	0	0
0	0	0	0	0
0	0	0	0	0
0	0	0	0	0
0	0	0	0	0
0	0	0	0	0
0	0	0	0	0
0	0	0	0	0
0	0	0	0	0
0	0	0	0	0
0	0	0	0	0
0	0	0	0	0
0	0	0	0	0
0	0	0	0	0
0	0	0	0	0
0	0	0	0	0
0	0	0	0	0
0	0	0	0	0
0	0	0	0	0
0	0	0	0	0
0	0	0	0	0
0	0	0	0	0
0	0	0	0	0
0	0	0	0	0
0	0	0	0	0
0	0	0	0	0
0	0	0	0	0
0	0	0	0	0
0	0	0	0	0
0	0	0	0	0
0	0	0	0	0
0	0	0	0	0
0	0	0	0	0
0	0	0	0	0
0	0	0	0	0
0	0	0	0	0
0	0	0	0	0
0	0	0	0	0
0	0	0	0	0
0	0	0	0	0
0	0	0	0	0
