a2610519.350182
Narit-cm 05/01/2026 19:05:02 05/01/2026 19:35:01 0045 0013.384714 0052.542598 00.0 00.0
0002399 0010 0000000 0010 05 0000000 0010 0000000 0010
1 0 1 01600 1 0000 3.75 00000.o 0 0 01 000 16 002399 0.500 BT0
1 2 1 02000 1 0000 3.75 00000.o 0 0 01 000 16 002399 0.500 S2A0
1 1 1 01600 1 0000 3.75 00000.o 0 0 00 000 00 002399 3.1746 BC0
1 3 1 02000 1 0000 3.75 00000.o 0 0 00 000 00 002399 3.1746 S2P0
1 5 0 01600 0 0000 1.00 00000.o 0 0 00 000 00 000000 0.000 OF0
0.000 .o Analog 0 	0.000 .o Analog StErr 0 	0.000 .o Photon Counting 0 	0.000 .o PC StErr 0 	0.000 .o Overflow Info 0 
22.5107	0.116612	182.993	0.873358	0
48.62	0.274613	194.148	0.86757	0
217.461	2.11354	119.533	1.35856	0
469.229	0.245998	1.50063	0.162074	0
473.457	2.37044E-5	0	0	0
473.457	0	0.0833681	0.0371135	0
473.457	0	17.9075	0.592113	0
473.457	6.36446E-6	26.3276	0.69392	0
473.457	6.36446E-6	7.45311	0.381009	0
473.457	0	20.025	0.57611	0
473.457	1.42226E-5	55.273	0.872677	0
473.457	6.36446E-6	115.481	1.00172	0
473.457	0	158.716	1.00002	0
473.457	0	150.046	1.01602	0
473.457	8.96219E-6	119.2	0.960865	0
473.457	6.36446E-6	119.416	0.966993	0
473.457	0	127.086	0.95099	0
473.457	0	140.025	0.956779	0
473.457	6.36446E-6	142.576	0.916601	0
473.457	0	134.056	0.931923	0
473.457	0	138.841	0.910131	0
473.457	0	153.631	0.935668	0
473.457	6.36446E-6	169.337	0.905365	0
473.457	0	181.709	0.906727	0
473.457	8.96219E-6	192.714	0.884254	0
473.457	0	198.166	0.893788	0
473.457	0	202.684	0.89549	0
473.457	0	202.518	0.893788	0
473.457	0	204.519	0.901279	0
473.457	0	203.568	0.889702	0
473.457	0	202.334	0.883914	0
473.507	0.0206556	203.685	0.876423	1
477.272	0.180537	201.601	0.887659	1
485.888	0.259168	202.201	0.861101	1
497.109	0.154699	202.418	0.884254	1
499.846	0.0379965	203.135	0.885276	1
500	0	202.334	0.880849	1
499.931	0.0202498	202.868	0.888	1
495.693	0.215801	204.368	0.902981	1
480.27	0.551258	201.567	0.866549	1
451.03	0.859035	203.251	0.88834	1
408.484	0.957816	203.235	0.893788	1
365.626	0.961136	203.201	0.894469	1
325.468	0.978445	202.418	0.890723	0
286.331	0.994613	204.035	0.873699	0
248.923	0.990997	202.651	0.891064	0
213.989	0.980859	203.035	0.871996	0
181.235	0.949801	202.835	0.879828	0
151.066	0.897511	201.634	0.88119	0
124.025	0.831517	201.501	0.86042	0
100.391	0.753423	202.201	0.876423	0
80.1832	0.666726	200.5	0.890723	0
63.3243	0.575556	199.266	0.893447	0
49.6134	0.488951	198.983	0.876082	0
38.6809	0.408174	197.216	0.868251	0
30.0918	0.334725	194.248	0.868592	0
23.5042	0.270337	193.064	0.894809	0
18.5537	0.217092	191.763	0.866549	0
14.8393	0.173907	190.146	0.858377	0
12.03	0.138432	188.412	0.86076	0
9.96447	0.11098	185.761	0.874039	0
8.48329	0.0917552	185.761	0.845098	0
7.41258	0.0746597	183.727	0.837607	0
6.60887	0.0578372	182.109	0.848162	0
6.02137	0.0472843	177.557	0.871656	0
5.63842	0.0389424	175.556	0.846119	0
5.31051	0.0328338	171.638	0.844417	0
5.05828	0.029076	170.071	0.830797	0
4.94059	0.0257162	167.853	0.852248	0
4.80603	0.0228619	166.586	0.837607	0
4.69491	0.0214339	163.752	0.819901	0
4.66416	0.0205725	162.218	0.850205	0
4.65462	0.0196852	161.234	0.849184	0
4.6613	0.0194319	158.733	0.845438	0
4.66291	0.0191734	157.566	0.840671	0
4.66094	0.0188112	156.865	0.83999	0
4.68863	0.0181199	155.632	0.852929	0
4.71873	0.018094	153.064	0.844757	0
4.73787	0.0178248	150.98	0.851567	0
4.77524	0.0173893	150.963	0.83999	0
4.83906	0.0175982	149.062	0.844417	0
4.91714	0.0175591	149.979	0.834543	0
4.97818	0.0175251	148.762	0.846119	0
5.00221	0.0171571	149.045	0.876082	0
5.03691	0.0170751	147.045	0.843395	0
5.09205	0.017216	145.144	0.838628	0
5.13395	0.0168414	144.86	0.83999	0
5.18103	0.0163494	145.044	0.837947	0
5.22836	0.0161578	144.627	0.869613	0
5.29345	0.0163151	144.127	0.853269	0
5.37296	0.0157231	142.81	0.821944	0
5.40687	0.016229	142.709	0.849524	0
5.42206	0.0161746	141.142	0.833862	0
5.47134	0.0158096	139.175	0.85361	0
5.52081	0.0158946	142.459	0.845438	0
5.55024	0.0156803	139.892	0.836926	0
5.59419	0.0153041	139.558	0.843395	0
5.63122	0.0154929	138.291	0.83965	0
5.65677	0.0150816	139.208	0.833181	0
5.69115	0.0152572	137.057	0.822966	0
5.73588	0.0154174	137.574	0.837607	0
5.76564	0.0157503	135.607	0.846119	0
5.79111	0.0147629	136.207	0.848162	0
5.84929	0.0149549	135.857	0.8325	0
5.88019	0.0149974	135.39	0.863144	0
5.89415	0.014549	134.539	0.849184	0
5.94606	0.0146249	134.806	0.857015	0
5.95102	0.0145699	131.221	0.83965	0
5.95013	0.0148141	132.338	0.843736	0
6.01223	0.0146118	131.788	0.831478	0
6.04552	0.0143482	132.105	0.842374	0
6.05774	0.014679	131.905	0.860079	0
6.07487	0.0148794	131.972	0.843736	0
6.10046	0.0143376	130.721	0.829095	0
6.13768	0.0141193	130.054	0.873358	0
6.16574	0.0141175	128.454	0.843736	0
6.17837	0.0142651	128.137	0.859398	0
6.17806	0.0141361	127.553	0.818539	0
6.20867	0.0136892	129.337	0.83965	0
6.23794	0.013846	127.753	0.822966	0
6.22953	0.0137642	128.17	0.865187	0
6.24792	0.0137883	126.586	0.830457	0
6.2894	0.0136395	127.42	0.835904	0
6.29579	0.0135984	126.203	0.845438	0
6.29102	0.0133899	126.853	0.844076	0
6.2942	0.013797	126.503	0.847481	0
6.30291	0.0134072	125.269	0.830797	0
6.30965	0.0133231	126.186	0.827052	0
6.30904	0.0128337	121.901	0.852589	0
6.32301	0.0130703	124.202	0.837266	0
6.33121	0.0128991	125.269	0.83965	0
6.34072	0.0132949	121.351	0.848503	0
6.35621	0.0132655	123.418	0.838288	0
6.35642	0.0128008	122.251	0.835223	0
6.33982	0.0126248	121.267	0.834543	0
6.32473	0.0126258	121.801	0.841012	0
6.32686	0.0123767	120.934	0.83284	0
6.33738	0.0125929	120.5	0.840331	0
6.32256	0.0122688	120.367	0.861782	0
6.32263	0.0119484	119.783	0.83284	0
6.33582	0.0122081	120.434	0.844076	0
6.32164	0.0119527	118.116	0.829776	0
6.3114	0.0116868	118.083	0.859739	0
6.30883	0.0116243	117.849	0.838288	0
6.30924	0.0118472	117.599	0.851227	0
6.303	0.0116704	116.932	0.825349	0
6.2688	0.0117652	115.348	0.842714	0
6.26588	0.0116196	114.965	0.834883	0
6.29673	0.011817	114.664	0.838969	0
6.29452	0.0117008	115.982	0.847141	0
6.27398	0.0113167	114.198	0.820582	0
6.27401	0.0112867	114.881	0.843736	0
6.26497	0.0113303	112.897	0.849184	0
6.25323	0.0113063	113.747	0.842714	0
6.24535	0.0114348	112.564	0.841012	0
6.22543	0.0109355	112.58	0.843055	0
6.22157	0.0110133	111.93	0.828754	0
6.21812	0.0112624	110.88	0.852589	0
6.20327	0.0113796	112.447	0.847822	0
6.17834	0.0111112	109.512	0.845438	0
6.16554	0.0111032	110.713	0.842033	0
6.14927	0.0112264	106.928	0.862803	0
6.1168	0.0109328	108.462	0.814794	0
6.12174	0.0106648	109.746	0.854291	0
6.12121	0.0107656	107.561	0.840331	0
6.0929	0.0109554	106.861	0.83965	0
6.08771	0.0108785	106.328	0.842033	0
6.09229	0.0113701	104.494	0.843395	0
6.06422	0.0109015	106.228	0.833181	0
6.03847	0.0108362	103.893	0.8468	0
6.02635	0.0108068	104.56	0.866208	0
6.00487	0.0106811	103.727	0.850886	0
5.99224	0.0105756	102.509	0.867911	0
5.98246	0.0105494	101.892	0.836245	0
5.96054	0.0103035	100.975	0.846119	0
5.9374	0.0103607	100.225	0.838969	0
5.91773	0.0107055	100.075	0.85361	0
5.8954	0.0104097	99.0413	0.834883	0
5.88026	0.0103251	98.5244	0.85395	0
5.86468	0.0106053	98.0075	0.8468	0
5.84151	0.0103105	98.3743	0.835564	0
5.82659	0.010445	96.2068	0.864506	0
5.80953	0.0106633	96.2901	0.839309	0
5.78482	0.0103633	95.4231	0.836585	0
5.76731	0.0103669	94.6895	0.834202	0
5.75002	0.0102351	93.2722	0.857355	0
5.74822	0.0104337	94.8395	0.854972	0
5.74839	0.0103144	91.955	0.836926	0
5.73768	0.010174	92.5552	0.847481	0
5.71058	0.0101096	90.6711	0.838969	0
5.67125	0.0103815	90.0208	0.861101	0
5.66594	0.0104565	91.2047	0.841012	0
5.65596	0.0102807	89.7207	0.872677	0
5.62866	0.0101703	89.1538	0.844076	0
5.61232	0.0100456	88.6703	0.833521	0
5.58002	0.00991777	86.1526	0.827052	0
5.55679	0.0102711	86.8529	0.85395	0
5.56397	0.0103567	85.5857	0.842714	0
5.54298	0.0101292	85.5857	0.856334	0
5.51295	0.00994713	83.7015	0.857355	0
5.50089	0.00993654	84.7353	0.850205	0
5.47298	0.00981321	83.0679	0.848162	0
5.44795	0.00970281	82.2009	0.83965	0
5.44128	0.00979802	80.7837	0.854972	0
5.42663	0.00977749	80.867	0.852248	0
5.40759	0.00968696	80.6003	0.831819	0
5.39146	0.00975983	80.3001	0.858717	0
5.37206	0.00976165	77.6323	0.854291	0
5.34562	0.00962345	77.1655	0.837607	0
5.31882	0.00953545	75.2814	0.843055	0
5.30615	0.00947187	74.4644	0.821263	0
5.29674	0.00948025	74.8312	0.853269	0
5.28239	0.00940771	75.148	0.857015	0
5.26994	0.00941342	74.5644	0.8468	0
5.25019	0.00915053	72.9304	0.814113	0
5.23097	0.00926977	72.6803	0.845438	0
5.21474	0.00899038	71.3797	0.828414	0
5.19751	0.00908851	70.7128	0.847822	0
5.18545	0.00900376	68.712	0.828754	0
5.16299	0.00894239	70.2793	0.8468	0
5.14337	0.00889738	68.7787	0.842374	0
5.1279	0.00886712	66.8278	0.826711	0
5.11673	0.00872444	67.9283	0.827733	0
5.1098	0.00875314	67.0446	0.8325	0
5.0923	0.00880146	66.6778	0.832159	0
5.06744	0.00836699	64.4102	0.836585	0
5.05017	0.00836225	63.6432	0.801174	0
5.04738	0.00850642	63.7432	0.81922	0
5.02397	0.00847661	62.2259	0.812751	0
4.9886	0.00820197	61.6757	0.829776	0
4.98103	0.00839842	61.8758	0.828073	0
4.97394	0.00831146	61.559	0.836245	0
4.94893	0.00804727	58.9412	0.811049	0
4.93085	0.00789134	58.5577	0.79777	0
4.91653	0.0077747	57.1071	0.815816	0
4.89264	0.00781101	55.4398	0.815135	0
4.88271	0.00775126	56.5236	0.813773	0
4.87902	0.00771483	55.6565	0.807644	0
4.86198	0.00748096	53.6724	0.78415	0
4.84602	0.00753636	54.2393	0.771552	0
4.8399	0.00742349	53.6557	0.793003	0
4.82756	0.00744492	53.3389	0.783128	0
4.81268	0.00725762	51.7549	0.78449	0
4.81018	0.00736777	53.1555	0.803217	0
4.80005	0.00719034	51.288	0.79777	0
4.77783	0.00715021	51.0213	0.777	0
4.77527	0.00699545	50.0375	0.764401	0
4.77647	0.0070435	50.0208	0.77019	0
4.76615	0.00710299	49.4206	0.78415	0
4.74887	0.00683062	49.9541	0.767125	0
4.75043	0.00684082	50.1209	0.790619	0
4.75175	0.0069081	49.7374	0.774957	0
4.73334	0.00682478	47.7532	0.768487	0
4.72254	0.00689602	48.4535	0.784831	0
4.72024	0.00692609	47.6699	0.772233	0
4.71746	0.00676535	48.1867	0.759635	0
4.70419	0.00678139	46.7695	0.754187	0
4.69236	0.00682179	45.6023	0.751803	0
4.69659	0.00685588	47.203	0.738865	0
4.68547	0.00667976	46.436	0.766444	0
4.66854	0.00662202	46.386	0.780745	0
4.66924	0.00662287	44.6353	0.755208	0
4.6638	0.00649577	45.2188	0.74942	0
4.65629	0.00658143	44.4185	0.744993	0
4.65482	0.00650324	44.702	0.754527	0
4.64986	0.00649168	44.3185	0.747036	0
4.64397	0.00666774	44.0017	0.751463	0
4.63528	0.00653162	43.218	0.744993	0
4.63033	0.00636212	44.0183	0.746696	0
4.63697	0.00646031	44.7853	0.748058	0
4.63222	0.00634939	42.9179	0.732395	0
4.6241	0.00639271	42.451	0.730012	0
4.61655	0.00637128	42.2509	0.7358	0
4.60352	0.0062499	41.3839	0.719116	0
4.59625	0.00635536	41.7174	0.74227	0
4.59212	0.00631952	41.584	0.734098	0
4.58265	0.00609871	40.917	0.731033	0
4.58233	0.00625386	41.9341	0.750782	0
4.57697	0.00622152	40.1834	0.715711	0
4.56235	0.00607728	40.4669	0.726947	0
4.55694	0.00605526	40.3335	0.722521	0
4.55691	0.00599798	40.1834	0.746015	0
4.55071	0.00610598	38.8328	0.734438	0
4.53687	0.00589621	38.7828	0.725245	0
4.52844	0.00594408	36.3818	0.716733	0
4.53324	0.00605929	39.4164	0.722181	0
4.53218	0.00592252	37.2655	0.712306	0
4.5085	0.005628	37.0321	0.698346	0
4.49887	0.00564306	36.3151	0.701411	0
4.49846	0.00578906	36.4485	0.713328	0
4.49032	0.00570853	36.732	0.713668	0
4.48662	0.00578263	36.5652	0.70073	0
4.47821	0.00568112	34.6478	0.689153	0
4.46556	0.00548382	35.0813	0.698346	0
4.46491	0.00555201	35.7816	0.699708	0
4.45727	0.00542096	33.1805	0.683705	0
4.44399	0.00540992	33.6307	0.675533	0
4.44589	0.00537141	33.3472	0.675193	0
4.43659	0.00522704	32.797	0.679279	0
4.42309	0.00519041	32.1801	0.67315	0
4.41535	0.00517248	31.163	0.661573	0
4.40912	0.00515359	31.3464	0.655104	0
4.40674	0.00509163	30.7295	0.656466	0
4.40028	0.0049909	30.496	0.656806	0
4.38894	0.00494914	28.8954	0.630589	0
4.38749	0.00494395	30.7962	0.658168	0
4.38944	0.00494726	30.2293	0.65204	0
4.37202	0.0047951	28.712	0.630248	0
4.35962	0.00480387	28.5786	0.638079	0
4.35375	0.00463313	27.128	0.607095	0
4.34827	0.0046469	28.0784	0.642846	0
4.33763	0.00452175	26.4444	0.62446	0
4.32588	0.00433699	26.2443	0.613905	0
4.31889	0.00433153	25.5607	0.599263	0
4.31254	0.00432952	25.4273	0.605052	0
4.30543	0.00424055	25.1605	0.60403	0
4.30061	0.00431744	25.0771	0.607435	0
4.28898	0.00411722	23.9433	0.587006	0
4.275	0.00411319	23.1263	0.587006	0
4.26194	0.00407819	21.2755	0.577132	0
4.2508	0.00390972	21.6757	0.55534	0
4.25017	0.00393103	21.9258	0.565555	0
4.24243	0.00379932	20.4252	0.552616	0
4.22815	0.00373535	19.9416	0.552957	0
4.2191	0.00362495	19.7582	0.546828	0
4.20733	0.00341732	17.9241	0.507331	0
4.20021	0.0034042	17.9742	0.516184	0
4.20157	0.00348759	17.6073	0.518567	0
4.19851	0.00337803	18.2409	0.519589	0
4.19284	0.0033038	17.9241	0.507672	0
4.1859	0.00328523	17.1905	0.511417	0
4.17934	0.0031858	16.4068	0.505288	0
4.17471	0.00323314	15.4898	0.488945	0
4.17216	0.00324327	15.7232	0.48588	0
4.1731	0.00326555	17.1405	0.50631	0
4.16855	0.00317392	15.8066	0.489626	0
4.15811	0.00310585	15.7065	0.504607	0
4.15321	0.00308118	15.5565	0.486902	0
4.14979	0.00300032	14.3893	0.47192	0
4.14657	0.0031282	14.356	0.468175	0
4.14615	0.00291986	14.6728	0.470899	0
4.14856	0.00301864	15.3397	0.473963	0
4.14364	0.00300259	13.8058	0.462727	0
4.13739	0.003035	14.456	0.478049	0
4.13959	0.00298532	13.7724	0.468515	0
4.13628	0.002922	13.6057	0.448767	0
4.13329	0.00291128	14.5227	0.474984	0
4.13434	0.00289849	13.7224	0.456257	0
4.13134	0.00291466	13.9725	0.453534	0
4.12848	0.00295772	13.9058	0.471239	0
4.12434	0.00292823	13.2222	0.457619	0
4.12354	0.00289531	13.3722	0.455917	0
4.12075	0.00285706	13.0888	0.453193	0
4.11796	0.00288271	13.1388	0.453534	0
4.11474	0.00283108	12.822	0.441276	0
4.11222	0.00290102	13.4223	0.468856	0
4.11159	0.00284803	12.3551	0.450129	0
4.11082	0.00282108	13.2722	0.450469	0
4.10917	0.00285115	11.9216	0.435488	0
4.10693	0.00279296	12.5719	0.453534	0
4.10489	0.00268833	12.6553	0.434466	0
4.10272	0.00277718	12.2551	0.436849	0
4.1031	0.0026995	12.3551	0.441276	0
4.10334	0.00267073	12.6886	0.439914	0
4.09959	0.00270801	12.5386	0.443319	0
4.09571	0.00271418	12.1384	0.439573	0
4.0964	0.00268379	12.105	0.426635	0
4.09643	0.00276503	12.5719	0.439573	0
4.09102	0.00271853	12.6053	0.448086	0
4.09404	0.00278757	13.0888	0.456257	0
4.0985	0.00287641	12.822	0.449448	0
4.09371	0.00282777	11.9883	0.432764	0
4.09196	0.00261047	12.9721	0.448767	0
4.09442	0.00277679	12.4052	0.439573	0
4.09327	0.00270236	12.8053	0.44434	0
4.09032	0.00281296	12.5552	0.435147	0
4.08687	0.00269814	11.7382	0.425613	0
4.08402	0.00271334	12.0884	0.434126	0
4.07916	0.00263437	11.2047	0.41642	0
4.07418	0.00258748	11.3881	0.429359	0
4.07382	0.00260261	11.288	0.420506	0
4.06741	0.00266807	10.8212	0.421868	0
4.06239	0.00241564	10.6544	0.403822	0
4.06052	0.00247999	10.6878	0.415058	0
4.05378	0.00247019	9.33722	0.384414	0
4.04778	0.00242226	9.32055	0.387819	0
4.04762	0.00234296	9.42059	0.386116	0
4.05068	0.00237635	9.65402	0.394969	0
4.04928	0.00236569	8.90371	0.385776	0
4.04423	0.00239063	8.95373	0.383392	0
4.04216	0.00235219	9.08712	0.38884	0
4.04105	0.00223944	9.0371	0.38169	0
4.03893	0.00226893	8.58691	0.36773	0
4.03704	0.00226347	9.07045	0.379647	0
4.03517	0.00230309	8.4702	0.373859	0
4.03269	0.0022386	8.93706	0.375902	0
4.03236	0.00222509	8.87036	0.375902	0
4.03232	0.00233329	8.93706	0.378966	0
4.02807	0.00222886	7.93664	0.364325	0
4.02602	0.00230205	8.9704	0.385095	0
4.02722	0.00215723	9.18716	0.385435	0
4.02416	0.00218437	8.28679	0.364665	0
4.02267	0.00218411	8.50354	0.372837	0
4.02368	0.00224055	8.17007	0.36058	0
4.02317	0.00218905	7.91997	0.358877	0
4.02318	0.00215099	8.52022	0.363303	0
4.02076	0.00210806	8.07003	0.353089	0
4.01862	0.00211527	8.27011	0.365006	0
4.01861	0.00218775	8.05336	0.362963	0
4.01373	0.00204948	7.53647	0.351046	0
4.01277	0.00207475	8.32013	0.363644	0
4.01326	0.00214333	8.28679	0.364665	0
4.01259	0.00222314	7.88662	0.356834	0
4.01167	0.00215865	8.05336	0.356834	0
4.01034	0.00213644	8.05336	0.352748	0
4.00982	0.00214476	7.91997	0.360239	0
4.01067	0.00211995	7.68654	0.355472	0
4.00583	0.00215339	6.85286	0.333	0
4.00547	0.00206553	8.27011	0.36058	0
4.00927	0.00205611	7.15298	0.335383	0
4.00655	0.0020402	7.61984	0.349003	0
4.00407	0.0020576	7.28637	0.346279	0
4.00235	0.00212735	7.28637	0.352067	0
4.0009	0.00206195	7.36974	0.347641	0
4.00217	0.00213216	8.35348	0.362623	0
4.00018	0.00207631	7.28637	0.338107	0
3.99394	0.00203773	6.75281	0.331297	0
3.99409	0.00203981	7.13631	0.343215	0
3.99712	0.00204929	7.61984	0.348322	0
3.99423	0.00199909	6.81951	0.328233	0
3.99609	0.00205994	7.00292	0.345257	0
3.99855	0.00206825	7.85327	0.352408	0
3.99511	0.00202636	6.55273	0.32619	0
3.99232	0.0020289	6.61942	0.323807	0
3.99225	0.00202149	6.6361	0.325169	0
3.99279	0.00203273	6.65277	0.321764	0
3.99098	0.00197272	7.13631	0.347981	0
3.98876	0.00201182	6.71947	0.328233	0
3.98566	0.00191356	6.6361	0.327552	0
3.98448	0.00203741	6.90288	0.343555	0
3.98656	0.00199863	6.83618	0.327552	0
3.98378	0.00196954	6.66945	0.323126	0
3.98052	0.00198792	6.8862	0.330276	0
3.97944	0.00194272	6.25261	0.316656	0
3.97907	0.00194408	6.30263	0.317337	0
3.97885	0.00198642	6.43602	0.329254	0
3.9779	0.00188862	6.58608	0.335043	0
3.97991	0.00195727	6.55273	0.322785	0
3.97835	0.00192382	5.86911	0.306782	0
3.97483	0.00193038	6.18591	0.311889	0
3.97518	0.00192246	6.55273	0.328914	0
3.97274	0.00188609	5.65236	0.297929	0
3.97026	0.00187258	6.15256	0.315635	0
3.9712	0.00190109	6.05252	0.315635	0
3.97062	0.00190973	6.38599	0.315635	0
3.96957	0.0018883	6.18591	0.316997	0
3.97032	0.00193337	5.91913	0.306782	0
3.96886	0.00187401	5.88579	0.306101	0
3.96603	0.00182173	6.10254	0.310187	0
3.96929	0.00186251	6.03585	0.309165	0
3.96929	0.00180751	5.80242	0.301675	0
3.96891	0.0018844	6.18591	0.320742	0
3.96996	0.00195947	6.13589	0.310868	0
3.96629	0.00187635	5.96915	0.310527	0
3.96575	0.00183848	5.90246	0.308144	0
3.96532	0.00186297	5.7524	0.309165	0
3.963	0.0018855	5.86911	0.311208	0
3.96148	0.00180517	5.65236	0.299632	0
3.95941	0.00178672	5.56899	0.298951	0
3.9613	0.00183361	5.86911	0.306782	0
3.96168	0.00184628	5.86911	0.308485	0
3.95456	0.00184543	4.88537	0.282607	0
3.95176	0.00175938	5.48562	0.300994	0
3.95775	0.0017799	5.6857	0.309506	0
3.95952	0.00184089	5.56899	0.30542	0
3.95732	0.00186836	5.21884	0.292822	0
3.95637	0.00176224	6.11922	0.318699	0
3.95608	0.00180367	5.56899	0.304399	0
3.95491	0.00181666	5.35223	0.2918	0
3.95517	0.00188122	5.45227	0.300313	0
3.95356	0.00179198	5.26886	0.292822	0
3.95125	0.00178062	5.13547	0.28431	0
3.95395	0.0018279	5.95248	0.311889	0
3.9555	0.00188453	5.85244	0.309165	0
3.95292	0.00183225	5.73572	0.302356	0
3.95197	0.00186992	5.56899	0.300994	0
3.95176	0.00184277	5.76907	0.308485	0
3.95132	0.00183127	4.95206	0.281245	0
3.94977	0.00173931	5.6857	0.300313	0
3.94945	0.0017438	5.46895	0.294184	0
3.95015	0.00180699	5.46895	0.299632	0
3.94909	0.00176068	4.90204	0.279883	0
3.94842	0.0017636	4.93539	0.286693	0
3.94907	0.0018266	5.76907	0.300994	0
3.94763	0.0018053	5.38558	0.295205	0
3.94644	0.0018016	5.6857	0.297589	0
3.94702	0.0018442	5.18549	0.285331	0
3.94576	0.00179218	5.51897	0.306442	0
3.9447	0.00179244	5.51897	0.293162	0
3.94318	0.00182426	5.31888	0.293843	0
3.94287	0.00173289	5.23551	0.292141	0
3.94335	0.00178465	5.35223	0.296567	0
3.94331	0.00178471	5.51897	0.296227	0
3.94262	0.00172198	4.802	0.280905	0
3.94292	0.00175984	5.16882	0.288736	0
3.94739	0.00179562	6.05252	0.315635	0
3.94527	0.00179101	5.23551	0.292141	0
3.94193	0.00179153	5.06878	0.285672	0
3.94206	0.00184316	5.03543	0.2918	0
3.94009	0.00182374	5.01876	0.292481	0
3.93802	0.00175062	4.78533	0.272392	0
3.93825	0.00172711	5.20217	0.286693	0
3.93772	0.00174432	4.91872	0.281245	0
3.9352	0.00174685	4.51855	0.268988	0
3.93494	0.00173594	5.15215	0.286693	0
3.93628	0.00172373	5.10213	0.286353	0
3.93527	0.00166197	4.96874	0.274435	0
3.93519	0.0016571	5.30221	0.284991	0
3.9379	0.00175854	5.3689	0.291119	0
3.93599	0.00172451	4.68529	0.273073	0
3.93243	0.0017147	4.76865	0.282948	0
3.93474	0.001726	4.96874	0.283629	0
3.93537	0.00175334	4.96874	0.292141	0
3.93404	0.00169996	5.18549	0.286353	0
3.93264	0.00175458	4.43518	0.264902	0
3.93137	0.00167625	4.61859	0.273414	0
3.93135	0.00172107	4.61859	0.273414	0
3.92989	0.00173912	4.70196	0.279543	0
3.92856	0.00169639	4.802	0.281586	0
3.92726	0.00164839	4.58524	0.271712	0
3.92848	0.00169652	4.58524	0.278862	0
3.93127	0.00175815	5.03543	0.278181	0
3.92823	0.00166749	4.66861	0.279883	0
3.92902	0.00172295	5.03543	0.286012	0
3.92988	0.00171353	4.65194	0.276478	0
3.92829	0.00169996	4.70196	0.286353	0
3.92664	0.00169814	4.73531	0.280224	0
3.92645	0.0017086	4.8687	0.278181	0
3.92562	0.00169002	4.56857	0.272392	0
3.92499	0.00164567	4.76865	0.282948	0
3.92426	0.00165164	4.93539	0.282607	0
3.92221	0.00167073	4.38516	0.260475	0
3.92026	0.00167918	4.46853	0.274095	0
3.92245	0.00165424	4.76865	0.279883	0
3.92118	0.00158313	4.56857	0.266264	0
3.9172	0.00156345	3.81826	0.246856	0
3.9182	0.00158624	4.2351	0.260135	0
3.92049	0.00161209	4.1684	0.260475	0
3.91904	0.00163398	4.50188	0.27069	0
3.91993	0.00167294	4.45185	0.269669	0
3.91924	0.0016367	4.18508	0.259794	0
3.91693	0.00156014	4.06836	0.257751	0
3.9168	0.00161683	4.05169	0.260816	0
3.91654	0.00161761	3.98499	0.258092	0
3.91425	0.00163813	3.93497	0.261837	0
3.91296	0.00155332	3.9183	0.250601	0
3.91233	0.00153085	3.76824	0.245494	0
3.91171	0.00154838	3.88495	0.24992	0
3.91064	0.00155507	3.61817	0.244813	0
3.90862	0.00151994	3.75156	0.240386	0
3.90413	0.00145941	3.15131	0.223702	0
3.9037	0.0014283	3.13464	0.227107	0
3.90849	0.00148214	3.53481	0.241408	0
3.90736	0.00148129	3.43476	0.23596	0
3.90525	0.00148285	3.40142	0.233917	0
3.90465	0.00145597	3.16799	0.224383	0
3.90401	0.0014911	3.33472	0.230512	0
3.90363	0.00148207	3.15131	0.227448	0
3.90246	0.00143005	3.10129	0.223362	0
3.89998	0.00141453	3.16799	0.226767	0
3.90011	0.00146168	2.78449	0.214509	0
3.89936	0.00142577	2.83451	0.212126	0
3.89925	0.00143434	2.91788	0.224043	0
3.8992	0.00143343	3.15131	0.227448	0
3.8987	0.00142343	2.81784	0.218254	0
3.89799	0.00137609	2.90121	0.214509	0
3.89788	0.00140836	2.85119	0.216552	0
3.89655	0.00139693	3.0346	0.222681	0
3.89653	0.00143272	2.98458	0.218595	0
3.89551	0.0013996	2.7178	0.213488	0
3.89538	0.00139544	2.91788	0.216212	0
3.89792	0.00139408	2.9679	0.225405	0
3.89789	0.00145402	3.06794	0.221319	0
3.89614	0.00136758	2.88454	0.217914	0
3.89466	0.00138641	2.85119	0.220638	0
3.89332	0.00137758	2.45102	0.20157	0
3.89257	0.0013453	2.36765	0.192718	0
3.89326	0.00133855	2.86786	0.218595	0
3.89219	0.00139213	2.48437	0.202592	0
3.89151	0.00142687	2.6511	0.208721	0
3.88978	0.00138245	2.401	0.20123	0
3.88882	0.0012877	2.28429	0.191015	0
3.88891	0.00131939	2.43435	0.196804	0
3.88829	0.00130653	2.20092	0.189313	0
3.88742	0.00130484	2.16757	0.191015	0
3.88807	0.00129043	2.45102	0.200208	0
3.8861	0.00127932	1.91747	0.177736	0
3.88611	0.00131088	2.21759	0.189994	0
3.88756	0.00127016	2.48437	0.202592	0
3.8857	0.00127029	1.95081	0.179098	0
3.88411	0.00127426	2.06753	0.185567	0
3.88626	0.00129841	2.28429	0.193739	0
3.88625	0.00127952	2.38433	0.200549	0
3.88548	0.00129049	2.0842	0.184546	0
3.88797	0.001324	2.48437	0.20123	0
3.88475	0.00129335	2.00083	0.179779	0
3.8835	0.00126458	1.98416	0.182162	0
3.88423	0.00127965	2.13422	0.192377	0
3.88424	0.00131478	2.25094	0.191015	0
3.88406	0.00129621	2.23426	0.190675	0
3.88396	0.00126205	2.18424	0.195782	0
3.8824	0.00125302	1.91747	0.174672	0
3.88303	0.00125653	2.11755	0.188972	0
3.88148	0.00123996	1.8341	0.172629	0
3.87922	0.00122594	1.7674	0.171267	0
3.87974	0.00128478	1.96749	0.182843	0
3.88059	0.00123626	1.68404	0.165819	0
3.87897	0.00120912	1.91747	0.177736	0
3.88049	0.00122698	2.13422	0.187951	0
3.87943	0.00128607	1.86744	0.178758	0
3.87934	0.00125627	2.00083	0.179779	0
3.88015	0.00126549	1.93414	0.176715	0
3.87773	0.00121652	1.40058	0.150156	0
3.8754	0.00118106	1.53397	0.158669	0
3.87832	0.00117989	1.85077	0.174672	0
3.87901	0.00120821	2.01751	0.184886	0
3.87714	0.0011784	1.66736	0.164797	0
3.8767	0.00122035	2.05085	0.183184	0
3.87671	0.00119866	1.61734	0.161052	0
3.8754	0.00119113	1.65069	0.164116	0
3.87496	0.00119041	1.4506	0.154583	0
3.87572	0.0011834	1.68404	0.164116	0
3.87568	0.00119892	1.50063	0.158669	0
3.87441	0.00118457	1.78408	0.170245	0
3.87584	0.00122704	1.78408	0.171948	0
3.87527	0.00117236	1.48395	0.156285	0
3.87448	0.00120308	1.7674	0.169564	0
3.8741	0.00117262	1.4506	0.154583	0
3.87449	0.00117074	1.71738	0.165478	0
3.87594	0.00119106	1.73406	0.167862	0
3.87474	0.00124587	1.58399	0.162755	0
3.87161	0.00114736	1.26719	0.145049	0
3.87324	0.00122613	2.01751	0.181822	0
3.87425	0.00115541	1.71738	0.167181	0
3.87345	0.00120626	1.63401	0.161733	0
3.87206	0.00119827	1.35056	0.147432	0
3.87102	0.00116983	1.40058	0.151859	0
3.87114	0.00117431	1.68404	0.164116	0
3.87263	0.00120256	1.8341	0.172629	0
3.8718	0.00121717	1.65069	0.162414	0
3.87079	0.00120256	1.48395	0.156285	0
3.87111	0.00118184	1.41726	0.15288	0
3.87059	0.0011154	1.35056	0.149475	0
3.86998	0.00116846	1.43393	0.155604	0
3.87039	0.00116853	1.58399	0.161052	0
3.87198	0.00118697	1.91747	0.180801	0
3.87102	0.00114021	1.25052	0.144028	0
3.8694	0.00114145	1.55065	0.157647	0
3.86936	0.00113969	1.28387	0.149816	0
3.86748	0.0011471	1.50063	0.160371	0
3.86853	0.00116353	1.23385	0.145049	0
3.87137	0.00116158	1.78408	0.170245	0
3.86966	0.00114021	1.35056	0.147432	0
3.86814	0.0011669	1.5173	0.15969	0
3.86822	0.0011393	1.35056	0.147432	0
3.86647	0.00110138	1.16715	0.137558	0
3.86705	0.00111911	1.31722	0.151518	0
3.86788	0.00112092	1.40058	0.150156	0
3.86712	0.0011245	1.33389	0.150497	0
3.86726	0.00113372	1.35056	0.149475	0
3.86735	0.00106566	1.2005	0.139261	0
3.86666	0.00115547	1.26719	0.145049	0
3.86686	0.00108995	1.13381	0.135515	0
3.86827	0.00115385	1.56732	0.160371	0
3.86848	0.00114859	1.2005	0.139261	0
3.86641	0.00113696	1.41726	0.158328	0
3.86606	0.00115164	1.30054	0.146751	0
3.86649	0.00112014	1.10046	0.135515	0
3.86533	0.00112001	1.30054	0.146751	0
3.86405	0.0011119	1.08378	0.132451	0
3.86494	0.00109904	1.28387	0.144028	0
3.86647	0.00112443	1.41726	0.150837	0
3.86579	0.00114943	1.26719	0.146751	0
3.86477	0.00113937	1.25052	0.144028	0
3.8642	0.00108709	1.16715	0.139601	0
3.86526	0.00112781	1.15048	0.136537	0
3.86559	0.00113359	1.26719	0.143006	0
3.86554	0.00113735	1.5173	0.15969	0
3.86478	0.00107702	1.03376	0.129727	0
3.86484	0.00112521	1.61734	0.161052	0
3.86439	0.00111716	1.15048	0.140623	0
3.86197	0.00111521	1.13381	0.143687	0
3.86218	0.00110027	0.983743	0.126663	0
3.8624	0.0011295	1.35056	0.147432	0
3.86284	0.00107092	1.01709	0.130748	0
3.86267	0.00109722	1.16715	0.141304	0
3.86399	0.001098	1.10046	0.135515	0
3.86297	0.00108832	1.30054	0.148794	0
3.86239	0.00113898	1.01709	0.130748	0
3.86293	0.00116093	1.25052	0.144028	0
3.86365	0.00109456	1.18383	0.13858	0
3.86211	0.00109657	0.983743	0.126663	0
3.86223	0.00113761	1.40058	0.153902	0
3.86286	0.00108995	1.15048	0.140623	0
3.86141	0.00106449	1.28387	0.144028	0
3.86181	0.00107144	1.18383	0.13858	0
3.86131	0.00108391	1.03376	0.129727	0
3.86054	0.00110105	1.01709	0.128705	0
3.86131	0.00106754	1.18383	0.140282	0
3.86308	0.0011206	1.2005	0.139261	0
3.86334	0.00114684	1.48395	0.157988	0
3.86244	0.00111644	1.16715	0.137558	0
3.86194	0.00109079	1.30054	0.146751	0
3.86145	0.00106981	0.933722	0.123258	0
3.86124	0.00111008	1.23385	0.141304	0
3.86152	0.00108696	0.983743	0.126663	0
3.86146	0.00112105	1.2005	0.141304	0
3.86076	0.00113469	1.01709	0.130748	0
3.85992	0.00111294	1.21717	0.140282	0
3.86033	0.00109547	1.13381	0.137558	0
3.86021	0.00114976	1.38391	0.151178	0
3.85961	0.0011067	1.03376	0.129727	0
3.85989	0.00110826	1.05044	0.132791	0
3.85935	0.00105955	1.11713	0.136537	0
3.86155	0.00106851	1.28387	0.14573	0
3.86133	0.00111755	1.05044	0.132791	0
3.86046	0.00109248	1.21717	0.144368	0
3.85974	0.00111482	1.13381	0.139601	0
3.85928	0.00107994	0.96707	0.125301	0
3.85996	0.00106903	1.05044	0.132791	0
3.85921	0.00106975	1.16715	0.143347	0
3.85865	0.0010665	1.15048	0.136537	0
3.85883	0.00104124	1.05044	0.130748	0
3.85861	0.0010604	1.01709	0.128705	0
3.85843	0.00109521	0.917049	0.12462	0
3.859	0.00111612	1.40058	0.151859	0
3.85762	0.0010526	0.950396	0.124279	0
3.85713	0.00104013	1.01709	0.128705	0
3.85644	0.00104156	0.850354	0.120193	0
3.85802	0.00107689	0.867028	0.121215	0
3.85795	0.00102474	0.950396	0.126663	0
3.85823	0.00105903	1.18383	0.140282	0
3.85922	0.00107715	1.10046	0.135515	0
3.85771	0.00106338	0.883702	0.122236	0
3.85664	0.00102753	0.900375	0.121215	0
3.85792	0.00102728	0.817007	0.115426	0
3.85885	0.00107949	1.28387	0.149816	0
3.85766	0.00109066	0.883702	0.120193	0
3.85727	0.00108059	0.983743	0.126663	0
3.85763	0.00107657	0.933722	0.125641	0
3.85782	0.00111261	1.01709	0.128705	0
3.85704	0.001093	1.01709	0.128705	0
3.8564	0.00103591	0.800333	0.116788	0
3.85672	0.00104117	1.15048	0.13858	0
3.85722	0.00104767	1.03376	0.13177	0
3.85694	0.00106916	0.900375	0.121215	0
3.85648	0.00102227	0.933722	0.123258	0
3.85706	0.00105566	1.08378	0.132451	0
3.85811	0.00106812	0.96707	0.127684	0
3.85548	0.00103935	0.750313	0.110659	0
3.85579	0.00102702	1.06711	0.13177	0
3.85599	0.00106157	1.13381	0.135515	0
3.85626	0.00111729	1.00042	0.127684	0
3.85658	0.0010617	0.983743	0.128705	0
3.85612	0.00106851	1.21717	0.142325	0
3.8562	0.0010617	0.850354	0.11781	0
3.85619	0.00105111	1.18383	0.142325	0
3.85634	0.00103494	0.933722	0.123258	0
3.85494	0.00103533	0.800333	0.114405	0
3.85561	0.00105423	1.10046	0.133472	0
3.85774	0.00107313	0.850354	0.11781	0
3.85604	0.00107137	1.00042	0.129727	0
3.85517	0.00103747	0.817007	0.115426	0
3.85544	0.00103663	0.833681	0.116788	0
3.85499	0.0010328	0.96707	0.125301	0
3.85428	0.00105293	0.716965	0.108276	0
3.85391	0.00102604	0.917049	0.122236	0
3.85654	0.00107462	1.03376	0.129727	0
3.85575	0.00107358	0.867028	0.118831	0
3.85315	0.00105273	0.933722	0.125641	0
3.85395	0.000992985	0.666945	0.104531	0
3.85447	0.00101981	0.867028	0.118831	0
3.8552	0.00102124	0.900375	0.121215	0
3.85457	0.0010554	0.917049	0.126663	0
3.85476	0.00103546	0.833681	0.119172	0
3.856	0.00104013	0.867028	0.118831	0
3.85525	0.00104202	0.933722	0.123258	0
3.85397	0.00102442	0.883702	0.120193	0
3.85389	0.00102968	0.867028	0.118831	0
3.85317	0.00105618	0.883702	0.122236	0
3.85235	0.00103565	0.750313	0.110659	0
3.85357	0.00103721	0.867028	0.121215	0
3.85285	0.000999155	0.78366	0.115767	0
3.85226	0.00100149	0.850354	0.120193	0
3.85244	0.000973827	0.650271	0.103169	0
3.85225	0.00097623	0.633597	0.102147	0
3.85406	0.00103176	1.03376	0.13177	0
3.85374	0.00104487	0.850354	0.120193	0
3.85284	0.00100506	0.633597	0.102147	0
3.853	0.000984153	0.950396	0.124279	0
3.85426	0.00100058	0.78366	0.113043	0
3.85299	0.0010465	0.750313	0.113383	0
3.85329	0.00102689	0.883702	0.120193	0
3.85242	0.00102961	0.817007	0.11781	0
3.85387	0.00101974	0.817007	0.115426	0
3.85351	0.00104423	0.96707	0.125301	0
3.85289	0.00105403	0.78366	0.115767	0
3.85259	0.00102448	0.800333	0.116788	0
3.85211	0.00100701	0.716965	0.111	0
3.85208	0.00102111	0.733639	0.109638	0
3.85286	0.00099935	0.750313	0.113383	0
3.85306	0.00100961	0.766986	0.112021	0
3.85344	0.00101312	0.750313	0.113383	0
3.85349	0.00101357	0.716965	0.108276	0
3.85347	0.00104228	0.750313	0.113383	0
3.85267	0.00104702	0.750313	0.113383	0
3.85205	0.00102468	0.817007	0.11781	0
3.85286	0.00103468	0.983743	0.126663	0
3.85268	0.00103643	0.833681	0.119172	0
3.85125	0.00103377	0.78366	0.115767	0
3.85106	0.00100812	0.60025	0.0994233	0
3.85106	0.000987465	0.566903	0.0966993	0
3.85119	0.00100071	0.533556	0.0966993	0
3.85202	0.00103442	0.867028	0.118831	0
3.85167	0.000988569	0.750313	0.110659	0
3.85305	0.00101617	0.716965	0.111	0
3.85365	0.0010126	0.867028	0.118831	0
3.85294	0.000992595	0.817007	0.115426	0
3.85238	0.00103455	0.766986	0.114405	0
3.8541	0.00107397	0.933722	0.123258	0
3.85334	0.0010048	0.683618	0.105893	0
3.85099	0.00105163	0.96707	0.125301	0
3.85232	0.00104773	0.700292	0.107255	0
3.85191	0.00100221	0.716965	0.108276	0
3.85043	0.00100247	0.766986	0.112021	0
3.85107	0.00098123	0.750313	0.110659	0
3.85155	0.00101929	0.700292	0.107255	0
3.85101	0.000993699	0.533556	0.0936349	0
3.85041	0.00099266	0.550229	0.0980613	0
3.85163	0.000971424	0.733639	0.109638	0
3.85323	0.00101734	0.983743	0.128705	0
3.85202	0.0010176	0.666945	0.107255	0
3.8506	0.00101058	0.60025	0.102147	0
3.85137	0.000999934	0.700292	0.109638	0
3.85121	0.000989088	0.616924	0.100785	0
3.85011	0.0009811	0.583576	0.0980613	0
3.85078	0.00100675	0.850354	0.11781	0
3.84988	0.000980971	0.533556	0.0936349	0
3.84949	0.000965839	0.700292	0.107255	0
3.85175	0.000962656	0.633597	0.102147	0
3.85231	0.00100195	0.666945	0.107255	0
3.85164	0.000989803	0.616924	0.100785	0
3.85092	0.0009987	0.700292	0.109638	0
3.85281	0.00100175	0.933722	0.125641	0
3.85292	0.0010137	0.78366	0.113043	0
3.85155	0.00102533	0.766986	0.112021	0
3.85125	0.000997531	0.716965	0.108276	0
3.85182	0.00101487	0.800333	0.114405	0
3.85097	0.00100812	0.817007	0.115426	0
3.85057	0.000974541	0.616924	0.100785	0
3.85056	0.000991556	0.650271	0.105893	0
3.85119	0.00103793	0.766986	0.112021	0
3.8505	0.00101416	0.733639	0.109638	0
3.85089	0.00101766	0.817007	0.115426	0
3.85205	0.00102201	0.900375	0.123598	0
3.85155	0.000988569	0.683618	0.105893	0
3.85006	0.000985387	0.78366	0.113043	0
3.85028	0.000986036	0.716965	0.108276	0
3.85126	0.00102695	0.700292	0.109638	0
3.85092	0.0010011	0.733639	0.114405	0
3.85062	0.000994609	0.78366	0.113043	0
3.85168	0.000987335	0.683618	0.105893	0
3.85095	0.000982464	0.766986	0.112021	0
3.85111	0.00101591	0.650271	0.103169	0
3.8504	0.00100584	0.500208	0.090911	0
3.85025	0.00100838	0.666945	0.104531	0
3.85009	0.000954668	0.633597	0.102147	0
3.84975	0.000961877	0.41684	0.0830797	0
3.84996	0.000973697	0.583576	0.103509	0
3.85093	0.000973177	0.700292	0.107255	0
3.84957	0.000950902	0.533556	0.0936349	0
3.85103	0.00101136	0.766986	0.112021	0
3.85195	0.000994219	0.800333	0.114405	0
3.84973	0.000966618	0.633597	0.102147	0
3.84995	0.000965904	0.533556	0.0936349	0
3.85148	0.000976554	0.650271	0.103169	0
3.85059	0.000960643	0.533556	0.0966993	0
3.84971	0.000978568	0.616924	0.100785	0
3.8504	0.000991621	0.766986	0.112021	0
3.85077	0.000992206	0.716965	0.111	0
3.84978	0.00099883	0.616924	0.100785	0
3.84985	0.00100734	0.750313	0.113383	0
3.85005	0.000997531	0.583576	0.0980613	0
3.85021	0.000976814	0.650271	0.103169	0
3.85027	0.000968566	0.78366	0.115767	0
3.85047	0.00101409	0.633597	0.102147	0
3.85075	0.000966553	0.666945	0.104531	0
3.85061	0.000985906	0.78366	0.113043	0
3.84952	0.000942719	0.433514	0.0844417	0
3.84898	0.000999999	0.550229	0.0949969	0
3.85171	0.000997856	0.633597	0.102147	0
3.85075	0.000977009	0.583576	0.0980613	0
3.84989	0.00100227	0.800333	0.121555	0
3.85083	0.000974606	0.550229	0.0949969	0
3.84951	0.00095259	0.466861	0.0878466	0
3.84864	0.000934601	0.466861	0.090911	0
3.85042	0.000971229	0.633597	0.104531	0
3.85125	0.000960643	0.566903	0.0966993	0
3.84977	0.00095863	0.550229	0.0949969	0
3.8493	0.000931938	0.400167	0.0813773	0
3.84996	0.000965189	0.450188	0.0861441	0
3.85078	0.000984542	0.60025	0.0994233	0
3.85058	0.00100195	0.633597	0.104531	0
3.85008	0.000988634	0.616924	0.100785	0
3.84926	0.000981425	0.60025	0.0994233	0
3.84929	0.000980711	0.566903	0.0966993	0
3.84918	0.000949538	0.466861	0.0878466	0
3.84934	0.000954863	0.650271	0.103169	0
3.851	0.000980126	0.616924	0.103509	0
3.8497	0.000963176	0.500208	0.090911	0
3.84872	0.000951941	0.550229	0.0980613	0
3.84973	0.00095272	0.60025	0.0994233	0
3.85025	0.000960383	0.666945	0.107255	0
3.85014	0.000967527	0.466861	0.090911	0
3.85114	0.000972853	0.666945	0.107255	0
3.84962	0.000945836	0.400167	0.0813773	0
3.84882	0.000936354	0.566903	0.0966993	0
3.84975	0.000925963	0.433514	0.0844417	0
3.85131	0.000990128	0.550229	0.0949969	0
3.85051	0.000958435	0.483535	0.0892085	0
3.84944	0.000955772	0.650271	0.103169	0
3.85075	0.00098136	0.566903	0.0966993	0
3.85024	0.00096454	0.566903	0.0966993	0
3.84948	0.000930964	0.433514	0.0844417	0
3.85047	0.000963241	0.516882	0.092273	0
3.8506	0.000945576	0.550229	0.0949969	0
3.85057	0.000995778	0.78366	0.115767	0
3.8509	0.000987725	0.533556	0.0936349	0
3.84972	0.000973177	0.466861	0.0878466	0
3.8503	0.000949993	0.533556	0.0936349	0
3.85141	0.000989868	0.650271	0.103169	0
3.84912	0.000954474	0.466861	0.0878466	0
3.84857	0.000931549	0.333472	0.074227	0
3.85103	0.000945057	0.466861	0.0878466	0
3.85085	0.000992076	0.700292	0.109638	0
3.84953	0.000963371	0.41684	0.0830797	0
3.84884	0.000945057	0.550229	0.0949969	0
3.85021	0.000974606	0.650271	0.103169	0
3.85181	0.0010039	0.666945	0.107255	0
3.84998	0.000949538	0.483535	0.0892085	0
3.84943	0.000982399	0.583576	0.0980613	0
3.85008	0.000945836	0.483535	0.0892085	0
3.84978	0.000959929	0.400167	0.0813773	0
3.85052	0.000961488	0.450188	0.0861441	0
3.85002	0.000976814	0.500208	0.090911	0
3.85023	0.00097019	0.683618	0.105893	0
3.85055	0.000984867	0.60025	0.102147	0
3.85074	0.000982204	0.683618	0.105893	0
3.85086	0.000970515	0.633597	0.102147	0
3.85023	0.000989998	0.483535	0.0892085	0
3.84919	0.000963176	0.550229	0.0949969	0
3.84998	0.000969151	0.583576	0.0980613	0
3.85042	0.000995323	0.583576	0.0980613	0
3.85001	0.000968436	0.433514	0.0844417	0
3.84965	0.000941485	0.433514	0.0844417	0
3.84909	0.00094194	0.466861	0.0878466	0
3.84957	0.000955967	0.450188	0.0861441	0
3.85053	0.00095863	0.466861	0.0878466	0
3.8494	0.000951681	0.41684	0.0830797	0
3.84944	0.000957396	0.566903	0.0966993	0
3.85007	0.000953175	0.500208	0.090911	0
3.84988	0.000943044	0.483535	0.0892085	0
3.8494	0.000954993	0.583576	0.0980613	0
3.85075	0.000980061	0.716965	0.108276	0
3.85085	0.000986556	0.383493	0.0796748	0
3.84988	0.000954019	0.500208	0.090911	0
3.85089	0.000957266	0.500208	0.090911	0
3.85071	0.000943238	0.483535	0.0892085	0
3.84915	0.000945382	0.450188	0.0861441	0
3.849	0.000931224	0.36682	0.0779724	0
3.84993	0.00094142	0.466861	0.0878466	0
3.85081	0.00096493	0.533556	0.0936349	0
3.85076	0.000952006	0.383493	0.0796748	0
3.85058	0.000972333	0.516882	0.0953374	0
3.84997	0.000950577	0.400167	0.0847822	0
3.84928	0.000937264	0.433514	0.0844417	0
3.85058	0.000932653	0.500208	0.090911	0
3.84985	0.000929146	0.36682	0.0779724	0
3.85063	0.000955967	0.400167	0.0813773	0
3.85008	0.00094116	0.483535	0.0892085	0
3.85067	0.000935575	0.333472	0.074227	0
3.85072	0.000950642	0.516882	0.092273	0
3.85153	0.000961877	0.60025	0.0994233	0
3.85041	0.000904207	0.383493	0.0796748	0
3.85054	0.000923431	0.516882	0.092273	0
3.85113	0.000956682	0.483535	0.0892085	0
3.85087	0.000963501	0.41684	0.0861441	0
3.85046	0.000934211	0.41684	0.0861441	0
3.84933	0.000950122	0.400167	0.0813773	0
3.84966	0.000957266	0.533556	0.0966993	0
3.85121	0.000942069	0.516882	0.092273	0
3.85098	0.000949668	0.500208	0.090911	0
3.8507	0.000955123	0.333472	0.074227	0
3.85015	0.000926483	0.383493	0.0796748	0
3.85084	0.000949538	0.36682	0.0779724	0
3.85023	0.000924989	0.283451	0.0684386	0
3.84941	0.000921288	0.433514	0.0844417	0
3.85057	0.000934081	0.300125	0.0704816	0
3.85065	0.000920443	0.41684	0.0830797	0
3.85093	0.00094681	0.550229	0.0949969	0
3.85021	0.000934016	0.400167	0.0813773	0
3.85051	0.000925314	0.41684	0.0830797	0
3.85052	0.000931549	0.36682	0.0779724	0
3.8513	0.00091817	0.583576	0.0980613	0
3.85144	0.000977723	0.516882	0.092273	0
3.8512	0.00100467	0.450188	0.0861441	0
3.84995	0.000944472	0.466861	0.0878466	0
3.85025	0.000930185	0.350146	0.0759294	0
3.85083	0.000939277	0.350146	0.0759294	0
3.85218	0.000968047	0.516882	0.092273	0
3.85151	0.000956617	0.41684	0.0830797	0
3.851	0.00095324	0.550229	0.0980613	0
3.85113	0.000976489	0.516882	0.0953374	0
3.85031	0.000943433	0.383493	0.0796748	0
3.85007	0.000932393	0.36682	0.0813773	0
3.84972	0.000907584	0.400167	0.0813773	0
3.84976	0.000950772	0.41684	0.0861441	0
3.85004	0.000910767	0.266778	0.0663957	0
3.85052	0.000923431	0.283451	0.0684386	0
3.85077	0.000929795	0.500208	0.090911	0
3.8513	0.000949538	0.41684	0.0830797	0
3.85122	0.000927587	0.516882	0.092273	0
3.851	0.000932328	0.516882	0.092273	0
3.85157	0.000959085	0.516882	0.092273	0
3.85116	0.000958046	0.36682	0.0779724	0
3.85071	0.000945187	0.383493	0.0796748	0
3.85142	0.000965059	0.466861	0.0878466	0
3.85034	0.000944407	0.300125	0.0704816	0
3.85058	0.000951421	0.500208	0.0936349	0
3.85051	0.00091317	0.233431	0.0623098	0
3.85018	0.000919274	0.450188	0.0861441	0
3.85056	0.000939602	0.300125	0.0704816	0
3.85142	0.000916352	0.433514	0.0844417	0
3.85202	0.000951876	0.41684	0.0830797	0
3.85215	0.000945317	0.266778	0.0663957	0
3.85161	0.000930834	0.333472	0.074227	0
3.85184	0.000924794	0.433514	0.0844417	0
3.85234	0.000896869	0.350146	0.0759294	0
3.85106	0.000895375	0.233431	0.0623098	0
3.85152	0.000916287	0.400167	0.0813773	0
3.85228	0.000961942	0.533556	0.0936349	0
3.85177	0.000935835	0.350146	0.0759294	0
3.85131	0.000911936	0.41684	0.0830797	0
3.85092	0.000897713	0.316799	0.0725245	0
3.85168	0.000916547	0.450188	0.0861441	0
3.85259	0.000915183	0.266778	0.0663957	0
3.851	0.000904532	0.400167	0.0847822	0
3.85098	0.00094142	0.400167	0.0813773	0
3.85112	0.000924665	0.300125	0.0704816	0
3.851	0.000915378	0.350146	0.0759294	0
3.85271	0.000947005	0.483535	0.092273	0
3.85305	0.000956487	0.400167	0.0813773	0
3.85127	0.000930445	0.400167	0.0813773	0
3.85073	0.000925184	0.41684	0.0830797	0
3.85309	0.000926873	0.466861	0.0878466	0
3.85227	0.000914923	0.316799	0.0725245	0
3.8515	0.000931419	0.400167	0.0813773	0
3.85221	0.000931094	0.350146	0.0759294	0
3.85206	0.000928691	0.333472	0.074227	0
3.85113	0.000922002	0.400167	0.0813773	0
3.85227	0.000937458	0.400167	0.0847822	0
3.85206	0.000901675	0.41684	0.0830797	0
3.85231	0.000922327	0.533556	0.0936349	0
3.85239	0.000932133	0.300125	0.0704816	0
3.8526	0.000926613	0.483535	0.0892085	0
3.85175	0.000910962	0.266778	0.0663957	0
3.85197	0.000920054	0.450188	0.0861441	0
3.85304	0.00093538	0.333472	0.0779724	0
3.85311	0.000933367	0.400167	0.0813773	0
3.85385	0.000932783	0.383493	0.0796748	0
3.85207	0.000946161	0.383493	0.0796748	0
3.85159	0.000896674	0.350146	0.0759294	0
3.85217	0.000907455	0.350146	0.0759294	0
3.85106	0.000912066	0.250104	0.0643527	0
3.85259	0.00093012	0.516882	0.092273	0
3.8534	0.000917586	0.41684	0.0830797	0
3.85213	0.000909273	0.266778	0.0663957	0
3.85287	0.000928236	0.383493	0.0796748	0
3.85348	0.000928626	0.36682	0.0779724	0
3.85283	0.000937588	0.383493	0.0796748	0
3.85357	0.000883101	0.400167	0.0847822	0
3.85372	0.000940836	0.550229	0.0949969	0
3.85355	0.000919534	0.36682	0.0779724	0
3.85264	0.000931484	0.41684	0.0830797	0
3.85263	0.000899012	0.300125	0.0704816	0
3.85272	0.000941225	0.400167	0.0813773	0
3.85239	0.000954733	0.250104	0.0684386	0
3.85219	0.000907779	0.250104	0.0643527	0
3.85288	0.000915443	0.433514	0.0844417	0
3.85398	0.000936614	0.433514	0.0844417	0
3.85426	0.000939861	0.466861	0.0878466	0
3.85272	0.000918625	0.266778	0.0663957	0
3.85302	0.000920638	0.36682	0.0779724	0
3.85443	0.000925704	0.41684	0.0830797	0
3.85418	0.000930834	0.483535	0.0892085	0
3.85326	0.000920768	0.316799	0.0725245	0
3.85307	0.000897648	0.300125	0.0704816	0
3.85342	0.000932068	0.383493	0.0796748	0
3.85163	0.000897778	0.233431	0.0623098	0
3.85263	0.00091856	0.283451	0.0684386	0
3.85413	0.000905247	0.350146	0.0759294	0
3.85417	0.000919924	0.433514	0.0844417	0
3.85338	0.000923885	0.41684	0.0830797	0
3.85367	0.000921482	0.350146	0.0759294	0
3.85358	0.000925314	0.450188	0.0861441	0
3.85397	0.000909143	0.283451	0.0684386	0
3.85387	0.000916287	0.316799	0.0725245	0
3.85362	0.000906675	0.36682	0.0779724	0
3.85326	0.000906156	0.333472	0.074227	0
3.85359	0.00092447	0.300125	0.0704816	0
3.85333	0.000903558	0.36682	0.0779724	0
3.85249	0.000896025	0.250104	0.0643527	0
3.85311	0.000886738	0.36682	0.0779724	0
3.85481	0.000903623	0.36682	0.0779724	0
3.85397	0.000913235	0.350146	0.0759294	0
3.85348	0.000899661	0.266778	0.0663957	0
3.85396	0.000940836	0.36682	0.0779724	0
3.85458	0.00091226	0.316799	0.0725245	0
3.85525	0.000928951	0.283451	0.0725245	0
3.85517	0.000907455	0.36682	0.0779724	0
3.85508	0.000917131	0.400167	0.0813773	0
3.85497	0.000918105	0.316799	0.0725245	0
3.85551	0.000950382	0.41684	0.0830797	0
3.85449	0.00092999	0.300125	0.0704816	0
3.8548	0.000937004	0.383493	0.0796748	0
3.85523	0.000898557	0.316799	0.0725245	0
3.85468	0.000927652	0.350146	0.0759294	0
3.85417	0.000918625	0.283451	0.0684386	0
3.85364	0.000892647	0.316799	0.0725245	0
3.85356	0.000902909	0.283451	0.0725245	0
3.85372	0.000908624	0.200083	0.0575429	0
3.85355	0.000907714	0.316799	0.0725245	0
3.8542	0.000900051	0.0833681	0.0371135	0
3.85355	0.000881152	0.300125	0.0704816	0
3.85389	0.000884465	0.233431	0.0623098	0
3.85506	0.000894985	0.41684	0.0830797	0
3.85487	0.000895375	0.316799	0.0725245	0
3.85459	0.000909922	0.316799	0.0725245	0
3.85502	0.000926483	0.333472	0.074227	0
3.85458	0.000919339	0.300125	0.0704816	0
3.85401	0.000876606	0.150063	0.0500521	0
3.85386	0.000887062	0.233431	0.0623098	0
3.85562	0.000934406	0.350146	0.0759294	0
3.85598	0.000916222	0.250104	0.0643527	0
3.85518	0.000890894	0.316799	0.0725245	0
3.85564	0.00091895	0.383493	0.0796748	0
3.85686	0.000914468	0.283451	0.0684386	0
3.85592	0.000897129	0.316799	0.0762699	0
3.85532	0.000911936	0.250104	0.0643527	0
3.85472	0.000896609	0.250104	0.0643527	0
3.85523	0.000897713	0.383493	0.0796748	0
3.85567	0.000914533	0.216757	0.0599263	0
3.85464	0.000920768	0.316799	0.0725245	0
3.85609	0.000906156	0.250104	0.0643527	0
3.85611	0.000893687	0.333472	0.074227	0
3.85509	0.000896089	0.216757	0.0599263	0
3.85559	0.000879074	0.316799	0.0725245	0
3.85673	0.000917521	0.483535	0.0892085	0
3.85675	0.000925574	0.333472	0.074227	0
3.85603	0.000875827	0.283451	0.0684386	0
3.85502	0.000879984	0.266778	0.0663957	0
3.85565	0.00088927	0.350146	0.0759294	0
3.85729	0.000918235	0.333472	0.074227	0
3.85693	0.000935445	0.400167	0.0813773	0
3.85729	0.00092395	0.350146	0.0759294	0
3.85677	0.000926938	0.266778	0.0663957	0
3.85596	0.000917846	0.283451	0.0684386	0
3.85606	0.000916612	0.283451	0.0684386	0
3.85664	0.000923431	0.266778	0.0663957	0
3.85658	0.000876347	0.233431	0.0623098	0
3.85646	0.00089518	0.250104	0.0643527	0
3.85615	0.00091226	0.283451	0.0684386	0
3.85619	0.00092999	0.316799	0.0725245	0
3.85591	0.000910182	0.233431	0.0623098	0
3.85618	0.000898817	0.266778	0.0663957	0
3.85597	0.000884335	0.266778	0.0663957	0
3.85572	0.000872125	0.133389	0.0469877	0
3.85673	0.000889985	0.483535	0.0892085	0
3.85715	0.000902454	0.150063	0.0500521	0
3.85713	0.00088362	0.266778	0.0663957	0
3.85719	0.000893037	0.233431	0.0623098	0
3.8561	0.000877126	0.116715	0.0439233	0
3.85519	0.000890439	0.166736	0.052776	0
3.8561	0.000875373	0.333472	0.074227	0
3.8574	0.000882062	0.250104	0.0643527	0
3.85743	0.000877321	0.350146	0.0759294	0
3.85683	0.000895375	0.266778	0.0663957	0
3.85605	0.000896544	0.133389	0.0469877	0
3.85613	0.000876606	0.166736	0.052776	0
3.85731	0.00090083	0.333472	0.074227	0
3.858	0.000928431	0.250104	0.0643527	0
3.85729	0.000873749	0.233431	0.0623098	0
3.85746	0.000887842	0.316799	0.0725245	0
3.85768	0.000905571	0.233431	0.0623098	0
3.857	0.000916222	0.200083	0.0575429	0
3.85717	0.000905961	0.250104	0.0643527	0
3.85863	0.000914209	0.383493	0.0796748	0
3.85781	0.00090687	0.250104	0.0684386	0
3.85633	0.000923885	0.333472	0.074227	0
3.85816	0.000923171	0.18341	0.0551595	0
3.85882	0.000915702	0.250104	0.0643527	0
3.85701	0.00089505	0.250104	0.0643527	0
3.85733	0.000897453	0.200083	0.0575429	0
3.85806	0.000892323	0.266778	0.0663957	0
3.85925	0.00091791	0.333472	0.074227	0
3.85826	0.000884919	0.216757	0.0599263	0
3.85795	0.000898752	0.300125	0.0704816	0
3.85816	0.00088401	0.216757	0.0599263	0
3.85771	0.000919209	0.266778	0.0663957	0
3.85891	0.000909793	0.316799	0.0725245	0
3.85843	0.00089518	0.150063	0.0500521	0
3.85824	0.000886608	0.216757	0.0599263	0
3.85959	0.000938692	0.433514	0.0844417	0
3.8589	0.000917456	0.266778	0.0663957	0
3.85792	0.00091317	0.266778	0.0663957	0
3.85777	0.000858942	0.216757	0.0599263	0
3.85856	0.00088953	0.266778	0.0663957	0
3.85819	0.000886608	0.166736	0.052776	0
3.85783	0.000891673	0.200083	0.0575429	0
3.85833	0.000909403	0.266778	0.0663957	0
3.85907	0.000893816	0.216757	0.0643527	0
3.85821	0.000881542	0.18341	0.0551595	0
3.85885	0.000916417	0.250104	0.0643527	0
3.85972	0.000939602	0.516882	0.092273	0
3.85998	0.000921223	0.250104	0.0643527	0
3.85922	0.000908299	0.266778	0.0663957	0
3.85967	0.000906286	0.233431	0.0623098	0
3.85974	0.000883166	0.266778	0.0663957	0
3.85945	0.000875502	0.200083	0.0575429	0
3.85987	0.000892323	0.216757	0.0599263	0
3.85935	0.000891543	0.18341	0.0551595	0
3.85998	0.00089492	0.250104	0.0643527	0
3.86	0.000899337	0.216757	0.0599263	0
3.86031	0.000920378	0.350146	0.0759294	0
3.86066	0.000905247	0.400167	0.0813773	0
3.85993	0.000908559	0.250104	0.0643527	0
3.85982	0.00090161	0.150063	0.0500521	0
3.86008	0.000893297	0.18341	0.0551595	0
3.86099	0.000889011	0.266778	0.0663957	0
3.86018	0.000899856	0.216757	0.0599263	0
3.85994	0.000891933	0.200083	0.0575429	0
3.8606	0.000896414	0.333472	0.074227	0
3.86151	0.000906286	0.316799	0.0725245	0
3.8604	0.000898362	0.216757	0.0599263	0
3.86022	0.000881932	0.233431	0.0623098	0
3.86022	0.000920638	0.233431	0.0623098	0
3.86041	0.000920508	0.18341	0.0551595	0
3.85971	0.00091304	0.150063	0.0500521	0
3.86013	0.000881932	0.133389	0.0469877	0
3.86007	0.000887712	0.283451	0.0684386	0
3.85999	0.000902259	0.250104	0.0643527	0
3.8603	0.000892777	0.333472	0.074227	0
3.86189	0.000882776	0.300125	0.0704816	0
3.86125	0.00089492	0.216757	0.0599263	0
3.86124	0.000897064	0.283451	0.0684386	0
3.86118	0.000876412	0.133389	0.0469877	0
3.86105	0.000905636	0.266778	0.0663957	0
3.86129	0.000926548	0.233431	0.0623098	0
3.86159	0.000894596	0.200083	0.0575429	0
3.86193	0.000889465	0.233431	0.0623098	0
3.86203	0.000893881	0.283451	0.0684386	0
3.86195	0.000899856	0.250104	0.0643527	0
3.86275	0.000886868	0.266778	0.0663957	0
3.86175	0.00089492	0.18341	0.0551595	0
3.86131	0.000886348	0.266778	0.0663957	0
3.86238	0.000870177	0.250104	0.0643527	0
3.86241	0.000894011	0.433514	0.0844417	0
3.86281	0.000886608	0.400167	0.0813773	0
3.86243	0.000908494	0.316799	0.0725245	0
3.86168	0.00090161	0.18341	0.0551595	0
3.86145	0.000919794	0.283451	0.0684386	0
3.86285	0.00091239	0.283451	0.0684386	0
3.8615	0.000886868	0.200083	0.0575429	0
3.86197	0.000893687	0.316799	0.0725245	0
3.86269	0.000884984	0.133389	0.0469877	0
3.86201	0.000870697	0.100042	0.0408589	0
3.86093	0.000870826	0.18341	0.0551595	0
3.86162	0.000868748	0.166736	0.052776	0
3.86214	0.000881477	0.300125	0.074227	0
3.86225	0.00087823	0.200083	0.0575429	0
3.86358	0.000876866	0.350146	0.0759294	0
3.86432	0.000908364	0.133389	0.0469877	0
3.86247	0.000885504	0.233431	0.0623098	0
3.86179	0.000873359	0.116715	0.0439233	0
3.86218	0.000879399	0.166736	0.052776	0
3.86267	0.000858227	0.18341	0.0551595	0
3.86317	0.000874268	0.18341	0.0551595	0
3.86311	0.000893167	0.200083	0.0575429	0
3.86414	0.000886543	0.133389	0.0469877	0
3.86353	0.000889141	0.150063	0.0500521	0
3.8627	0.000873489	0.133389	0.0469877	0
3.86408	0.000895765	0.300125	0.0704816	0
3.86425	0.000888751	0.316799	0.0725245	0
3.86367	0.000898687	0.283451	0.0684386	0
3.86401	0.000916157	0.283451	0.0684386	0
3.86384	0.000886413	0.18341	0.0551595	0
3.86275	0.000894596	0.200083	0.0575429	0
3.86324	0.000926028	0.216757	0.0599263	0
3.86385	0.000896739	0.150063	0.0551595	0
3.8639	0.000896284	0.18341	0.0551595	0
3.86359	0.000891608	0.166736	0.052776	0
3.86325	0.000892063	0.200083	0.0575429	0
3.86309	0.000884789	0.216757	0.0599263	0
3.86386	0.000883036	0.283451	0.0684386	0
3.86481	0.000883555	0.216757	0.0599263	0
3.86417	0.000898882	0.233431	0.0623098	0
3.8634	0.000892842	0.200083	0.0575429	0
3.8643	0.000895635	0.250104	0.0643527	0
3.86458	0.000894531	0.216757	0.0599263	0
3.86407	0.000904662	0.250104	0.0643527	0
3.86386	0.000877905	0.100042	0.0408589	0
3.86401	0.000876412	0.18341	0.0551595	0
3.86507	0.000915832	0.250104	0.0643527	0
3.86457	0.000888361	0.200083	0.0575429	0
3.8647	0.00090713	0.333472	0.074227	0
3.86464	0.000901675	0.233431	0.0623098	0
3.86437	0.000882646	0.200083	0.0575429	0
3.86497	0.000904013	0.333472	0.074227	0
3.86665	0.000904532	0.333472	0.074227	0
3.8656	0.000899142	0.250104	0.0643527	0
3.8647	0.000930574	0.166736	0.052776	0
3.86513	0.00090661	0.216757	0.0599263	0
3.86447	0.000872255	0.100042	0.0408589	0
3.86399	0.000874983	0.250104	0.0643527	0
3.8651	0.000890634	0.150063	0.0500521	0
3.86435	0.000869398	0.133389	0.0469877	0
3.86598	0.000919599	0.333472	0.074227	0
3.86593	0.000905896	0.266778	0.0663957	0
3.86462	0.000906286	0.200083	0.0623098	0
3.86446	0.000898233	0.200083	0.0575429	0
3.86545	0.000887322	0.100042	0.0408589	0
3.86517	0.000874918	0.283451	0.0684386	0
3.86533	0.000894661	0.133389	0.0469877	0
3.8664	0.000890894	0.333472	0.074227	0
3.86675	0.000915053	0.116715	0.0439233	0
3.86598	0.000893557	0.316799	0.0725245	0
3.86644	0.000912131	0.300125	0.0704816	0
3.86517	0.000887387	0.166736	0.052776	0
3.86557	0.000877775	0.150063	0.0500521	0
3.86687	0.000858422	0.233431	0.0623098	0
3.86623	0.000882776	0.150063	0.0500521	0
3.86605	0.000899467	0.133389	0.0469877	0
3.86728	0.000896025	0.250104	0.0643527	0
3.86587	0.000862838	0.0833681	0.0371135	0
3.86522	0.00087232	0.133389	0.0469877	0
3.86705	0.000865826	0.166736	0.052776	0
3.86719	0.000888816	0.216757	0.0599263	0
3.86757	0.000873684	0.250104	0.0643527	0
3.86671	0.000877516	0.250104	0.0643527	0
3.86657	0.000877581	0.150063	0.0500521	0
3.86702	0.0008844	0.133389	0.0469877	0
3.86741	0.000875048	0.166736	0.052776	0
3.86652	0.000866345	0.266778	0.0663957	0
3.8659	0.000892193	0.100042	0.0469877	0
3.86601	0.000891478	0.18341	0.0551595	0
3.8671	0.000894141	0.216757	0.0599263	0
3.86762	0.000893362	0.283451	0.0684386	0
3.86734	0.000877321	0.150063	0.0500521	0
3.86725	0.000869398	0.216757	0.0599263	0
3.86722	0.000871736	0.133389	0.0469877	0
3.86679	0.000862059	0.18341	0.0551595	0
3.86856	0.000866086	0.166736	0.052776	0
3.86802	0.000881997	0.116715	0.0439233	0
3.86786	0.00089557	0.250104	0.0643527	0
3.86754	0.000896025	0.250104	0.0643527	0
3.86753	0.000891414	0.233431	0.0623098	0
3.86798	0.000891998	0.250104	0.0643527	0
3.86894	0.000922392	0.250104	0.0684386	0
3.86838	0.000896544	0.18341	0.0551595	0
3.86743	0.000887192	0.200083	0.0575429	0
3.86805	0.000900246	0.233431	0.0623098	0
3.86912	0.000878035	0.200083	0.0575429	0
3.86787	0.000867125	0.116715	0.0439233	0
3.86849	0.000861215	0.133389	0.0469877	0
3.86941	0.000901155	0.116715	0.0439233	0
3.86949	0.000891414	0.233431	0.0623098	0
3.86952	0.000875632	0.133389	0.052776	0
3.86869	0.000883815	0.216757	0.0599263	0
3.86891	0.000909143	0.283451	0.0684386	0
3.8688	0.000886088	0.200083	0.0575429	0
3.86904	0.000898687	0.150063	0.0500521	0
3.86914	0.000874204	0.116715	0.0439233	0
3.8694	0.000861345	0.116715	0.0439233	0
3.86926	0.000850954	0.100042	0.0408589	0
3.86987	0.000887972	0.200083	0.0575429	0
3.86911	0.000881867	0.133389	0.0469877	0
3.86893	0.000886608	0.233431	0.0623098	0
3.86962	0.000883296	0.166736	0.052776	0
3.86893	0.000883361	0.166736	0.052776	0
3.86893	0.00087297	0.266778	0.0663957	0
3.86954	0.000871931	0.166736	0.052776	0
3.8684	0.000890504	0.100042	0.0408589	0
3.8693	0.000870047	0.250104	0.0643527	0
3.87008	0.000881152	0.200083	0.0575429	0
3.86945	0.000879204	0.233431	0.0623098	0
3.86958	0.00088349	0.18341	0.0551595	0
3.87026	0.000910962	0.166736	0.052776	0
3.86993	0.000884724	0.166736	0.052776	0
3.86953	0.000891478	0.116715	0.0439233	0
3.86989	0.000867514	0.116715	0.0439233	0
3.87044	0.000884919	0.216757	0.0599263	0
3.87106	0.000877386	0.150063	0.0500521	0
3.87123	0.000874918	0.133389	0.0469877	0
3.87064	0.000879529	0.133389	0.0469877	0
3.87155	0.000870177	0.133389	0.0469877	0
3.87057	0.000874009	0.116715	0.0439233	0
3.87073	0.000871931	0.133389	0.0469877	0
3.87087	0.000876671	0.150063	0.0500521	0
3.87112	0.000885049	0.166736	0.052776	0
3.87071	0.00088453	0.133389	0.0469877	0
3.87019	0.000879399	0.150063	0.0500521	0
3.87118	0.000890439	0.250104	0.0643527	0
3.8713	0.000876412	0.18341	0.0551595	0
3.87112	0.000877386	0.18341	0.0551595	0
3.87156	0.000892712	0.150063	0.0500521	0
3.8705	0.000871216	0.0833681	0.0371135	0
3.87084	0.000880438	0.18341	0.0599263	0
3.87234	0.000896025	0.18341	0.0551595	0
3.8719	0.000901025	0.200083	0.0575429	0
3.8719	0.000874074	0.18341	0.0551595	0
3.87308	0.000883036	0.233431	0.0623098	0
3.87303	0.000879724	0.166736	0.052776	0
3.87212	0.00086076	0.116715	0.0439233	0
3.87207	0.000877516	0.150063	0.0500521	0
3.87196	0.000898038	0.166736	0.052776	0
3.87193	0.000879789	0.166736	0.052776	0
3.87223	0.000898947	0.266778	0.0663957	0
3.87256	0.000905701	0.18341	0.0551595	0
3.87155	0.000896609	0.116715	0.0439233	0
3.87261	0.00089518	0.233431	0.0623098	0
3.87223	0.000864462	0.166736	0.052776	0
3.87201	0.000869333	0.233431	0.0623098	0
3.87237	0.000867125	0.150063	0.0500521	0
3.87292	0.000883815	0.200083	0.0575429	0
3.87265	0.000869722	0.150063	0.0500521	0
3.87197	0.000864722	0.150063	0.0500521	0
3.87337	0.000863358	0.116715	0.0439233	0
3.8726	0.000882776	0.216757	0.0599263	0
3.87273	0.000885828	0.133389	0.0469877	0
3.87275	0.000866151	0.116715	0.0439233	0
3.8739	0.000873294	0.133389	0.0469877	0
3.87348	0.000885569	0.18341	0.0551595	0
3.87227	0.000880178	0.0833681	0.0371135	0
3.87231	0.000855565	0.116715	0.0439233	0
3.87291	0.000839329	0.150063	0.0500521	0
3.87244	0.000868618	0.133389	0.0469877	0
3.87275	0.000873619	0.200083	0.0575429	0
3.87382	0.000855954	0.166736	0.052776	0
3.87406	0.000864592	0.233431	0.0623098	0
3.87486	0.00088414	0.18341	0.0551595	0
3.87409	0.000886478	0.116715	0.0439233	0
3.87383	0.000878944	0.233431	0.0623098	0
3.87484	0.00087232	0.133389	0.0469877	0
3.87354	0.00090135	0.216757	0.0599263	0
3.87357	0.000858227	0.0166736	0.016684	0
3.87422	0.000885114	0.133389	0.0469877	0
3.87475	0.000879009	0.100042	0.0408589	0
3.87453	0.000863163	0.150063	0.0500521	0
3.87425	0.000865761	0.166736	0.052776	0
3.87557	0.000883815	0.166736	0.052776	0
3.87547	0.000911416	0.18341	0.0551595	0
3.87372	0.000893427	0.133389	0.0469877	0
3.87418	0.00086706	0.133389	0.0469877	0
3.87447	0.00088427	0.133389	0.0469877	0
3.8753	0.000880893	0.200083	0.0575429	0
3.87503	0.000877386	0.166736	0.052776	0
3.87529	0.000870242	0.150063	0.0500521	0
3.87571	0.000884335	0.116715	0.0439233	0
3.87481	0.000869917	0.116715	0.0439233	0
3.8759	0.000887192	0.18341	0.0551595	0
3.87622	0.000889011	0.116715	0.0439233	0
3.87497	0.000878879	0.200083	0.0575429	0
3.87522	0.000865306	0.133389	0.0469877	0
3.8751	0.000859137	0.133389	0.0469877	0
3.87452	0.000869917	0.116715	0.0439233	0
3.87521	0.000869722	0.0833681	0.0371135	0
3.87566	0.000865047	0.233431	0.0623098	0
3.87516	0.000868164	0.166736	0.052776	0
3.87533	0.000886997	0.216757	0.0599263	0
3.87534	0.000886738	0.0833681	0.0371135	0
3.87545	0.00087784	0.18341	0.0551595	0
3.87583	0.000870502	0.0833681	0.0371135	0
3.87606	0.000876217	0.233431	0.0623098	0
3.87678	0.000888036	0.116715	0.0439233	0
3.87586	0.000876866	0.150063	0.0500521	0
3.87534	0.000859851	0.116715	0.0439233	0
3.87586	0.000881023	0.133389	0.0469877	0
3.877	0.000864202	0.116715	0.0439233	0
3.87641	0.000862644	0.100042	0.0408589	0
3.87646	0.00084342	0.166736	0.052776	0
3.87651	0.000869593	0.116715	0.0439233	0
3.8769	0.000875957	0.166736	0.052776	0
3.87674	0.000891349	0.18341	0.0551595	0
3.87742	0.000870502	0.133389	0.0469877	0
3.87743	0.000874333	0.0833681	0.0371135	0
3.87845	0.000852967	0.18341	0.0551595	0
3.87728	0.00086154	0.166736	0.052776	0
3.87706	0.00086628	0.150063	0.0551595	0
3.87759	0.000880048	0.116715	0.0439233	0
3.87709	0.000874009	0.133389	0.0469877	0
3.87735	0.000875178	0.100042	0.0408589	0
3.87728	0.00090109	0.250104	0.0643527	0
3.87786	0.000890764	0.200083	0.0575429	0
3.87747	0.000865436	0.166736	0.052776	0
3.87657	0.000846083	0.0333472	0.0234939	0
3.87756	0.000885569	0.133389	0.0469877	0
3.87799	0.000883815	0.133389	0.0469877	0
3.87761	0.000881412	0.250104	0.0643527	0
3.87798	0.000870372	0.116715	0.0439233	0
3.8775	0.000856864	0.100042	0.0408589	0
3.87803	0.000858292	0.116715	0.0439233	0
3.87921	0.000879594	0.166736	0.052776	0
3.87865	0.000901869	0.266778	0.0663957	0
3.87832	0.000891219	0.0833681	0.0371135	0
3.87883	0.000866345	0.133389	0.0469877	0
3.87777	0.000888101	0.166736	0.052776	0
3.87837	0.000868489	0.100042	0.0408589	0
3.87863	0.000849915	0.0666945	0.0333681	0
3.87886	0.000882321	0.166736	0.052776	0
3.87885	0.000876542	0.166736	0.052776	0
3.87923	0.000871346	0.116715	0.0439233	0
3.87994	0.000869852	0.200083	0.0575429	0
3.87944	0.000871801	0.100042	0.0408589	0
3.87817	0.000867579	0.116715	0.0439233	0
3.87877	0.000870437	0.100042	0.0408589	0
3.87938	0.000870762	0.150063	0.0500521	0
3.8792	0.000879139	0.266778	0.0663957	0
3.8791	0.00087258	0.116715	0.0439233	0
3.87859	0.000870632	0.18341	0.0551595	0
3.87891	0.000887452	0.200083	0.0623098	0
3.88012	0.000864852	0.116715	0.0439233	0
3.88038	0.000875502	0.216757	0.0599263	0
3.88047	0.000882451	0.200083	0.0575429	0
3.87995	0.000895115	0.18341	0.0551595	0
3.88027	0.000867579	0.166736	0.052776	0
3.88027	0.00090096	0.216757	0.0599263	0
3.87988	0.000888751	0.100042	0.0408589	0
3.87971	0.000857318	0.0333472	0.0234939	0
3.88044	0.000857123	0.133389	0.0469877	0
3.88078	0.000882127	0.0833681	0.0371135	0
3.88034	0.000866475	0.116715	0.0439233	0
3.87965	0.000881347	0.0666945	0.0333681	0
3.88041	0.00087797	0.116715	0.0439233	0
3.87994	0.000854071	0.100042	0.0408589	0
3.87938	0.000862903	0.100042	0.0408589	0
3.88064	0.000862644	0.100042	0.0408589	0
3.88187	0.000882841	0.166736	0.052776	0
3.88179	0.00087862	0.116715	0.0439233	0
3.88231	0.00089031	0.18341	0.0551595	0
3.88258	0.000888036	0.200083	0.0575429	0
3.88072	0.00088427	0.166736	0.052776	0
3.88158	0.00086654	0.0833681	0.0371135	0
3.88186	0.000870307	0.18341	0.0551595	0
3.88124	0.000901804	0.18341	0.0599263	0
3.8816	0.000887062	0.116715	0.0439233	0
3.88118	0.000877321	0.133389	0.0469877	0
3.8811	0.000871346	0.18341	0.0551595	0
3.88144	0.000867384	0.116715	0.0439233	0
3.88143	0.000854071	0.116715	0.0439233	0
3.88156	0.000894141	0.166736	0.052776	0
3.88179	0.000878879	0.116715	0.0439233	0
3.88161	0.000900181	0.216757	0.0599263	0
3.88218	0.0008555	0.100042	0.0408589	0
3.88228	0.000865956	0.166736	0.052776	0
3.88203	0.000865371	0.116715	0.0439233	0
3.88149	0.000870762	0.150063	0.0500521	0
3.8818	0.000871411	0.133389	0.0469877	0
3.88223	0.000856149	0.0666945	0.0333681	0
3.88248	0.000865436	0.0833681	0.0371135	0
3.88229	0.000874983	0.166736	0.052776	0
3.882	0.000881737	0.100042	0.0408589	0
3.88272	0.000882516	0.100042	0.0408589	0
3.88333	0.000855435	0.150063	0.0500521	0
3.88327	0.000873359	0.150063	0.0500521	0
3.88348	0.000877905	0.166736	0.052776	0
3.88451	0.00087784	0.216757	0.0599263	0
3.88355	0.000892907	0.116715	0.0439233	0
3.88294	0.000886997	0.150063	0.0500521	0
3.88357	0.000870437	0.133389	0.0469877	0
3.88369	0.00086667	0.116715	0.0439233	0
3.88306	0.000890439	0.18341	0.0551595	0
3.88292	0.000868034	0.0666945	0.0333681	0
3.88348	0.000850759	0.0833681	0.0371135	0
3.88385	0.000856279	0.133389	0.0469877	0
3.88305	0.000857318	0.100042	0.0408589	0
3.88284	0.000854656	0.0333472	0.0234939	0
3.88363	0.000869982	0.133389	0.0469877	0
3.88431	0.000859396	0.133389	0.0469877	0
3.88378	0.000870177	0.0833681	0.0371135	0
3.88356	0.00086693	0.0833681	0.0371135	0
0	0	0	0	0
0	0	0	0	0
0	0	0	0	0
0	0	0	0	0
0	0	0	0	0
0	0	0	0	0
0	0	0	0	0
0	0	0	0	0
0	0	0	0	0
0	0	0	0	0
0	0	0	0	0
0	0	0	0	0
0	0	0	0	0
0	0	0	0	0
0	0	0	0	0
0	0	0	0	0
0	0	0	0	0
0	0	0	0	0
0	0	0	0	0
0	0	0	0	0
0	0	0	0	0
0	0	0	0	0
0	0	0	0	0
0	0	0	0	0
0	0	0	0	0
0	0	0	0	0
0	0	0	0	0
0	0	0	0	0
0	0	0	0	0
0	0	0	0	0
0	0	0	0	0
0	0	0	0	0
0	0	0	0	0
0	0	0	0	0
0	0	0	0	0
0	0	0	0	0
0	0	0	0	0
0	0	0	0	0
0	0	0	0	0
0	0	0	0	0
0	0	0	0	0
0	0	0	0	0
0	0	0	0	0
0	0	0	0	0
0	0	0	0	0
0	0	0	0	0
0	0	0	0	0
0	0	0	0	0
0	0	0	0	0
0	0	0	0	0
0	0	0	0	0
0	0	0	0	0
0	0	0	0	0
0	0	0	0	0
0	0	0	0	0
0	0	0	0	0
0	0	0	0	0
0	0	0	0	0
0	0	0	0	0
0	0	0	0	0
0	0	0	0	0
0	0	0	0	0
0	0	0	0	0
0	0	0	0	0
0	0	0	0	0
0	0	0	0	0
0	0	0	0	0
0	0	0	0	0
0	0	0	0	0
0	0	0	0	0
0	0	0	0	0
0	0	0	0	0
0	0	0	0	0
0	0	0	0	0
0	0	0	0	0
0	0	0	0	0
0	0	0	0	0
0	0	0	0	0
0	0	0	0	0
0	0	0	0	0
0	0	0	0	0
0	0	0	0	0
0	0	0	0	0
0	0	0	0	0
0	0	0	0	0
0	0	0	0	0
0	0	0	0	0
0	0	0	0	0
0	0	0	0	0
0	0	0	0	0
0	0	0	0	0
0	0	0	0	0
0	0	0	0	0
0	0	0	0	0
0	0	0	0	0
0	0	0	0	0
0	0	0	0	0
0	0	0	0	0
0	0	0	0	0
0	0	0	0	0
0	0	0	0	0
0	0	0	0	0
0	0	0	0	0
0	0	0	0	0
0	0	0	0	0
0	0	0	0	0
0	0	0	0	0
0	0	0	0	0
0	0	0	0	0
0	0	0	0	0
0	0	0	0	0
0	0	0	0	0
0	0	0	0	0
0	0	0	0	0
0	0	0	0	0
0	0	0	0	0
0	0	0	0	0
0	0	0	0	0
0	0	0	0	0
0	0	0	0	0
0	0	0	0	0
0	0	0	0	0
0	0	0	0	0
0	0	0	0	0
0	0	0	0	0
0	0	0	0	0
0	0	0	0	0
0	0	0	0	0
0	0	0	0	0
0	0	0	0	0
0	0	0	0	0
0	0	0	0	0
0	0	0	0	0
0	0	0	0	0
0	0	0	0	0
0	0	0	0	0
0	0	0	0	0
0	0	0	0	0
0	0	0	0	0
0	0	0	0	0
0	0	0	0	0
0	0	0	0	0
0	0	0	0	0
0	0	0	0	0
0	0	0	0	0
0	0	0	0	0
0	0	0	0	0
0	0	0	0	0
0	0	0	0	0
0	0	0	0	0
0	0	0	0	0
0	0	0	0	0
0	0	0	0	0
0	0	0	0	0
0	0	0	0	0
0	0	0	0	0
0	0	0	0	0
0	0	0	0	0
0	0	0	0	0
0	0	0	0	0
0	0	0	0	0
0	0	0	0	0
0	0	0	0	0
0	0	0	0	0
0	0	0	0	0
0	0	0	0	0
0	0	0	0	0
0	0	0	0	0
0	0	0	0	0
0	0	0	0	0
0	0	0	0	0
0	0	0	0	0
0	0	0	0	0
0	0	0	0	0
0	0	0	0	0
0	0	0	0	0
0	0	0	0	0
0	0	0	0	0
0	0	0	0	0
0	0	0	0	0
0	0	0	0	0
0	0	0	0	0
0	0	0	0	0
0	0	0	0	0
0	0	0	0	0
0	0	0	0	0
0	0	0	0	0
0	0	0	0	0
0	0	0	0	0
0	0	0	0	0
0	0	0	0	0
0	0	0	0	0
0	0	0	0	0
0	0	0	0	0
0	0	0	0	0
0	0	0	0	0
0	0	0	0	0
0	0	0	0	0
0	0	0	0	0
0	0	0	0	0
0	0	0	0	0
0	0	0	0	0
0	0	0	0	0
0	0	0	0	0
0	0	0	0	0
0	0	0	0	0
0	0	0	0	0
0	0	0	0	0
0	0	0	0	0
0	0	0	0	0
0	0	0	0	0
0	0	0	0	0
0	0	0	0	0
0	0	0	0	0
0	0	0	0	0
0	0	0	0	0
0	0	0	0	0
0	0	0	0	0
0	0	0	0	0
0	0	0	0	0
0	0	0	0	0
0	0	0	0	0
0	0	0	0	0
0	0	0	0	0
0	0	0	0	0
0	0	0	0	0
0	0	0	0	0
0	0	0	0	0
0	0	0	0	0
0	0	0	0	0
0	0	0	0	0
0	0	0	0	0
0	0	0	0	0
0	0	0	0	0
0	0	0	0	0
0	0	0	0	0
0	0	0	0	0
0	0	0	0	0
0	0	0	0	0
0	0	0	0	0
0	0	0	0	0
0	0	0	0	0
0	0	0	0	0
0	0	0	0	0
0	0	0	0	0
0	0	0	0	0
0	0	0	0	0
0	0	0	0	0
0	0	0	0	0
0	0	0	0	0
0	0	0	0	0
0	0	0	0	0
0	0	0	0	0
0	0	0	0	0
0	0	0	0	0
0	0	0	0	0
0	0	0	0	0
0	0	0	0	0
0	0	0	0	0
0	0	0	0	0
0	0	0	0	0
0	0	0	0	0
0	0	0	0	0
0	0	0	0	0
0	0	0	0	0
0	0	0	0	0
0	0	0	0	0
0	0	0	0	0
0	0	0	0	0
0	0	0	0	0
0	0	0	0	0
0	0	0	0	0
0	0	0	0	0
0	0	0	0	0
0	0	0	0	0
0	0	0	0	0
0	0	0	0	0
0	0	0	0	0
0	0	0	0	0
0	0	0	0	0
0	0	0	0	0
0	0	0	0	0
0	0	0	0	0
0	0	0	0	0
0	0	0	0	0
0	0	0	0	0
0	0	0	0	0
0	0	0	0	0
0	0	0	0	0
0	0	0	0	0
0	0	0	0	0
0	0	0	0	0
0	0	0	0	0
0	0	0	0	0
0	0	0	0	0
0	0	0	0	0
0	0	0	0	0
0	0	0	0	0
0	0	0	0	0
0	0	0	0	0
0	0	0	0	0
0	0	0	0	0
0	0	0	0	0
0	0	0	0	0
0	0	0	0	0
0	0	0	0	0
0	0	0	0	0
0	0	0	0	0
0	0	0	0	0
0	0	0	0	0
0	0	0	0	0
0	0	0	0	0
0	0	0	0	0
0	0	0	0	0
0	0	0	0	0
0	0	0	0	0
0	0	0	0	0
0	0	0	0	0
0	0	0	0	0
0	0	0	0	0
0	0	0	0	0
0	0	0	0	0
0	0	0	0	0
0	0	0	0	0
0	0	0	0	0
0	0	0	0	0
0	0	0	0	0
0	0	0	0	0
0	0	0	0	0
0	0	0	0	0
0	0	0	0	0
0	0	0	0	0
0	0	0	0	0
0	0	0	0	0
0	0	0	0	0
0	0	0	0	0
0	0	0	0	0
0	0	0	0	0
0	0	0	0	0
0	0	0	0	0
0	0	0	0	0
0	0	0	0	0
0	0	0	0	0
0	0	0	0	0
0	0	0	0	0
0	0	0	0	0
0	0	0	0	0
0	0	0	0	0
0	0	0	0	0
0	0	0	0	0
0	0	0	0	0
0	0	0	0	0
0	0	0	0	0
0	0	0	0	0
0	0	0	0	0
0	0	0	0	0
0	0	0	0	0
0	0	0	0	0
0	0	0	0	0
0	0	0	0	0
0	0	0	0	0
0	0	0	0	0
0	0	0	0	0
0	0	0	0	0
0	0	0	0	0
0	0	0	0	0
0	0	0	0	0
0	0	0	0	0
0	0	0	0	0
0	0	0	0	0
0	0	0	0	0
0	0	0	0	0
0	0	0	0	0
0	0	0	0	0
0	0	0	0	0
0	0	0	0	0
0	0	0	0	0
0	0	0	0	0
0	0	0	0	0
0	0	0	0	0
0	0	0	0	0
0	0	0	0	0
0	0	0	0	0
0	0	0	0	0
0	0	0	0	0
0	0	0	0	0
0	0	0	0	0
0	0	0	0	0
0	0	0	0	0
0	0	0	0	0
0	0	0	0	0
0	0	0	0	0
0	0	0	0	0
0	0	0	0	0
0	0	0	0	0
0	0	0	0	0
0	0	0	0	0
0	0	0	0	0
0	0	0	0	0
0	0	0	0	0
