a2610521.050089
Narit-cm 05/01/2026 20:35:02 05/01/2026 21:05:00 0045 0013.384714 0052.542598 00.0 00.0
0002400 0010 0000000 0010 05 0000000 0010 0000000 0010
1 0 1 01600 1 0000 3.75 00000.o 0 0 01 000 16 002400 0.500 BT0
1 2 1 02000 1 0000 3.75 00000.o 0 0 01 000 16 002400 0.500 S2A0
1 1 1 01600 1 0000 3.75 00000.o 0 0 00 000 00 002400 3.1746 BC0
1 3 1 02000 1 0000 3.75 00000.o 0 0 00 000 00 002400 3.1746 S2P0
1 5 0 01600 0 0000 1.00 00000.o 0 0 00 000 00 000000 0.000 OF0
0.000 .o Analog 0 	0.000 .o Analog StErr 0 	0.000 .o Photon Counting 0 	0.000 .o PC StErr 0 	0.000 .o Overflow Info 0 
27.3882	0.144082	181.883	0.866007	0
59.6912	0.350998	196.45	0.870771	0
260.189	2.3134	112.033	1.34069	0
472.876	0.0924998	0.7	0.112292	0
473.457	6.36048E-6	0	0	0
473.457	0	0	0	0
473.457	9.02149E-6	15.6	0.508035	0
473.457	1.2721E-5	9.43333	0.418542	0
473.457	0	1.05	0.14666	0
473.457	0	3.93333	0.265076	0
473.457	6.36048E-6	23.15	0.620326	0
473.457	9.02149E-6	71.75	0.949715	0
473.457	6.36048E-6	128.283	1.01471	0
473.457	0	124.283	1.01573	0
473.457	0	80.9833	0.922153	0
473.457	9.02149E-6	79	0.887785	0
473.457	6.36048E-6	85.2	0.915688	0
473.457	6.36048E-6	92.7167	0.913306	0
473.457	0	109.65	0.924535	0
473.457	0	120.383	0.945972	0
473.457	0	125.383	0.917729	0
473.457	0	135.567	0.931681	0
473.457	6.36048E-6	157.667	0.929979	0
473.457	0	175.967	0.917389	0
473.457	0	188.7	0.896632	0
473.457	0	196.333	0.895951	0
473.457	0	199.433	0.891528	0
473.457	0	203.733	0.898333	0
473.457	0	204.05	0.899354	0
473.457	0	205.1	0.888125	0
473.457	0	204.05	0.893229	0
473.457	0	202.05	0.888806	0
473.457	0	202.517	0.862945	0
473.457	6.36048E-6	202.1	0.873153	0
475.114	0.123131	202.367	0.872472	1
483.368	0.247411	201.15	0.873833	1
496.666	0.163153	203.1	0.901396	1
499.899	0.0307287	201.8	0.902757	1
500	0	200.817	0.870431	1
499.996	0.00381512	202.6	0.901396	1
498.716	0.109167	199.5	0.885743	1
491.439	0.359487	202	0.891188	1
473.117	0.674275	202.267	0.865326	1
437.589	0.839368	203.083	0.877917	1
397.149	0.842379	203.05	0.888806	1
359.548	0.853785	203.233	0.904799	0
322.697	0.86872	201.883	0.896972	0
286.798	0.869358	201.283	0.872813	0
252.512	0.871923	201.267	0.890167	0
219.448	0.856928	202.083	0.892889	0
188.054	0.820242	202.983	0.86941	0
159.152	0.777296	201.1	0.886764	0
132.901	0.720296	201.8	0.880639	0
109.44	0.65319	201.35	0.884382	0
89.1778	0.592684	200.117	0.888125	0
72.0088	0.537902	199.317	0.874174	0
57.3955	0.443098	197.083	0.891528	0
45.3751	0.376321	198.367	0.870431	1
35.7745	0.315233	195.017	0.868049	0
28.2919	0.264997	193.633	0.865326	0
22.4016	0.220977	196.2	0.872813	1
17.8279	0.179163	192.8	0.861583	0
14.3798	0.1474	189.467	0.843549	0
11.7809	0.122771	190.483	0.885743	0
9.84078	0.099593	187.717	0.88166	0
8.39692	0.0792424	184.033	0.867028	0
7.30036	0.0666128	182.417	0.842188	0
6.46252	0.0567368	181.4	0.84457	0
5.78987	0.046775	176.233	0.861583	0
5.27566	0.0398208	174.033	0.850354	0
4.92645	0.0346729	171.7	0.840826	0
4.683	0.0306142	171.1	0.848993	0
4.49155	0.027232	167.567	0.86941	0
4.34589	0.0251203	165.033	0.828576	0
4.25066	0.0226545	161.967	0.838104	0
4.19311	0.0217817	162.367	0.82075	0
4.15626	0.0203644	160.033	0.851715	0
4.10198	0.0194662	157.617	0.833	0
4.0926	0.0191516	156.683	0.831299	0
4.13795	0.0190141	156.917	0.838104	0
4.14602	0.0178546	152.433	0.846951	0
4.20656	0.0178931	153.433	0.85716	0
4.29665	0.0176479	150.483	0.838785	0
4.32355	0.0181143	150.967	0.850354	0
4.36907	0.0173916	148.517	0.835382	0
4.46993	0.0169944	148.367	0.85784	0
4.52726	0.0168555	147.283	0.848993	0
4.57657	0.0168072	146.3	0.852056	0
4.65996	0.0171005	146.8	0.860903	0
4.69492	0.0169777	145.917	0.855118	0
4.74932	0.0163477	144.967	0.843889	0
4.82786	0.0163761	143.433	0.847632	0
4.86647	0.0162761	143.05	0.846951	0
4.90334	0.0157214	143.533	0.864646	0
4.97096	0.0159746	142.117	0.846611	0
5.04721	0.0162759	140.633	0.851035	0
5.08537	0.0157459	141.067	0.831299	0
5.13013	0.0158161	139.85	0.840826	0
5.18244	0.0158606	140.1	0.861243	0
5.22795	0.0157431	139.233	0.831639	0
5.25264	0.0156635	138.4	0.861583	0
5.29568	0.0158317	138.283	0.852396	0
5.37895	0.0150935	137.983	0.839125	0
5.41917	0.0151849	136.25	0.837083	0
5.42415	0.0152633	135.683	0.847632	0
5.48241	0.0150297	134.783	0.846271	0
5.53422	0.0147913	135	0.831979	0
5.55575	0.014979	132.067	0.852396	0
5.58078	0.0146978	134.667	0.852396	0
5.62081	0.0144158	133.567	0.836743	0
5.66145	0.0146767	133.717	0.845931	0
5.68538	0.0143966	133.417	0.841507	0
5.70305	0.0141518	131.1	0.861924	0
5.72068	0.0146362	131.383	0.861243	0
5.76348	0.0147375	131.1	0.831639	0
5.82245	0.0143213	130.983	0.854778	0
5.8479	0.0139734	130.333	0.839806	0
5.8293	0.0139514	129.85	0.852396	0
5.85467	0.0136928	129.417	0.84559	0
5.89774	0.0138026	128.533	0.839806	0
5.91097	0.0139192	128.85	0.84457	0
5.94523	0.0140661	128.417	0.847292	0
5.97912	0.0137828	128.167	0.829257	0
5.97933	0.0135451	126.917	0.825174	0
5.97632	0.0136147	126.467	0.838785	0
5.99633	0.0138609	125.35	0.835382	0
6.00515	0.0134836	126.333	0.839125	0
6.01153	0.0138691	125.7	0.843889	0
6.03624	0.0135698	124.867	0.862264	0
6.05316	0.013631	124.85	0.853757	0
6.05348	0.0135308	123.9	0.843549	0
6.04998	0.0134246	123.4	0.848993	0
6.04459	0.0134048	120.517	0.828917	0
6.03735	0.0129897	122.017	0.864646	0
6.02525	0.0128302	120.583	0.843889	0
6.00929	0.0125299	121.1	0.842188	0
6.00317	0.0125841	120.583	0.84525	0
5.99823	0.012565	120.25	0.837424	0
5.994	0.0125277	118.75	0.846951	0
6.00995	0.0126271	117.967	0.851035	0
6.02468	0.0124322	118.383	0.823132	0
6.01033	0.0122283	118.417	0.858521	0
6.00788	0.0124216	118.2	0.8575	0
6.01963	0.0122755	118.35	0.834361	0
6.01152	0.0119583	116.5	0.871792	0
6.0199	0.0123385	117.233	0.843889	0
6.04773	0.0120012	116.133	0.84457	0
6.05867	0.0119496	116.35	0.856139	0
6.0567	0.0117836	116.283	0.849674	0
6.05465	0.0116238	114.25	0.851375	0
6.05645	0.011777	115.183	0.83266	0
6.05591	0.011842	113.75	0.851715	0
6.06456	0.0119114	112.583	0.836063	0
6.0966	0.0118778	116.35	0.830618	0
6.09566	0.0116762	114.667	0.851035	0
6.09164	0.0117424	112.8	0.843889	0
6.09866	0.0116941	114.65	0.838104	0
6.09263	0.0115539	114.417	0.848653	0
6.10421	0.0116149	114.217	0.824493	0
6.10034	0.011575	113.083	0.848653	0
6.08149	0.0111618	113.1	0.839806	0
6.09136	0.0110835	113.35	0.838104	0
6.10391	0.01133	111.833	0.830958	0
6.08927	0.0112503	111.133	0.852396	0
6.06847	0.0113284	111.633	0.841507	0
6.06494	0.0109897	111.417	0.84457	0
6.07028	0.0110968	112.117	0.844229	0
6.07782	0.0114141	111.4	0.82075	0
6.05732	0.0109918	109.667	0.818368	0
6.0351	0.0112292	109.433	0.848993	0
6.03598	0.0108022	110.25	0.846271	0
6.01733	0.0109525	107.833	0.829257	0
6.00261	0.0107501	107.767	0.841507	0
6.00921	0.0107422	107.367	0.840826	0
5.99517	0.01046	107.217	0.819049	0
5.98582	0.0104534	109.25	0.852736	0
5.97802	0.010692	106.5	0.83266	0
5.95596	0.0104996	107.367	0.860563	0
5.93634	0.0103438	105.533	0.847972	0
5.93191	0.0102072	106.367	0.835042	0
5.9236	0.0102541	105.2	0.859201	0
5.91457	0.00997654	104.767	0.856479	0
5.90125	0.0101232	103.817	0.849333	0
5.8798	0.0101481	104.883	0.836743	0
5.86894	0.00996148	104.067	0.817007	0
5.85159	0.00995142	103.867	0.859201	0
5.84196	0.0100102	101.45	0.827896	0
5.856	0.0100892	103.117	0.830278	0
5.84864	0.00990125	102.05	0.825174	0
5.81202	0.0100958	101.75	0.85716	0
5.80705	0.0102151	101.733	0.856479	0
5.80654	0.00973114	101.617	0.847972	0
5.7834	0.00969648	100.517	0.84559	0
5.7671	0.00970453	101	0.851035	0
5.75135	0.0097168	100.3	0.824833	0
5.72661	0.00964164	98.35	0.837424	0
5.70587	0.00954331	98.1333	0.855118	0
5.6997	0.00961068	98.6833	0.848653	0
5.69399	0.0097915	99.3167	0.85716	0
5.68243	0.00968195	96.7167	0.850354	0
5.66794	0.00939559	96.4667	0.825854	0
5.64921	0.00949237	95.45	0.83232	0
5.64686	0.00934465	95.9667	0.831639	0
5.63871	0.00958174	93.8	0.835042	0
5.59695	0.00922393	93.9	0.858181	0
5.59048	0.00954513	94.7167	0.840826	0
5.60011	0.00938294	93.65	0.839465	0
5.57963	0.00922646	94.4167	0.855458	0
5.55526	0.00935159	93.0167	0.847972	0
5.53955	0.00928396	92.2167	0.827215	0
5.51537	0.00914273	91.5667	0.823132	0
5.50433	0.00879018	91.2167	0.839806	0
5.49533	0.00906277	90.1333	0.811903	0
5.46145	0.0090681	89.5167	0.827896	0
5.45287	0.00902506	89.6667	0.834701	0
5.46033	0.00925274	88.8167	0.824833	0
5.43406	0.00899073	88.1	0.819729	0
5.40347	0.00901267	86.6333	0.828236	0
5.39097	0.00907491	86.8	0.833681	0
5.37648	0.00899248	86.3	0.831639	0
5.36477	0.00884606	87.1333	0.814285	0
5.35514	0.00865083	85.7167	0.830278	0
5.33392	0.00889111	84.1667	0.84525	0
5.31265	0.0089429	84.2167	0.830278	0
5.31101	0.0086056	83.5333	0.823472	0
5.2993	0.00878518	82.4667	0.833681	0
5.28549	0.00884347	83.8333	0.853757	0
5.28236	0.00867362	83.4167	0.837083	0
5.26453	0.00859898	81.6833	0.819729	0
5.2394	0.00858794	81.2333	0.825854	0
5.22851	0.00848021	82.9333	0.830958	0
5.22681	0.00847728	81.5333	0.845931	0
5.21633	0.00854861	80.8333	0.812243	0
5.18687	0.00827855	79.4167	0.807479	0
5.16436	0.0082879	80.3	0.835042	0
5.16649	0.00827336	78.7667	0.828236	0
5.15019	0.00826031	76.4	0.825174	0
5.13231	0.00824045	77.25	0.80884	0
5.12657	0.00818918	77.4333	0.814285	0
5.10059	0.00801122	76.2167	0.814965	0
5.07617	0.00802387	75.1833	0.798632	0
5.07412	0.00792035	75.5833	0.815306	0
5.07183	0.00822858	75.9	0.828917	0
5.05668	0.00803848	75.55	0.819049	0
5.04482	0.00777945	72.95	0.799653	0
5.03484	0.0079075	74.15	0.822792	0
5.0302	0.00799694	73.2667	0.810882	0
5.01945	0.0079162	73.1667	0.810882	0
4.99683	0.00778944	72.5167	0.837424	0
4.9768	0.00782073	71.4667	0.812583	0
4.96658	0.00785714	72.8	0.822792	0
4.96421	0.0078008	69.95	0.818028	0
4.95219	0.0076965	70.55	0.811222	0
4.9334	0.00781073	71.05	0.816326	0
4.91708	0.00769456	68.4667	0.82075	0
4.90777	0.00777205	68.4833	0.833	0
4.90758	0.00754022	68.5333	0.812583	0
4.89712	0.00758208	68.5	0.813945	0
4.87366	0.00748888	67.35	0.801014	0
4.86251	0.00753626	67.45	0.806118	0
4.85914	0.00762972	67.1	0.80884	0
4.85083	0.00763647	66.5833	0.810201	0
4.83064	0.00734382	65.65	0.793528	0
4.81367	0.00733571	64.4833	0.793528	0
4.80463	0.00744306	64.0833	0.807139	0
4.79773	0.00718429	65.1	0.813945	0
4.78381	0.00725795	62.95	0.786042	0
4.76669	0.00715865	62.1667	0.803396	0
4.76167	0.00711037	61.5	0.787063	0
4.75752	0.00711569	61.05	0.780597	0
4.74811	0.00699938	62.55	0.780597	0
4.74187	0.00714645	61.0667	0.788764	0
4.7251	0.00706747	61.1	0.787403	0
4.70737	0.00681694	60.4333	0.812583	0
4.70915	0.0068577	60.9333	0.791486	0
4.69682	0.00698231	59.9833	0.784	0
4.68112	0.00694791	59.0667	0.79625	0
4.68265	0.00701515	57.7667	0.779576	0
4.66355	0.00675054	57.65	0.782639	0
4.64637	0.0067153	56.9	0.761542	0
4.64563	0.00668571	56.5667	0.777535	0
4.63373	0.00670927	56.95	0.785361	0
4.62329	0.00652481	56.2333	0.774132	0
4.61792	0.00667247	55.4833	0.777875	0
4.61122	0.00669479	54.8833	0.781618	0
4.59915	0.00667811	53.85	0.776514	0
4.59163	0.00645576	54.35	0.768007	0
4.58516	0.00646432	55.0667	0.785701	0
4.57705	0.00648353	53.2833	0.745889	0
4.55663	0.00627656	52.6833	0.776854	0
4.55235	0.00628376	53.7	0.784	0
4.56535	0.00638397	55.1833	0.775833	0
4.54211	0.00624294	51.4833	0.766646	0
4.51415	0.00620036	51.2833	0.763924	0
4.52377	0.00632978	51.7833	0.768688	0
4.52016	0.00623995	50.6	0.764604	0
4.50719	0.00626384	50.9667	0.74657	0
4.5009	0.0062458	50.3833	0.745889	0
4.48482	0.00598917	48.4833	0.751333	0
4.47483	0.00592258	49.2667	0.755076	0
4.47019	0.00598696	48.4833	0.73534	0
4.46565	0.0058249	50.0833	0.763924	0
4.46184	0.00590986	46.8833	0.745889	0
4.44909	0.00587494	48.8333	0.753715	0
4.44468	0.00591752	48.25	0.744868	0
4.44103	0.00600565	46.8667	0.742486	0
4.42997	0.00595451	46.75	0.741125	0
4.42122	0.00581815	46.1	0.731257	0
4.41359	0.00558398	45.65	0.72309	0
4.40239	0.00567484	44.75	0.730236	0
4.38958	0.00554601	43.65	0.714924	0
4.38326	0.00553264	44.5	0.725813	0
4.37718	0.00565667	43.7833	0.725472	0
4.36923	0.00571521	44.35	0.726493	0
4.36673	0.00557476	43.6333	0.725132	0
4.36205	0.00563564	43.15	0.724451	0
4.35848	0.00560533	43.1	0.748951	0
4.35339	0.00547618	42.8	0.707778	0
4.34556	0.00547618	41.4167	0.72275	0
4.33375	0.00538583	42.5	0.717986	0
4.33105	0.00536604	41.6667	0.72207	0
4.32736	0.00534722	42.4667	0.742826	0
4.31285	0.0052581	40.3667	0.695188	0
4.3062	0.00521365	41.0833	0.707778	0
4.30181	0.00542198	39.4833	0.708458	0
4.299	0.00534313	40.65	0.71016	0
4.30368	0.00523539	40.25	0.690764	0
4.29553	0.00529094	40.5	0.716285	0
4.27986	0.00509961	39.0167	0.700972	0
4.28744	0.00522117	39.9833	0.705056	0
4.29914	0.00520281	40.2667	0.709139	0
4.28791	0.00517068	39.2	0.703354	0
4.28022	0.00532865	38.95	0.700972	0
4.2865	0.00547092	39.9167	0.713222	0
4.28138	0.00522747	39.0333	0.69757	0
4.26897	0.00523623	39.4667	0.707438	0
4.25999	0.00525213	37.5833	0.687361	0
4.25917	0.00511058	38.4	0.723431	0
4.25915	0.00505911	39.0667	0.708118	0
4.2466	0.00493813	36.3	0.667965	0
4.23628	0.00498713	37.25	0.699611	0
4.234	0.00485889	36.4167	0.684979	0
4.22904	0.00503958	36.65	0.682938	0
4.227	0.00492327	36.3333	0.655375	0
4.22924	0.0049735	37.05	0.69825	0
4.22234	0.00493314	35.4667	0.662861	0
4.21574	0.00493294	34.95	0.659799	0
4.21526	0.00486492	35.6	0.683618	0
4.20652	0.00484143	34.1	0.668986	0
4.19558	0.00488952	34.4167	0.675792	0
4.19109	0.00480924	33.6167	0.67375	0
4.18465	0.00475595	33.7667	0.652313	0
4.18049	0.00472538	33.0167	0.667965	0
4.17653	0.00471941	33.1167	0.644826	0
4.1695	0.00475011	32.4167	0.644146	0
4.1692	0.00460713	33.35	0.660139	0
4.16723	0.00472025	32.8167	0.666264	0
4.1643	0.00472486	33.3333	0.672049	0
4.1624	0.00471357	32.7833	0.658097	0
4.15736	0.00460129	32.4167	0.663882	0
4.15324	0.00464412	33.7167	0.677153	0
4.15398	0.00448628	31.9167	0.642445	0
4.14589	0.0044783	32.8333	0.664222	0
4.14054	0.00442151	31.8833	0.655375	0
4.1411	0.00467657	30.8667	0.631896	0
4.13487	0.00456059	32.2333	0.64857	0
4.12883	0.00455462	30.1167	0.639722	0
4.12256	0.00449426	31.25	0.645507	0
4.1149	0.00452457	29.6667	0.627813	0
4.1159	0.00444779	30.7333	0.628833	0
4.12147	0.00441664	29.8833	0.643465	0
4.11655	0.00440697	30.3333	0.630875	0
4.11391	0.00446201	30.1667	0.634618	0
4.11837	0.0044635	31.5667	0.639382	0
4.10779	0.00426652	29.2833	0.631896	0
4.10314	0.00447148	29.7333	0.64857	0
4.10798	0.00439464	28.7667	0.619986	0
4.10305	0.00442313	29.6	0.651972	0
4.09892	0.00445513	29.5667	0.637681	0
4.09345	0.00429722	28.9833	0.623049	0
4.08325	0.0042279	29	0.639722	0
4.0811	0.00421453	28.2833	0.618965	0
4.07793	0.00425445	28.2167	0.629174	0
4.07213	0.00422985	26.7333	0.610799	0
4.0754	0.00423017	29.0667	0.621688	0
4.07477	0.00420635	28.1167	0.63734	0
4.07069	0.00415086	27.6667	0.621007	0
4.07277	0.00420661	27.95	0.614201	0
4.0671	0.00424822	27.3	0.614201	0
4.05918	0.0040711	27.25	0.618285	0
4.06493	0.00413859	27.9333	0.629514	0
4.06793	0.00421382	27.2833	0.622368	0
4.05717	0.00417702	26.7667	0.606715	0
4.0521	0.00402618	26.8833	0.605354	0
4.05447	0.00422355	26.5833	0.615563	0
4.04641	0.00403514	26.2167	0.606715	0
4.04324	0.00403962	26.1667	0.590382	0
4.03805	0.00394772	25.9	0.605014	0
4.03124	0.00401684	25.3833	0.592764	0
4.02715	0.00383543	25.5333	0.586979	0
4.02694	0.00395661	25.5167	0.606035	0
4.0285	0.00387963	25.9667	0.599229	0
4.02907	0.00395972	25.3167	0.580174	0
4.022	0.00407713	24.4833	0.592083	0
4.01332	0.0038908	23.75	0.585278	0
4.00889	0.00384926	24.0667	0.583917	0
4.00459	0.00373068	23.6333	0.574049	0
3.99679	0.00362158	23.0167	0.575069	0
3.99148	0.00372088	23.0667	0.569285	0
3.98997	0.00370141	23.4667	0.578813	0
3.98262	0.00374788	21.7667	0.5635	0
3.96758	0.003557	21.4667	0.547507	0
3.95027	0.00345075	20.7167	0.548528	0
3.93386	0.00328597	19.1167	0.524708	0
3.91933	0.00316395	17.8	0.519944	0
3.9101	0.00306387	16.6	0.494764	0
3.90438	0.00307127	17.3167	0.517222	0
3.89738	0.00303577	15.7667	0.487958	0
3.89367	0.00291699	15.3	0.478771	0
3.89903	0.00301636	16.4833	0.498167	0
3.89682	0.00290142	15.7	0.491701	0
3.88973	0.0029608	16	0.495104	0
3.88491	0.00285021	14.9833	0.476389	0
3.8834	0.00294016	15.7667	0.481833	0
3.87839	0.00285066	14.9	0.479451	0
3.87276	0.00276557	15.2333	0.464819	0
3.87228	0.00284813	13.9	0.462097	0
3.87294	0.00280718	14.2167	0.463118	0
3.87247	0.00285241	14.7833	0.46516	0
3.87154	0.00294088	13.8	0.459035	0
3.86717	0.00275863	14.1833	0.458694	0
3.86586	0.00283204	14.1667	0.459715	0
3.86504	0.0027278	13.2167	0.439979	0
3.86288	0.00270437	13.95	0.460056	0
3.862	0.0028001	13.7667	0.460056	0
3.85927	0.00272352	13.1167	0.448826	0
3.86018	0.00274688	13.7	0.455292	0
3.85825	0.00266452	13.8333	0.451889	0
3.84667	0.00271859	12.6833	0.446444	0
3.84164	0.00261857	12.9	0.448146	0
3.84227	0.00256308	12.6333	0.437597	0
3.8398	0.00263421	12.8667	0.435215	0
3.84235	0.00262253	12.4167	0.432153	0
3.84977	0.00275019	14.15	0.461417	0
3.84897	0.00266355	13.7667	0.458354	0
3.8444	0.00272988	13.0667	0.433514	0
3.83994	0.00258106	12.6	0.443382	0
3.83738	0.00260105	12.15	0.432153	0
3.8363	0.00259131	11.65	0.428069	0
3.83947	0.00267672	13.4	0.459035	0
3.83888	0.00262616	12.4167	0.435896	0
3.82805	0.00251297	12.5333	0.434875	0
3.8306	0.00261435	12.4167	0.442361	0
3.83791	0.00263142	12.8	0.434194	0
3.83195	0.00261299	12.2333	0.433854	0
3.82579	0.00256937	12.0333	0.434194	0
3.82766	0.0025266	11.8667	0.430451	0
3.82811	0.00258372	12.1333	0.431813	0
3.82632	0.00251797	11.4833	0.41684	0
3.82649	0.00255386	12.7	0.448486	0
3.82754	0.00257048	12.3	0.438958	0
3.8229	0.0026235	11.3833	0.419903	0
3.81954	0.00255503	11.4833	0.417521	0
3.82287	0.00257074	11.7	0.434875	0
3.81933	0.00250246	11.1833	0.406632	0
3.81258	0.00244534	10.8167	0.409354	0
3.81165	0.00241471	10.8333	0.410375	0
3.81606	0.00252238	11.4833	0.411396	0
3.81537	0.00256113	11.0667	0.414458	0
3.80997	0.00243846	10.9333	0.40391	0
3.81003	0.00252712	11.35	0.415819	0
3.81198	0.00249733	11.1	0.399826	0
3.80626	0.00244956	11.0333	0.409354	0
3.80537	0.00245054	11.0833	0.411396	0
3.8096	0.00243451	10.65	0.403229	0
3.8086	0.00246533	11.7	0.427049	0
3.8062	0.00243691	10.6333	0.40425	0
3.80526	0.0023916	10.85	0.401528	0
3.80289	0.00234397	10.4	0.397785	0
3.80225	0.00246533	10.6	0.419563	0
3.80365	0.00243373	10.7	0.4165	0
3.80156	0.00245385	10.7333	0.40391	0
3.80094	0.00237441	10.05	0.402549	0
3.79945	0.00236675	10.1667	0.392681	0
3.79855	0.00243146	10.6667	0.411396	0
3.79457	0.0023698	10.6	0.415479	0
3.79165	0.00240335	9.83333	0.392681	0
3.79061	0.00234935	10.1	0.401868	0
3.79108	0.0023354	9.66667	0.393701	0
3.79012	0.00231989	9.75	0.394722	0
3.7915	0.00230613	10.2667	0.40425	0
3.79269	0.0022631	10.1	0.390639	0
3.79057	0.00234572	9.8	0.390979	0
3.78976	0.00233715	10.0167	0.392	0
3.78856	0.00234059	9.7	0.394722	0
3.78796	0.00235747	9.51667	0.382813	0
3.78639	0.0023844	9.95	0.398125	0
3.78319	0.00232527	9.31667	0.387576	0
3.78411	0.00237272	10.1333	0.413097	0
3.78473	0.00237525	9.63333	0.398125	0
3.78211	0.0022999	9.51667	0.378389	0
3.78172	0.00225524	9.45	0.376688	0
3.78231	0.00224051	10	0.395063	0
3.78298	0.00229393	9.51667	0.389278	0
3.78191	0.00230178	10.1667	0.400507	0
3.78132	0.00235935	9.4	0.385194	0
3.7783	0.00227952	9.38333	0.386896	0
3.77891	0.00227004	9.55	0.38009	0
3.77851	0.00231528	9.33333	0.384854	0
3.77568	0.00225959	10.1	0.407313	0
3.77688	0.00228302	9.46667	0.390639	0
3.77475	0.00230691	9.25	0.384174	0
3.77002	0.00224778	8.73333	0.368181	0
3.76929	0.00215549	9.33333	0.37975	0
3.77072	0.00229425	9	0.376007	0
3.76836	0.00222656	9.26667	0.389278	0
3.76782	0.00218119	9.38333	0.383493	0
3.76953	0.00217905	8.88333	0.372944	0
3.76703	0.00220293	8.98333	0.374986	0
3.76575	0.00220073	8.38333	0.360354	0
3.76798	0.00221961	9.11667	0.374306	0
3.76883	0.00218035	9.15	0.384854	0
3.77084	0.00228231	9.5	0.394042	0
3.76862	0.00220066	8.28333	0.360694	0
3.76435	0.00216334	9.26667	0.377708	0
3.76634	0.00218424	8.66667	0.365118	0
3.7665	0.00219131	8.66667	0.36716	0
3.76553	0.00229295	9.15	0.374646	0
3.7643	0.00227536	8.83333	0.370222	0
3.76197	0.00216016	8.26667	0.365799	0
3.76488	0.00225953	9.41667	0.389618	0
3.76541	0.00219579	8.8	0.365799	0
3.76231	0.00224466	8.63333	0.376688	0
3.75958	0.00215049	8.11667	0.357632	0
3.75434	0.00211908	7.88333	0.350486	0
3.75337	0.00215523	8.05	0.361375	0
3.75667	0.00221741	7.76667	0.356611	0
3.7542	0.00216049	7.86667	0.344701	0
3.74959	0.00213809	8.31667	0.364778	0
3.74519	0.00204366	6.91667	0.332111	0
3.74496	0.00208435	7.35	0.331771	0
3.74567	0.00208182	8.06667	0.356951	0
3.73957	0.00194397	6.85	0.323604	0
3.73478	0.00191853	6.66667	0.328028	0
3.73591	0.00194085	7	0.328708	0
3.73521	0.00193015	6.76667	0.329729	0
3.73216	0.00187673	6.38333	0.317139	0
3.73222	0.0019428	6.68333	0.321563	0
3.73121	0.00194053	6.21667	0.314076	0
3.72811	0.00181111	6.15	0.315438	0
3.72723	0.00183669	6.05	0.30659	0
3.72812	0.00182792	6.15	0.317139	0
3.72704	0.00187173	5.65	0.30591	0
3.72475	0.00188348	5.58333	0.303868	0
3.7239	0.00184103	5.88333	0.315778	0
3.72196	0.00181293	5.88333	0.302507	0
3.71898	0.00179554	5.31667	0.294681	0
3.72024	0.00182624	5.83333	0.30591	0
3.72069	0.001813	5.25	0.287535	0
3.71559	0.00179469	5.4	0.29366	0
3.71661	0.00179807	5.38333	0.296042	0
3.72027	0.00181364	6.33333	0.323944	0
3.71722	0.00172908	5.51667	0.298764	0
3.71262	0.00176373	5.15	0.285493	0
3.71351	0.00170305	5.33333	0.293319	0
3.71345	0.00170149	5.01667	0.279708	0
3.71143	0.00171337	5.08333	0.284813	0
3.71258	0.00174894	5.06667	0.284472	0
3.71304	0.00171363	5.31667	0.296722	0
3.70889	0.00170448	5.03333	0.284813	0
3.70538	0.0016989	4.15	0.259972	0
3.7078	0.00165405	4.66667	0.271542	0
3.70923	0.00174005	4.86667	0.279028	0
3.70513	0.00168059	4.71667	0.277667	0
3.70559	0.00168877	4.98333	0.286514	0
3.70548	0.00165944	4.41667	0.274944	0
3.70185	0.00158733	4.36667	0.267458	0
3.70186	0.00160979	4.46667	0.26984	0
3.70245	0.00162153	4.41667	0.267458	0
3.70106	0.00158999	4.3	0.264736	0
3.7023	0.00167553	4.43333	0.271201	0
3.70281	0.00163782	4.43333	0.261674	0
3.69883	0.00161777	4.4	0.265076	0
3.69883	0.00159317	4.31667	0.267118	0
3.7002	0.00161043	4.16667	0.262354	0
3.69697	0.00160563	3.65	0.240917	0
3.69512	0.00153151	3.61667	0.238875	0
3.69687	0.00158149	3.78333	0.252486	0
3.69663	0.00154592	3.95	0.252486	0
3.69605	0.00159148	4.31667	0.263035	0
3.69493	0.00155468	3.51667	0.239556	0
3.69234	0.00153158	3.96667	0.251806	0
3.69439	0.00161043	3.91667	0.253847	0
3.69631	0.00159116	3.58333	0.242618	0
3.6922	0.00152528	3.78333	0.248063	0
3.69181	0.00156033	3.45	0.237514	0
3.69139	0.00150737	3.53333	0.242278	0
3.69066	0.00149939	3.4	0.236153	0
3.69062	0.00147342	3.35	0.234792	0
3.68963	0.00148699	3.28333	0.233771	0
3.6882	0.00152054	3.48333	0.235132	0
3.68971	0.00157772	3.8	0.255208	0
3.68742	0.00150425	3.53333	0.235472	0
3.68517	0.00147855	3.2	0.225264	0
3.6882	0.00148387	3.61667	0.242278	0
3.68823	0.00156747	3.48333	0.237514	0
3.6861	0.00150834	3.53333	0.242278	0
3.68402	0.00146356	3.13333	0.224583	0
3.68399	0.00148647	3.16667	0.230368	0
3.68466	0.00145584	3.01667	0.219479	0
3.68598	0.00145012	3.05	0.221861	0
3.68536	0.00145097	3.13333	0.226965	0
3.68448	0.0014818	3.06667	0.225944	0
3.68407	0.00143046	3.38333	0.231049	0
3.68201	0.00147472	3.11667	0.225264	0
3.68079	0.00147764	3.4	0.237174	0
3.68238	0.0014916	3.11667	0.222542	0
3.68279	0.00146213	3.28333	0.230368	0
3.68117	0.00145804	3	0.222882	0
3.68065	0.00143357	3.1	0.224583	0
3.68209	0.00147894	3.41667	0.235472	0
3.68124	0.00147265	2.98333	0.219819	0
3.67983	0.00142163	2.88333	0.22016	0
3.6808	0.00143993	3.08333	0.225264	0
3.6832	0.00147797	3.46667	0.233431	0
3.68015	0.00142592	2.85	0.216757	0
3.68015	0.00143267	3.25	0.230368	0
3.68081	0.00141586	2.93333	0.213014	0
3.67732	0.00137828	3.13333	0.225604	0
3.67645	0.00139827	2.95	0.219819	0
3.67679	0.00142981	2.56667	0.206889	0
3.67638	0.00141891	2.66667	0.214375	0
3.67715	0.00141001	2.88333	0.217778	0
3.67753	0.00145207	2.85	0.219139	0
3.67553	0.00141365	3.03333	0.222542	0
3.67391	0.00140138	2.61667	0.207229	0
3.67512	0.00137016	2.68333	0.205528	0
3.67615	0.00140521	2.91667	0.217438	0
3.6748	0.00141858	2.91667	0.215056	0
3.67447	0.00141884	2.85	0.217778	0
3.67513	0.00138055	2.7	0.210292	0
3.67445	0.00136075	2.81667	0.211653	0
3.67451	0.0014204	3.01667	0.221861	0
3.67482	0.00142559	2.66667	0.208931	0
3.67418	0.00142377	2.96667	0.221521	0
3.67668	0.00143117	3	0.227646	0
3.67535	0.00141138	2.68333	0.213694	0
3.6713	0.00138373	2.73333	0.209951	0
3.67234	0.00136309	2.85	0.216757	0
3.6748	0.00138697	3.23333	0.230028	0
3.67354	0.00138704	2.68333	0.20825	0
3.67367	0.00141994	2.78333	0.210292	0
3.67194	0.00132655	2.75	0.213354	0
3.67011	0.00137399	2.33333	0.198382	0
3.67107	0.00137347	2.91667	0.218799	0
3.67107	0.00137763	2.46667	0.200764	0
3.6705	0.00136698	2.51667	0.202465	0
3.67032	0.00133252	2.61667	0.205868	0
3.67051	0.00134174	2.58333	0.204847	0
3.67045	0.00133025	2.36667	0.197021	0
3.66905	0.00132032	2.5	0.205868	0
3.66906	0.00135329	2.65	0.205868	0
3.66972	0.00134849	2.3	0.196	0
3.66682	0.00135322	2.3	0.196	0
3.66636	0.00133628	2.35	0.19634	0
3.66693	0.00133207	2.3	0.192938	0
3.66643	0.00128754	2.13333	0.186472	0
3.66675	0.00132687	2.5	0.203146	0
3.66824	0.00132558	2.36667	0.197021	0
3.66732	0.00133953	2.23333	0.190556	0
3.66768	0.00133213	2.28333	0.193958	0
3.66851	0.00135725	2.41667	0.197361	0
3.66765	0.00132726	2.23333	0.193278	0
3.66579	0.00128579	2.16667	0.187833	0
3.66644	0.00128839	2.45	0.204167	0
3.66585	0.0012817	2.23333	0.187493	0
3.66708	0.00134784	2.4	0.198042	0
3.66636	0.00134589	2.25	0.189535	0
3.66352	0.0013061	2.16667	0.186472	0
3.66744	0.00137321	2.83333	0.213354	0
3.66775	0.00130844	2.25	0.195319	0
3.6643	0.00130734	2.25	0.191236	0
3.66574	0.00131045	2.48333	0.198382	0
3.66541	0.00130526	2.25	0.195319	0
3.66372	0.00131707	2.3	0.194299	0
3.66592	0.00128073	1.98333	0.177285	0
3.6642	0.00122984	2	0.182729	0
3.6627	0.00128073	2.41667	0.198722	0
3.6635	0.00132428	2.35	0.200424	0
3.66218	0.00126859	1.96667	0.181368	0
3.66215	0.00130377	2.18333	0.197021	0
3.66265	0.00130189	2.31667	0.19634	0
3.66182	0.0013037	2.28333	0.192257	0
3.66174	0.00135589	2.01667	0.18341	0
3.66227	0.00132493	2.15	0.190215	0
3.66077	0.00130799	2.1	0.185111	0
3.66101	0.00127339	2.1	0.18375	0
3.66264	0.00131772	2.08333	0.184431	0
3.6625	0.00125561	2.16667	0.189194	0
3.6625	0.00125301	2.28333	0.192257	0
3.66243	0.00129676	2.2	0.193618	0
3.65997	0.00126093	2.31667	0.193618	0
3.65969	0.00125366	2.1	0.18375	0
3.65965	0.00125016	1.93333	0.178306	0
3.66075	0.00123581	2.26667	0.194639	0
3.66106	0.00127359	2.06667	0.182389	0
3.66053	0.00129689	2.08333	0.184431	0
3.65917	0.00124737	2.06667	0.182389	0
3.65846	0.00127605	2.2	0.187833	0
3.6586	0.00125619	1.93333	0.180007	0
3.6576	0.00118506	1.81667	0.173201	0
3.65793	0.00125431	1.98333	0.18341	0
3.65889	0.00127768	2.03333	0.18409	0
3.65881	0.00128287	1.98333	0.182049	0
3.6597	0.00127813	2.01667	0.181708	0
3.6587	0.00127463	2.2	0.187833	0
3.65719	0.00123646	1.83333	0.170819	0
3.65838	0.00126126	2	0.182729	0
3.66016	0.00126158	2.11667	0.185792	0
3.65631	0.00119622	1.61667	0.166056	0
3.65524	0.00125503	1.83333	0.172521	0
3.6575	0.00127002	1.91667	0.185111	0
3.65658	0.00124042	1.88333	0.176264	0
3.65725	0.00124834	2.18333	0.187153	0
3.65875	0.00125081	2.15	0.190215	0
3.6562	0.00127969	2.01667	0.181708	0
3.65692	0.00124802	2.03333	0.18409	0
3.65769	0.00127197	1.81667	0.170139	0
3.6568	0.00123049	1.66667	0.165035	0
3.65696	0.00122757	1.93333	0.180007	0
3.65781	0.00124529	1.98333	0.178986	0
3.65546	0.00120959	1.66667	0.165035	0
3.65428	0.00117195	1.93333	0.175243	0
3.65477	0.0012179	1.58333	0.166056	0
3.65406	0.00120278	1.63333	0.161632	0
3.65346	0.00118448	1.76667	0.17116	0
3.65502	0.00121764	1.8	0.170819	0
3.65454	0.00123017	1.88333	0.176264	0
3.65374	0.00121031	1.65	0.165715	0
3.6545	0.00119921	1.66667	0.166396	0
3.65501	0.00119019	1.58333	0.164354	0
3.65534	0.00124068	2.03333	0.18409	0
3.65645	0.0012375	2	0.179667	0
3.65503	0.00124192	1.86667	0.176944	0
3.65381	0.0012181	1.75	0.17184	0
3.65431	0.00123925	1.61667	0.162653	0
3.65416	0.0012179	1.51667	0.157889	0
3.65322	0.00121595	1.56667	0.158569	0
3.65334	0.00121686	1.63333	0.161632	0
3.65279	0.00122329	1.65	0.162313	0
3.6525	0.00122219	1.7	0.168097	0
3.65335	0.0012525	1.86667	0.172181	0
3.65402	0.00120129	1.88333	0.174563	0
3.65249	0.00122245	1.55	0.15925	0
3.6543	0.00120051	1.66667	0.168097	0
3.6551	0.00123925	1.78333	0.170139	0
3.65482	0.0012449	1.8	0.170819	0
3.65216	0.00122459	1.83333	0.170819	0
3.65273	0.00119674	1.31667	0.151424	0
3.65307	0.00122264	1.71667	0.172181	0
3.6527	0.00120992	1.66667	0.166396	0
3.65159	0.00119103	1.43333	0.151764	0
3.65057	0.00116838	1.6	0.166736	0
3.65108	0.00117448	1.46667	0.153465	0
3.65144	0.00119733	1.5	0.156868	0
3.65117	0.0012534	1.88333	0.174563	0
3.65106	0.00118798	1.48333	0.154486	0
3.65186	0.00121362	1.58333	0.15925	0
3.6526	0.00122563	1.9	0.175243	0
3.65204	0.00120674	1.63333	0.163333	0
3.65173	0.00121667	1.43333	0.155507	0
3.65198	0.0012033	1.76667	0.17116	0
3.65187	0.00123036	1.75	0.17184	0
3.64994	0.00119155	1.33333	0.14666	0
3.64935	0.00119622	1.5	0.156868	0
3.652	0.00119674	1.61667	0.162653	0
3.65103	0.00117831	1.4	0.151764	0
3.64989	0.00116637	1.45	0.152785	0
3.65002	0.00117877	1.41667	0.152785	0
3.65088	0.0011935	1.48333	0.156188	0
3.64953	0.00115637	1.45	0.154486	0
3.65126	0.00119084	1.66667	0.168097	0
3.65167	0.0011752	1.53333	0.158569	0
3.65	0.00116027	1.63333	0.163333	0
3.65083	0.00119032	1.36667	0.150063	0
3.65126	0.0011308	1.35	0.149382	0
3.65071	0.00119369	1.4	0.153806	0
3.65019	0.0011652	1.71667	0.172181	0
3.65022	0.00118013	1.36667	0.148361	0
3.64984	0.00118655	1.6	0.159931	0
3.64972	0.00117753	1.5	0.156868	0
3.64811	0.00114852	1.41667	0.152785	0
3.64669	0.00114664	1.3	0.144958	0
3.64838	0.00115916	1.45	0.154486	0
3.64791	0.00114982	1.31667	0.145639	0
3.64783	0.00119194	1.36667	0.148361	0
3.6487	0.00115741	1.35	0.151083	0
3.64865	0.00112937	1.35	0.149382	0
3.64807	0.00109835	1.1	0.133389	0
3.64871	0.0011223	1.31667	0.145639	0
3.64939	0.00116643	1.36667	0.150063	0
3.64924	0.00118454	1.45	0.154486	0
3.64785	0.00114547	1.3	0.150403	0
3.64813	0.00115884	1.36667	0.148361	0
3.6482	0.00116877	1.46667	0.157208	0
3.6482	0.00116514	1.13333	0.135431	0
3.64749	0.00116351	1.43333	0.153465	0
3.64736	0.00114554	1.25	0.142236	0
3.64731	0.0011469	1.18333	0.140535	0
3.64719	0.00115644	1.26667	0.144958	0
3.64864	0.00116559	1.65	0.162313	0
3.64892	0.00113671	1.25	0.142236	0
3.64869	0.00115384	1.38333	0.154826	0
3.64814	0.00116812	1.43333	0.153465	0
3.64696	0.00116371	1.4	0.151764	0
3.64694	0.00112587	1.01667	0.128625	0
3.64639	0.00112697	1.28333	0.147681	0
3.64843	0.00121472	1.58333	0.162653	0
3.64728	0.00114235	1	0.127604	0
3.64504	0.00113625	1.4	0.151764	0
3.64611	0.00113106	1.23333	0.141215	0
3.64647	0.00110977	1.13333	0.139514	0
3.64675	0.00113697	1.41667	0.152785	0
3.64865	0.00117825	1.58333	0.15925	0
3.64796	0.00117935	1.23333	0.147	0
3.64743	0.00115138	1.36667	0.150063	0
3.64855	0.00115839	1.5	0.155167	0
3.64814	0.00115657	1.18333	0.140535	0
3.64694	0.00112386	1.23333	0.141215	0
3.648	0.00116663	1.35	0.149382	0
3.64545	0.00116981	1.03333	0.135771	0
3.64419	0.00113476	1.15	0.136451	0
3.64587	0.00109076	1.26667	0.142917	0
3.64653	0.00110925	1.03333	0.131688	0
3.64536	0.00109919	1.28333	0.147681	0
3.6465	0.00114748	1.21667	0.142236	0
3.64746	0.00118545	1.55	0.157549	0
3.64734	0.00116819	1.13333	0.141556	0
3.64643	0.00112853	1.1	0.133389	0
3.64669	0.00113087	1.31667	0.145639	0
3.64556	0.0011162	1.25	0.142236	0
3.64549	0.00111698	1.13333	0.135431	0
3.6462	0.00112107	1.16667	0.137472	0
3.64572	0.00112937	1.21667	0.142236	0
3.64464	0.00110737	1.1	0.133389	0
3.64411	0.00111983	1.25	0.143938	0
3.64484	0.00107395	1.13333	0.135431	0
3.64708	0.0010942	1.31667	0.145639	0
3.64634	0.00114359	1.25	0.143938	0
3.64594	0.00116767	1.5	0.160271	0
3.64529	0.00112775	1.1	0.133389	0
3.64621	0.00111626	1.33333	0.148361	0
3.64803	0.00113995	1.33333	0.148361	0
3.64581	0.00114015	1.06667	0.131688	0
3.645	0.00109582	1.36667	0.148361	0
3.64697	0.00110796	1.16667	0.139514	0
3.6451	0.00112665	1.23333	0.141215	0
3.64453	0.00113268	1.15	0.136451	0
3.64563	0.00116241	1.1	0.133389	0
3.64489	0.00110588	1.2	0.139174	0
3.64311	0.0010437	1.03333	0.131688	0
3.64455	0.00110925	1.15	0.140535	0
3.64466	0.00109069	1.06667	0.131688	0
3.64443	0.00111393	1.28333	0.147681	0
3.64431	0.00111373	1.01667	0.130667	0
3.64341	0.00109686	1.05	0.132708	0
3.64437	0.00107135	1.05	0.130667	0
3.6448	0.00106564	0.966667	0.127604	0
3.64489	0.0010844	1.08333	0.132708	0
3.64428	0.0010818	1.08333	0.136792	0
3.64408	0.00108485	1.2	0.139174	0
3.64462	0.00111055	1.15	0.136451	0
3.6455	0.00109829	1.25	0.143938	0
3.64445	0.00112152	1.18333	0.140535	0
3.64517	0.00108907	1.01667	0.128625	0
3.64515	0.00110666	1.26667	0.147	0
3.6462	0.00112542	1.11667	0.136451	0
3.64525	0.00113509	1.33333	0.14666	0
3.64418	0.00109588	0.85	0.117736	0
3.64435	0.00107933	1.03333	0.129646	0
3.64497	0.00109861	1.1	0.133389	0
3.6456	0.00112516	1.18333	0.142236	0
3.64474	0.00112185	1.01667	0.130667	0
3.64548	0.00112704	0.966667	0.125563	0
3.64453	0.00110244	1.13333	0.137472	0
3.64304	0.00105285	0.933333	0.125563	0
3.6442	0.00111432	0.983333	0.126583	0
3.64376	0.00109556	0.966667	0.127604	0
3.64377	0.0010548	0.933333	0.123181	0
3.64335	0.00108258	1.1	0.141556	0
3.6449	0.00109796	1.16667	0.139514	0
3.64508	0.00109361	1.06667	0.133729	0
3.64478	0.00111445	1.2	0.143257	0
3.64481	0.00112217	0.966667	0.127604	0
3.64548	0.00110283	1.08333	0.132708	0
3.64474	0.00110698	1.25	0.142236	0
3.64576	0.00113405	1.13333	0.137472	0
3.64413	0.0010792	0.85	0.120118	0
3.64227	0.0010868	0.85	0.1225	0
3.64439	0.00109121	1.01667	0.128625	0
3.64557	0.00107155	1.05	0.132708	0
3.64319	0.00107856	1.1	0.135771	0
3.64263	0.00107596	0.966667	0.127604	0
3.6435	0.00107207	1.01667	0.128625	0
3.644	0.0010792	1.01667	0.130667	0
3.64273	0.00104026	0.783333	0.113313	0
3.64297	0.00109212	1.05	0.130667	0
3.64384	0.00110679	1	0.127604	0
3.64262	0.00107946	0.983333	0.128625	0
3.64212	0.00105259	0.883333	0.120118	0
3.64301	0.00106811	1.01667	0.128625	0
3.643	0.00103825	0.85	0.117736	0
3.64165	0.00104935	0.866667	0.118757	0
3.64295	0.00106252	0.983333	0.126583	0
3.64468	0.00109796	1.3	0.144958	0
3.64326	0.00111412	0.95	0.126583	0
3.64055	0.00105876	0.65	0.103104	0
3.64234	0.00103514	0.783333	0.113313	0
3.64461	0.00105253	0.916667	0.12216	0
3.64374	0.00108998	1.11667	0.13441	0
3.64287	0.00108712	0.733333	0.109569	0
3.64244	0.00107297	0.866667	0.118757	0
3.64304	0.00107168	0.85	0.120118	0
3.64321	0.00103935	0.85	0.117736	0
3.64347	0.00107083	1.03333	0.131688	0
3.64324	0.00104189	0.75	0.110931	0
3.6431	0.0010513	0.7	0.107188	0
3.64285	0.00106136	0.966667	0.125563	0
3.64322	0.00107648	0.866667	0.118757	0
3.64301	0.00109575	0.95	0.124201	0
3.64313	0.00107291	1	0.127604	0
3.64318	0.00107207	0.85	0.120118	0
3.642	0.00105681	0.783333	0.115694	0
3.6424	0.00106194	0.8	0.119097	0
3.64364	0.00106343	0.933333	0.123181	0
3.6432	0.00106064	0.966667	0.125563	0
3.64257	0.00108401	0.866667	0.118757	0
3.64327	0.00109102	0.883333	0.120118	0
3.64263	0.00106265	0.816667	0.115354	0
3.64337	0.00109063	1.08333	0.132708	0
3.64462	0.00106973	0.883333	0.12216	0
3.64208	0.00103682	0.716667	0.108208	0
3.64194	0.00103663	0.883333	0.126924	0
3.64331	0.00104163	0.9	0.121139	0
3.64207	0.00106006	0.75	0.110931	0
3.64217	0.00106226	0.866667	0.118757	0
3.64222	0.00104915	0.833333	0.116715	0
3.64216	0.00106155	0.933333	0.123181	0
3.64278	0.00105746	0.8	0.114333	0
3.64352	0.00105454	0.916667	0.12216	0
3.64328	0.00103527	0.933333	0.123181	0
3.64246	0.00102196	0.85	0.117736	0
3.64219	0.00105629	0.85	0.120118	0
3.64262	0.00102047	0.733333	0.109569	0
3.64213	0.00103228	0.666667	0.104465	0
3.64237	0.00105441	0.933333	0.127604	0
3.64247	0.00101515	0.75	0.110931	0
3.64188	0.00102832	0.633333	0.102083	0
3.64285	0.00106337	0.933333	0.125563	0
3.64268	0.00101274	0.9	0.121139	0
3.64137	0.00101437	0.75	0.110931	0
3.64247	0.0010265	0.85	0.120118	0
3.64206	0.00105208	0.816667	0.117736	0
3.64121	0.00104909	0.716667	0.108208	0
3.64141	0.0010206	0.583333	0.098	0
3.64285	0.00102125	0.916667	0.12216	0
3.64223	0.00102008	0.75	0.110931	0
3.64255	0.00104448	0.9	0.121139	0
3.64216	0.00100995	0.616667	0.100722	0
3.64265	0.00103533	0.866667	0.118757	0
3.6428	0.00103468	0.783333	0.115694	0
3.64219	0.00105947	0.616667	0.100722	0
3.6426	0.00104766	0.916667	0.124542	0
3.64331	0.00100963	0.783333	0.113313	0
3.6442	0.00101859	1.05	0.130667	0
3.64428	0.00101067	0.733333	0.109569	0
3.64296	0.00101028	0.783333	0.113313	0
3.64426	0.00104662	0.616667	0.103444	0
3.64449	0.00106363	1	0.133729	0
3.64419	0.00103462	0.883333	0.120118	0
3.64388	0.00105506	0.666667	0.104465	0
3.64211	0.00103676	0.816667	0.117736	0
3.64224	0.00101923	0.716667	0.108208	0
3.64239	0.00101274	0.8	0.121479	0
3.64212	0.00103845	0.633333	0.104465	0
3.64308	0.0010265	0.733333	0.109569	0
3.64225	0.00100216	0.5	0.0908542	0
3.64302	0.0010437	0.866667	0.121139	0
3.64391	0.00104227	0.683333	0.105826	0
3.64359	0.00101119	0.616667	0.100722	0
3.64431	0.00104578	0.883333	0.120118	0
3.64442	0.00100288	0.7	0.109569	0
3.64223	0.00103312	0.75	0.113313	0
3.64254	0.00103585	0.866667	0.118757	0
3.64311	0.00103955	0.483333	0.0891528	0
3.64236	0.00101897	0.816667	0.117736	0
3.64441	0.00102865	0.8	0.114333	0
3.6429	0.00101495	0.566667	0.0966389	0
3.64081	0.001023	0.666667	0.104465	0
3.643	0.00101398	0.833333	0.116715	0
3.64501	0.00101852	0.716667	0.108208	0
3.64464	0.00105292	0.766667	0.111951	0
3.64227	0.0010461	0.5	0.0908542	0
3.64285	0.00100411	0.733333	0.109569	0
3.64387	0.000980033	0.766667	0.111951	0
3.64339	0.00104455	0.683333	0.105826	0
3.64353	0.00102105	0.583333	0.100722	0
3.64402	0.00101833	0.733333	0.109569	0
3.6434	0.00101242	0.683333	0.105826	0
3.64344	0.00102923	0.716667	0.108208	0
3.64308	0.00103501	0.816667	0.115354	0
3.64321	0.0010365	0.7	0.109569	0
3.64287	0.00100165	0.716667	0.110931	0
3.64261	0.000998076	0.516667	0.0922153	0
3.6422	0.00103273	0.75	0.110931	0
3.64362	0.00103377	0.666667	0.104465	0
3.64429	0.0010328	0.9	0.121139	0
3.64424	0.00103358	0.65	0.103104	0
3.64364	0.0010069	0.6	0.0993611	0
3.64354	0.00100677	0.666667	0.107188	0
3.64511	0.00103702	0.716667	0.108208	0
3.64418	0.00102585	0.683333	0.105826	0
3.64393	0.00102852	0.683333	0.108549	0
3.6449	0.000993208	0.616667	0.100722	0
3.64366	0.00101644	0.65	0.103104	0
3.6432	0.00103267	0.666667	0.107188	0
3.64412	0.001023	0.666667	0.104465	0
3.64379	0.00101203	0.733333	0.109569	0
3.64346	0.00102871	0.866667	0.118757	0
3.64338	0.00101794	0.666667	0.107188	0
3.64465	0.000983538	0.733333	0.109569	0
3.6441	0.00101794	0.683333	0.108549	0
3.64411	0.00100372	0.533333	0.0966389	0
3.64427	0.000986913	0.55	0.0949375	0
3.64398	0.000979968	0.633333	0.102083	0
3.64323	0.000993273	0.55	0.0949375	0
3.64401	0.000992235	0.65	0.103104	0
3.64456	0.00101826	0.65	0.105826	0
3.64221	0.000988989	0.533333	0.0966389	0
3.64242	0.000982434	0.75	0.110931	0
3.64381	0.00100229	0.533333	0.0966389	0
3.64327	0.00098211	0.633333	0.102083	0
3.64286	0.000999958	0.65	0.105826	0
3.64393	0.000986199	0.516667	0.0922153	0
3.64417	0.000986004	0.716667	0.108208	0
3.64431	0.000985874	0.5	0.0908542	0
3.64414	0.000981071	0.666667	0.104465	0
3.64489	0.00100424	0.7	0.109569	0
3.64564	0.0010437	0.766667	0.111951	0
3.64586	0.000999374	0.633333	0.102083	0
3.64491	0.00102436	0.666667	0.104465	0
3.64533	0.00100476	0.6	0.0993611	0
3.64457	0.00100937	0.583333	0.098	0
3.64413	0.000969064	0.566667	0.0966389	0
3.64398	0.00101008	0.683333	0.105826	0
3.64468	0.00100814	0.583333	0.098	0
3.64518	0.00100327	0.566667	0.0993611	0
3.64397	0.00102839	0.55	0.0949375	0
3.64378	0.00101138	0.533333	0.0935764	0
3.64473	0.00101748	0.616667	0.100722	0
3.64513	0.00101703	0.766667	0.111951	0
3.64374	0.000983732	0.466667	0.0877917	0
3.64439	0.00100126	0.65	0.103104	0
3.64528	0.000974062	0.616667	0.100722	0
3.64422	0.000993727	0.733333	0.109569	0
3.64453	0.00100554	0.6	0.102083	0
3.64492	0.000997297	0.683333	0.105826	0
3.64364	0.000988535	0.566667	0.0993611	0
3.64456	0.00101391	0.666667	0.104465	0
3.64491	0.00100093	0.55	0.0949375	0
3.64582	0.00100885	0.583333	0.098	0
3.64749	0.00103397	0.8	0.114333	0
3.64633	0.00103267	0.65	0.103104	0
3.64473	0.000985874	0.466667	0.0877917	0
3.64603	0.000992559	0.7	0.107188	0
3.64711	0.0010145	0.683333	0.105826	0
3.64614	0.000990417	0.566667	0.0966389	0
3.64677	0.00100794	0.666667	0.107188	0
3.64708	0.00101125	0.683333	0.108549	0
3.64632	0.00101391	0.65	0.103104	0
3.64507	0.000972374	0.516667	0.0922153	0
3.64605	0.00100522	0.7	0.107188	0
3.64538	0.000989314	0.55	0.0949375	0
3.64377	0.000976982	0.483333	0.0891528	0
3.64495	0.00100333	0.633333	0.102083	0
3.64493	0.000973672	0.483333	0.0891528	0
3.6449	0.00097562	0.516667	0.0922153	0
3.64457	0.000976982	0.45	0.0860903	0
3.64597	0.0010082	0.583333	0.098	0
3.64572	0.000993727	0.5	0.0935764	0
3.64431	0.000992819	0.566667	0.0966389	0
3.64587	0.00102469	0.7	0.109569	0
3.64673	0.000998985	0.516667	0.0922153	0
3.64545	0.000983732	0.433333	0.0843889	0
3.64611	0.000995025	0.45	0.0860903	0
3.64584	0.000980357	0.5	0.0935764	0
3.64575	0.000984706	0.533333	0.0966389	0
3.6458	0.000977891	0.5	0.0908542	0
3.64634	0.000987237	0.666667	0.107188	0
3.6469	0.000984316	0.45	0.0860903	0
3.64625	0.000971076	0.533333	0.0935764	0
3.64661	0.000976528	0.5	0.0908542	0
3.64724	0.00101346	0.633333	0.102083	0
3.64625	0.000995285	0.583333	0.098	0
3.64556	0.000975555	0.566667	0.0966389	0
3.6439	0.000956733	0.416667	0.0830278	0
3.6452	0.000977177	0.666667	0.104465	0
3.64617	0.000989054	0.383333	0.079625	0
3.64565	0.000985095	0.533333	0.0935764	0
3.64677	0.00101502	0.683333	0.105826	0
3.64686	0.00103124	0.5	0.0908542	0
3.64685	0.00100567	0.55	0.0949375	0
3.6468	0.000991326	0.7	0.107188	0
3.64631	0.000995999	0.583333	0.098	0
3.64612	0.00099191	0.283333	0.0683958	0
3.64565	0.000966468	0.483333	0.0891528	0
3.64592	0.000983083	0.5	0.0908542	0
3.64675	0.0009923	0.533333	0.0966389	0
3.64727	0.000998465	0.533333	0.0935764	0
3.64654	0.000959069	0.483333	0.0891528	0
3.64658	0.00097536	0.55	0.0949375	0
3.64677	0.00100729	0.5	0.0908542	0
3.64662	0.000957901	0.45	0.0860903	0
3.64638	0.000983992	0.6	0.0993611	0
3.64679	0.000957122	0.45	0.0860903	0
3.64662	0.000967182	0.5	0.0908542	0
3.6479	0.000985225	0.683333	0.105826	0
3.64863	0.000997427	0.666667	0.104465	0
3.64845	0.00099853	0.6	0.0993611	0
3.64706	0.000955629	0.383333	0.079625	0
3.64759	0.000989249	0.583333	0.098	0
3.64741	0.00099191	0.416667	0.0830278	0
3.64852	0.00101067	0.483333	0.0891528	0
3.64894	0.000999374	0.716667	0.108208	0
3.6473	0.000963612	0.45	0.0860903	0
3.64657	0.000969129	0.433333	0.0843889	0
3.64765	0.000972634	0.45	0.0860903	0
3.64815	0.000957577	0.45	0.0860903	0
3.64692	0.000969129	0.533333	0.0935764	0
3.64726	0.000957122	0.5	0.0908542	0
3.64827	0.000968091	0.416667	0.0830278	0
3.64807	0.000992819	0.466667	0.0877917	0
3.64688	0.000950372	0.4	0.0813264	0
3.64786	0.00101184	0.583333	0.098	0
3.64947	0.000972569	0.616667	0.100722	0
3.64898	0.000965689	0.516667	0.0922153	0
3.6475	0.000983343	0.566667	0.0966389	0
3.64705	0.000969713	0.4	0.0813264	0
3.64792	0.000983278	0.55	0.0949375	0
3.64747	0.000963223	0.416667	0.0860903	0
3.64842	0.000992624	0.616667	0.100722	0
3.64865	0.00100236	0.533333	0.0935764	0
3.64668	0.000942519	0.5	0.0935764	0
3.64843	0.00097549	0.45	0.0891528	0
3.64989	0.000957512	0.5	0.0908542	0
3.64798	0.000980422	0.55	0.098	0
3.64824	0.000964456	0.45	0.0860903	0
3.64834	0.000958031	0.433333	0.0843889	0
3.64936	0.000959978	0.566667	0.0966389	0
3.64861	0.00098185	0.4	0.0813264	0
3.64787	0.000987367	0.616667	0.100722	0
3.64886	0.00097497	0.516667	0.0922153	0
3.64975	0.000993598	0.466667	0.0877917	0
3.64855	0.000981201	0.483333	0.0891528	0
3.64914	0.000956473	0.516667	0.0922153	0
3.64845	0.000952968	0.416667	0.0830278	0
3.64797	0.0009653	0.35	0.0762222	0
3.64888	0.000973153	0.466667	0.0877917	0
3.64968	0.000953682	0.383333	0.079625	0
3.64972	0.000952579	0.416667	0.0830278	0
3.64981	0.000957966	0.366667	0.0779236	0
3.65056	0.000972115	0.583333	0.098	0
3.65085	0.000976074	0.5	0.0935764	0
3.65028	0.000947517	0.4	0.0847292	0
3.65016	0.000956149	0.45	0.0860903	0
3.65069	0.000976398	0.5	0.0908542	0
3.64948	0.000952579	0.433333	0.0843889	0
3.65001	0.00096556	0.516667	0.0922153	0
3.65058	0.000991131	0.666667	0.107188	0
3.65133	0.000994766	0.6	0.0993611	0
3.65116	0.000995025	0.4	0.0813264	0
3.6496	0.000983473	0.433333	0.0843889	0
3.64889	0.0009518	0.35	0.0762222	0
3.64984	0.000948425	0.433333	0.0843889	0
3.64992	0.000962963	0.483333	0.0891528	0
3.65056	0.000989574	0.466667	0.0877917	0
3.64992	0.000952514	0.366667	0.0779236	0
3.64969	0.000946348	0.5	0.0908542	0
3.64958	0.000929084	0.316667	0.0724792	0
3.64901	0.000958161	0.566667	0.0966389	0
3.65022	0.000949139	0.416667	0.0830278	0
3.64993	0.000955629	0.383333	0.079625	0
3.65014	0.000964781	0.333333	0.0741806	0
3.65083	0.000934601	0.516667	0.0922153	0
3.65071	0.000949983	0.433333	0.0843889	0
3.65068	0.000958096	0.416667	0.0830278	0
3.65189	0.000958745	0.333333	0.0741806	0
3.65106	0.000932394	0.45	0.0860903	0
3.65101	0.000952514	0.3	0.0704375	0
3.6502	0.000966144	0.45	0.0860903	0
3.65035	0.000989379	0.4	0.0813264	0
3.65188	0.000986134	0.583333	0.098	0
3.65119	0.000968091	0.416667	0.0830278	0
3.65002	0.000920842	0.316667	0.0724792	0
3.65082	0.000946673	0.4	0.0813264	0
3.65084	0.000945959	0.35	0.0762222	0
3.65087	0.000969064	0.466667	0.0877917	0
3.65117	0.000959264	0.3	0.0741806	0
3.65104	0.000962509	0.566667	0.0966389	0
3.65161	0.00097523	0.416667	0.0830278	0
3.65159	0.000949983	0.366667	0.0813264	0
3.65121	0.000953747	0.333333	0.0741806	0
3.6519	0.000954591	0.45	0.0860903	0
3.65233	0.000986848	0.65	0.103104	0
3.65265	0.00101871	0.55	0.0949375	0
3.65143	0.000970427	0.433333	0.0908542	0
3.65128	0.000953617	0.35	0.0762222	0
3.65091	0.00094836	0.3	0.0704375	0
3.65059	0.000940312	0.35	0.0762222	0
3.65034	0.000963548	0.383333	0.079625	0
3.65266	0.000944856	0.283333	0.0683958	0
3.65212	0.000936223	0.316667	0.0724792	0
3.6523	0.00095842	0.416667	0.0830278	0
3.65397	0.000960951	0.383333	0.079625	0
3.65315	0.000976009	0.433333	0.0843889	0
3.65286	0.000967182	0.433333	0.0843889	0
3.65209	0.000954202	0.383333	0.079625	0
3.6534	0.00095498	0.433333	0.0843889	0
3.65428	0.000959978	0.4	0.0813264	0
3.65433	0.00094187	0.516667	0.0952778	0
3.65391	0.000970622	0.516667	0.0922153	0
3.65283	0.000978151	0.533333	0.0935764	0
3.65497	0.000989639	0.616667	0.100722	0
3.65443	0.000962769	0.483333	0.0891528	0
3.6523	0.00095855	0.4	0.0813264	0
3.65274	0.000949334	0.416667	0.0830278	0
3.65299	0.000950113	0.233333	0.0622708	0
3.65354	0.00096504	0.45	0.0891528	0
3.65358	0.000963223	0.45	0.0860903	0
3.65285	0.000926293	0.416667	0.0830278	0
3.65303	0.000954656	0.433333	0.0843889	0
3.65384	0.000967766	0.533333	0.0935764	0
3.65231	0.000945375	0.35	0.0762222	0
3.65231	0.000946673	0.333333	0.0741806	0
3.65346	0.000935899	0.333333	0.0741806	0
3.65279	0.000934666	0.25	0.0643125	0
3.65279	0.000941416	0.483333	0.0891528	0
3.65384	0.000953488	0.366667	0.0779236	0
3.65402	0.000939274	0.366667	0.0779236	0
3.65373	0.000947906	0.45	0.0860903	0
3.65397	0.000951995	0.35	0.0762222	0
3.65337	0.000951021	0.35	0.079625	0
3.65404	0.000963677	0.35	0.0762222	0
3.65461	0.000973153	0.433333	0.0843889	0
3.65398	0.000970687	0.35	0.0762222	0
3.65501	0.000954786	0.316667	0.0724792	0
3.65595	0.000960627	0.483333	0.0891528	0
3.65469	0.00095193	0.3	0.0704375	0
3.65371	0.000960627	0.433333	0.0843889	0
3.65492	0.000960951	0.483333	0.0891528	0
3.65528	0.000981071	0.616667	0.100722	0
3.65393	0.000969908	0.433333	0.0843889	0
3.65425	0.000980293	0.466667	0.0877917	0
3.65444	0.000937846	0.333333	0.0741806	0
3.65504	0.000963677	0.316667	0.0724792	0
3.65538	0.000937522	0.366667	0.0779236	0
3.65457	0.000942065	0.4	0.0813264	0
3.65479	0.000933757	0.283333	0.0683958	0
3.65577	0.000936288	0.45	0.0860903	0
3.65458	0.000955954	0.4	0.0813264	0
3.65513	0.000961536	0.433333	0.0843889	0
3.65606	0.00096173	0.383333	0.079625	0
3.65541	0.000969129	0.45	0.0860903	0
3.65591	0.000979254	0.383333	0.079625	0
3.65598	0.000938365	0.3	0.0704375	0
3.65629	0.000944531	0.233333	0.0622708	0
3.65618	0.000940053	0.4	0.0813264	0
3.65568	0.000970557	0.566667	0.0993611	0
3.65594	0.000947841	0.316667	0.0724792	0
3.65599	0.000932978	0.366667	0.0779236	0
3.65565	0.000906822	0.2	0.0575069	0
3.65584	0.000937586	0.3	0.0704375	0
3.65623	0.000945245	0.383333	0.079625	0
3.656	0.000959589	0.333333	0.0779236	0
3.65604	0.000942389	0.333333	0.0741806	0
3.65535	0.000956927	0.4	0.0813264	0
3.65637	0.000980877	0.4	0.0847292	0
3.65615	0.000951605	0.3	0.0704375	0
3.65703	0.000958485	0.466667	0.0877917	0
3.65697	0.000943493	0.3	0.0704375	0
3.65628	0.000937781	0.466667	0.0877917	0
3.65738	0.00094492	0.316667	0.0724792	0
3.65695	0.000936743	0.383333	0.079625	0
3.6563	0.000938949	0.25	0.0643125	0
3.65641	0.000929149	0.25	0.0643125	0
3.65731	0.000948685	0.366667	0.0779236	0
3.65764	0.000936029	0.266667	0.0663542	0
3.65613	0.000931486	0.25	0.0643125	0
3.65608	0.000939663	0.366667	0.0813264	0
3.65748	0.000944726	0.416667	0.0830278	0
3.6583	0.000959264	0.3	0.0704375	0
3.65706	0.000929019	0.316667	0.0724792	0
3.65658	0.000923373	0.283333	0.0683958	0
3.65711	0.000936937	0.35	0.0762222	0
3.65722	0.000942519	0.383333	0.0830278	0
3.65781	0.000935964	0.216667	0.0598889	0
3.65742	0.000907666	0.3	0.0704375	0
3.65722	0.000917791	0.283333	0.0683958	0
3.65877	0.000937392	0.333333	0.0741806	0
3.65884	0.000944012	0.466667	0.0877917	0
3.65807	0.000943233	0.283333	0.0683958	0
3.65694	0.000943038	0.4	0.0813264	0
3.65764	0.00091526	0.35	0.0830278	0
3.65691	0.000938041	0.233333	0.0622708	0
3.65702	0.000926293	0.333333	0.0741806	0
3.6574	0.000926228	0.333333	0.0779236	0
3.65704	0.000936094	0.333333	0.0741806	0
3.65893	0.000967377	0.5	0.0908542	0
3.65868	0.000950178	0.283333	0.0683958	0
3.65744	0.000929928	0.35	0.0762222	0
3.65877	0.000936223	0.316667	0.0724792	0
3.65958	0.0009555	0.4	0.0813264	0
3.65982	0.000966858	0.366667	0.0779236	0
3.66038	0.000944726	0.433333	0.0843889	0
3.66015	0.000957771	0.416667	0.0830278	0
3.66018	0.000963093	0.35	0.0762222	0
3.66001	0.000946997	0.366667	0.0779236	0
3.65902	0.000912988	0.283333	0.0683958	0
3.65936	0.000951735	0.216667	0.0598889	0
3.66043	0.000966533	0.383333	0.079625	0
3.65959	0.000924087	0.166667	0.0527431	0
3.65974	0.00094505	0.466667	0.0877917	0
3.6616	0.00095537	0.466667	0.0877917	0
3.66029	0.000932394	0.3	0.0704375	0
3.65824	0.000923373	0.316667	0.0724792	0
3.66045	0.000932849	0.333333	0.0741806	0
3.65985	0.000920777	0.266667	0.0663542	0
3.65893	0.000930123	0.283333	0.0683958	0
3.66025	0.000947322	0.4	0.0813264	0
3.66053	0.00093869	0.333333	0.0741806	0
3.6605	0.000929344	0.383333	0.079625	0
3.66086	0.000941935	0.366667	0.0779236	0
3.66045	0.000947646	0.316667	0.0724792	0
3.65925	0.000894686	0.283333	0.0683958	0
3.6595	0.000916947	0.3	0.0704375	0
3.6601	0.000926293	0.316667	0.0724792	0
3.6609	0.000911106	0.333333	0.0741806	0
3.66046	0.000920257	0.333333	0.0741806	0
3.65937	0.000930772	0.2	0.0575069	0
3.65994	0.000917402	0.166667	0.0527431	0
3.66023	0.000917402	0.3	0.0704375	0
3.66089	0.000921361	0.216667	0.0598889	0
3.66067	0.000931161	0.2	0.0575069	0
3.66116	0.000933043	0.283333	0.0683958	0
3.66117	0.000904681	0.283333	0.0683958	0
3.65949	0.000890727	0.333333	0.0741806	0
3.65922	0.00092214	0.233333	0.0622708	0
3.66073	0.000916818	0.216667	0.0598889	0
3.66181	0.000927007	0.45	0.0860903	0
3.66145	0.000919543	0.233333	0.0622708	0
3.66099	0.000937327	0.316667	0.0724792	0
3.66116	0.000895789	0.25	0.0643125	0
3.66109	0.000900397	0.266667	0.0663542	0
3.66262	0.000952384	0.233333	0.0622708	0
3.66233	0.000979384	0.466667	0.0877917	0
3.66203	0.000929344	0.35	0.0762222	0
3.66192	0.000945505	0.316667	0.0724792	0
3.66224	0.000900138	0.166667	0.0527431	0
3.66182	0.000915714	0.383333	0.079625	0
3.66253	0.000939339	0.233333	0.0622708	0
3.66204	0.000940702	0.216667	0.0643125	0
3.66114	0.000911625	0.25	0.0643125	0
3.66246	0.000912794	0.25	0.0643125	0
3.66312	0.000939988	0.333333	0.0741806	0
3.66206	0.000935574	0.216667	0.0598889	0
3.66252	0.000907212	0.233333	0.0663542	0
3.66373	0.000957966	0.4	0.0847292	0
3.6636	0.000924022	0.2	0.0575069	0
3.66181	0.000924801	0.216667	0.0598889	0
3.6628	0.000947127	0.4	0.0813264	0
3.66406	0.000949853	0.4	0.0813264	0
3.66263	0.000926683	0.266667	0.0663542	0
3.66202	0.000919024	0.2	0.0575069	0
3.66298	0.000896049	0.25	0.0643125	0
3.66251	0.000911106	0.25	0.0643125	0
3.66187	0.000924476	0.25	0.0643125	0
3.66257	0.000916493	0.3	0.0704375	0
3.66309	0.00090507	0.266667	0.0663542	0
3.66199	0.000904486	0.183333	0.055125	0
3.66201	0.000917596	0.266667	0.0663542	0
3.66374	0.000924346	0.4	0.0813264	0
3.66329	0.000917531	0.25	0.0643125	0
3.66369	0.000929344	0.266667	0.0663542	0
3.66392	0.000918116	0.3	0.0704375	0
3.66354	0.000922204	0.25	0.0643125	0
3.66324	0.00093155	0.283333	0.0683958	0
3.66433	0.000908445	0.266667	0.0663542	0
3.66437	0.000930382	0.3	0.0704375	0
3.66406	0.000932913	0.166667	0.0527431	0
3.66432	0.000903512	0.25	0.0643125	0
3.66408	0.000934017	0.35	0.0762222	0
3.6647	0.000919089	0.3	0.0704375	0
3.66505	0.000906758	0.2	0.0575069	0
3.66487	0.000926358	0.2	0.0575069	0
3.66464	0.000925969	0.333333	0.0741806	0
3.66531	0.00092188	0.183333	0.055125	0
3.66479	0.000927072	0.233333	0.0622708	0
3.66384	0.000910197	0.283333	0.0683958	0
3.66471	0.000920582	0.35	0.0762222	0
3.6659	0.000923827	0.35	0.0762222	0
3.66443	0.00092188	0.383333	0.079625	0
3.66448	0.00091831	0.2	0.0575069	0
3.66503	0.000940247	0.316667	0.0724792	0
3.66492	0.000906303	0.283333	0.0683958	0
3.6649	0.00090864	0.183333	0.055125	0
3.66583	0.00093882	0.333333	0.0741806	0
3.66559	0.000927137	0.283333	0.0683958	0
3.66634	0.000935964	0.25	0.0643125	0
3.66658	0.000899099	0.216667	0.0598889	0
3.66622	0.000927721	0.3	0.0704375	0
3.66671	0.000927072	0.35	0.0762222	0
3.66655	0.000926034	0.233333	0.0622708	0
3.66712	0.000948815	0.266667	0.0663542	0
3.66647	0.000941156	0.266667	0.0663542	0
3.66705	0.000944596	0.283333	0.0683958	0
3.66735	0.000964586	0.383333	0.079625	0
3.66667	0.000958096	0.233333	0.0622708	0
3.66677	0.000931161	0.333333	0.0741806	0
3.66694	0.000920971	0.216667	0.0598889	0
3.667	0.000957057	0.316667	0.0724792	0
3.66717	0.000914546	0.266667	0.0663542	0
3.66732	0.000934341	0.316667	0.0724792	0
3.66673	0.000929798	0.333333	0.0741806	0
3.66665	0.000926877	0.283333	0.0683958	0
3.66608	0.000917207	0.2	0.0575069	0
3.66611	0.000923503	0.233333	0.0622708	0
3.66674	0.000920582	0.4	0.0813264	0
3.66718	0.000904291	0.166667	0.0527431	0
3.66655	0.000914092	0.266667	0.0663542	0
3.66728	0.000901695	0.25	0.0643125	0
3.66762	0.000922075	0.25	0.0643125	0
3.66785	0.000937586	0.333333	0.0741806	0
3.66745	0.000916753	0.233333	0.0622708	0
3.66733	0.000913962	0.266667	0.0663542	0
3.66783	0.000921945	0.283333	0.0683958	0
3.66727	0.000943687	0.266667	0.0663542	0
3.6681	0.000931615	0.383333	0.079625	0
3.66798	0.00087859	0.133333	0.0469583	0
3.66723	0.000912729	0.25	0.0643125	0
3.66896	0.000943363	0.2	0.0575069	0
3.66903	0.000934082	0.316667	0.0724792	0
3.66775	0.000906758	0.183333	0.055125	0
3.66792	0.000916688	0.283333	0.0683958	0
3.6684	0.000912404	0.283333	0.0683958	0
3.6685	0.00089527	0.25	0.0683958	0
3.6677	0.000906822	0.283333	0.0683958	0
3.66844	0.000933562	0.283333	0.0683958	0
3.66849	0.000955305	0.233333	0.0622708	0
3.66971	0.000924216	0.35	0.0762222	0
3.66957	0.000910457	0.216667	0.0598889	0
3.67018	0.000934601	0.416667	0.0830278	0
3.66952	0.000919803	0.283333	0.0724792	0
3.66907	0.000944077	0.283333	0.0683958	0
3.67006	0.000925774	0.333333	0.0741806	0
3.66982	0.000913962	0.2	0.0575069	0
3.66946	0.000937846	0.266667	0.0663542	0
3.66929	0.000932264	0.266667	0.0663542	0
3.66971	0.000933692	0.333333	0.0741806	0
3.67009	0.000925969	0.35	0.0762222	0
3.6696	0.000939663	0.216667	0.0598889	0
3.67002	0.000942454	0.366667	0.0779236	0
3.67077	0.000951216	0.366667	0.0779236	0
3.6701	0.000899099	0.183333	0.055125	0
3.67076	0.000910587	0.266667	0.0663542	0
3.67096	0.00090533	0.25	0.0643125	0
3.67076	0.000927527	0.3	0.0704375	0
3.66989	0.000921685	0.133333	0.0469583	0
3.66998	0.000927397	0.35	0.0762222	0
3.66976	0.000919803	0.216667	0.0598889	0
3.66911	0.000909743	0.183333	0.055125	0
3.6707	0.000922594	0.25	0.0643125	0
3.66965	0.000900397	0.283333	0.0683958	0
3.66971	0.0009052	0.233333	0.0622708	0
3.67057	0.000884236	0.15	0.0500208	0
3.67074	0.000890272	0.216667	0.0598889	0
3.67079	0.000894491	0.2	0.0575069	0
3.67111	0.000895854	0.166667	0.0527431	0
3.67048	0.000910197	0.266667	0.0663542	0
3.67029	0.000893388	0.233333	0.0622708	0
3.67071	0.000907601	0.166667	0.0527431	0
3.67197	0.000914027	0.316667	0.0724792	0
3.67198	0.000909938	0.183333	0.055125	0
3.6715	0.000903058	0.316667	0.0724792	0
3.67168	0.000903253	0.333333	0.0741806	0
3.67165	0.00089845	0.2	0.0622708	0
3.67091	0.000913248	0.183333	0.055125	0
3.67055	0.000898775	0.133333	0.0469583	0
3.67191	0.000885275	0.183333	0.055125	0
3.67286	0.000917661	0.166667	0.0527431	0
3.67249	0.000909094	0.216667	0.0598889	0
3.67247	0.000888455	0.15	0.0500208	0
3.67227	0.000897671	0.166667	0.0527431	0
3.67262	0.000915325	0.2	0.0575069	0
3.67342	0.000912988	0.216667	0.0598889	0
3.67322	0.000926164	0.166667	0.0527431	0
3.67298	0.000902863	0.3	0.0704375	0
3.67241	0.000875929	0.183333	0.055125	0
3.67366	0.000905589	0.216667	0.0598889	0
3.67304	0.000905589	0.25	0.0643125	0
3.6726	0.000915065	0.116667	0.0438958	0
3.67329	0.000905395	0.233333	0.0622708	0
3.67333	0.000913637	0.2	0.0575069	0
3.67308	0.000893647	0.233333	0.0622708	0
3.67275	0.000890727	0.183333	0.055125	0
3.6735	0.000889558	0.166667	0.0527431	0
3.67384	0.000903123	0.233333	0.0622708	0
3.67355	0.000889623	0.25	0.0643125	0
3.67392	0.00092201	0.25	0.0643125	0
3.67264	0.000914676	0.216667	0.0598889	0
3.67397	0.000924152	0.183333	0.055125	0
3.67339	0.000923632	0.266667	0.0663542	0
3.67319	0.000915519	0.183333	0.055125	0
3.6742	0.000881445	0.183333	0.055125	0
3.675	0.000916623	0.25	0.0643125	0
3.67504	0.000904097	0.2	0.0575069	0
3.67506	0.000899683	0.15	0.0500208	0
3.67573	0.000912469	0.216667	0.0598889	0
3.67491	0.000906238	0.183333	0.055125	0
3.67448	0.000892479	0.25	0.0643125	0
3.67491	0.000885664	0.133333	0.0469583	0
3.67492	0.000910003	0.233333	0.0622708	0
3.67478	0.000887481	0.2	0.0575069	0
3.67476	0.0008586	0.166667	0.0527431	0
3.67482	0.000896698	0.166667	0.0527431	0
3.67461	0.000888585	0.233333	0.0622708	0
3.67463	0.000862494	0.0166667	0.0166736	0
3.67452	0.000884171	0.183333	0.0598889	0
3.67566	0.000914027	0.266667	0.0663542	0
3.67589	0.000909873	0.266667	0.0663542	0
3.67487	0.000906822	0.166667	0.0527431	0
3.67638	0.000903188	0.316667	0.0724792	0
3.67632	0.00089488	0.233333	0.0622708	0
3.67595	0.000912988	0.25	0.0683958	0
3.67619	0.000928435	0.333333	0.0741806	0
3.67636	0.000925969	0.233333	0.0622708	0
3.6762	0.000929149	0.283333	0.0683958	0
3.67512	0.000907342	0.1	0.0408333	0
3.67575	0.000906628	0.233333	0.0622708	0
3.67599	0.000889688	0.183333	0.055125	0
3.67641	0.000913637	0.216667	0.0598889	0
3.67691	0.000913897	0.283333	0.0683958	0
3.67715	0.000911625	0.233333	0.0622708	0
3.67681	0.000919024	0.35	0.0762222	0
3.67686	0.000892154	0.183333	0.055125	0
3.67729	0.000892025	0.266667	0.0663542	0
3.6772	0.000929474	0.366667	0.0779236	0
3.67738	0.000928046	0.25	0.0643125	0
3.67728	0.000904097	0.166667	0.0527431	0
3.67722	0.00091844	0.3	0.0704375	0
3.67671	0.000886508	0.166667	0.0527431	0
3.67602	0.000865155	0.2	0.0575069	0
3.67746	0.000910457	0.266667	0.0663542	0
3.6776	0.00088826	0.166667	0.0527431	0
3.67666	0.00088852	0.216667	0.0598889	0
3.67741	0.000902085	0.166667	0.0527431	0
3.67638	0.000920452	0.2	0.0575069	0
3.67663	0.000921815	0.166667	0.0527431	0
3.67762	0.000911625	0.15	0.0500208	0
3.67776	0.000889688	0.233333	0.0663542	0
3.67759	0.000877032	0.133333	0.0469583	0
3.67781	0.000884691	0.15	0.0500208	0
3.67755	0.000894102	0.166667	0.0527431	0
3.67865	0.000895854	0.266667	0.0663542	0
3.67929	0.000901176	0.216667	0.0598889	0
3.67764	0.000899878	0.283333	0.0683958	0
3.67916	0.000915519	0.316667	0.0724792	0
3.67974	0.000911755	0.266667	0.0663542	0
3.67946	0.000912469	0.15	0.055125	0
3.67847	0.000879433	0.166667	0.0527431	0
3.67928	0.000906628	0.233333	0.0622708	0
3.67939	0.000895984	0.25	0.0643125	0
3.67878	0.00089845	0.166667	0.0527431	0
3.6798	0.000907082	0.266667	0.0663542	0
3.67911	0.000890662	0.133333	0.0469583	0
3.6781	0.000899294	0.166667	0.0527431	0
3.67961	0.000903383	0.216667	0.0598889	0
3.68068	0.000903383	0.266667	0.0663542	0
3.68015	0.000924606	0.2	0.0575069	0
3.67896	0.000863857	0.166667	0.0527431	0
3.67937	0.000889429	0.183333	0.055125	0
3.67979	0.00090507	0.216667	0.0598889	0
3.67958	0.000907796	0.25	0.0643125	0
3.67968	0.000916233	0.233333	0.0622708	0
3.67904	0.000910717	0.183333	0.055125	0
3.68011	0.000891116	0.15	0.0500208	0
3.68125	0.000911171	0.316667	0.0724792	0
3.68129	0.000885794	0.133333	0.0469583	0
3.68073	0.000885859	0.2	0.0575069	0
3.6809	0.00088878	0.2	0.0575069	0
3.68173	0.000906109	0.183333	0.055125	0
0	0	0	0	0
0	0	0	0	0
0	0	0	0	0
0	0	0	0	0
0	0	0	0	0
0	0	0	0	0
0	0	0	0	0
0	0	0	0	0
0	0	0	0	0
0	0	0	0	0
0	0	0	0	0
0	0	0	0	0
0	0	0	0	0
0	0	0	0	0
0	0	0	0	0
0	0	0	0	0
0	0	0	0	0
0	0	0	0	0
0	0	0	0	0
0	0	0	0	0
0	0	0	0	0
0	0	0	0	0
0	0	0	0	0
0	0	0	0	0
0	0	0	0	0
0	0	0	0	0
0	0	0	0	0
0	0	0	0	0
0	0	0	0	0
0	0	0	0	0
0	0	0	0	0
0	0	0	0	0
0	0	0	0	0
0	0	0	0	0
0	0	0	0	0
0	0	0	0	0
0	0	0	0	0
0	0	0	0	0
0	0	0	0	0
0	0	0	0	0
0	0	0	0	0
0	0	0	0	0
0	0	0	0	0
0	0	0	0	0
0	0	0	0	0
0	0	0	0	0
0	0	0	0	0
0	0	0	0	0
0	0	0	0	0
0	0	0	0	0
0	0	0	0	0
0	0	0	0	0
0	0	0	0	0
0	0	0	0	0
0	0	0	0	0
0	0	0	0	0
0	0	0	0	0
0	0	0	0	0
0	0	0	0	0
0	0	0	0	0
0	0	0	0	0
0	0	0	0	0
0	0	0	0	0
0	0	0	0	0
0	0	0	0	0
0	0	0	0	0
0	0	0	0	0
0	0	0	0	0
0	0	0	0	0
0	0	0	0	0
0	0	0	0	0
0	0	0	0	0
0	0	0	0	0
0	0	0	0	0
0	0	0	0	0
0	0	0	0	0
0	0	0	0	0
0	0	0	0	0
0	0	0	0	0
0	0	0	0	0
0	0	0	0	0
0	0	0	0	0
0	0	0	0	0
0	0	0	0	0
0	0	0	0	0
0	0	0	0	0
0	0	0	0	0
0	0	0	0	0
0	0	0	0	0
0	0	0	0	0
0	0	0	0	0
0	0	0	0	0
0	0	0	0	0
0	0	0	0	0
0	0	0	0	0
0	0	0	0	0
0	0	0	0	0
0	0	0	0	0
0	0	0	0	0
0	0	0	0	0
0	0	0	0	0
0	0	0	0	0
0	0	0	0	0
0	0	0	0	0
0	0	0	0	0
0	0	0	0	0
0	0	0	0	0
0	0	0	0	0
0	0	0	0	0
0	0	0	0	0
0	0	0	0	0
0	0	0	0	0
0	0	0	0	0
0	0	0	0	0
0	0	0	0	0
0	0	0	0	0
0	0	0	0	0
0	0	0	0	0
0	0	0	0	0
0	0	0	0	0
0	0	0	0	0
0	0	0	0	0
0	0	0	0	0
0	0	0	0	0
0	0	0	0	0
0	0	0	0	0
0	0	0	0	0
0	0	0	0	0
0	0	0	0	0
0	0	0	0	0
0	0	0	0	0
0	0	0	0	0
0	0	0	0	0
0	0	0	0	0
0	0	0	0	0
0	0	0	0	0
0	0	0	0	0
0	0	0	0	0
0	0	0	0	0
0	0	0	0	0
0	0	0	0	0
0	0	0	0	0
0	0	0	0	0
0	0	0	0	0
0	0	0	0	0
0	0	0	0	0
0	0	0	0	0
0	0	0	0	0
0	0	0	0	0
0	0	0	0	0
0	0	0	0	0
0	0	0	0	0
0	0	0	0	0
0	0	0	0	0
0	0	0	0	0
0	0	0	0	0
0	0	0	0	0
0	0	0	0	0
0	0	0	0	0
0	0	0	0	0
0	0	0	0	0
0	0	0	0	0
0	0	0	0	0
0	0	0	0	0
0	0	0	0	0
0	0	0	0	0
0	0	0	0	0
0	0	0	0	0
0	0	0	0	0
0	0	0	0	0
0	0	0	0	0
0	0	0	0	0
0	0	0	0	0
0	0	0	0	0
0	0	0	0	0
0	0	0	0	0
0	0	0	0	0
0	0	0	0	0
0	0	0	0	0
0	0	0	0	0
0	0	0	0	0
0	0	0	0	0
0	0	0	0	0
0	0	0	0	0
0	0	0	0	0
0	0	0	0	0
0	0	0	0	0
0	0	0	0	0
0	0	0	0	0
0	0	0	0	0
0	0	0	0	0
0	0	0	0	0
0	0	0	0	0
0	0	0	0	0
0	0	0	0	0
0	0	0	0	0
0	0	0	0	0
0	0	0	0	0
0	0	0	0	0
0	0	0	0	0
0	0	0	0	0
0	0	0	0	0
0	0	0	0	0
0	0	0	0	0
0	0	0	0	0
0	0	0	0	0
0	0	0	0	0
0	0	0	0	0
0	0	0	0	0
0	0	0	0	0
0	0	0	0	0
0	0	0	0	0
0	0	0	0	0
0	0	0	0	0
0	0	0	0	0
0	0	0	0	0
0	0	0	0	0
0	0	0	0	0
0	0	0	0	0
0	0	0	0	0
0	0	0	0	0
0	0	0	0	0
0	0	0	0	0
0	0	0	0	0
0	0	0	0	0
0	0	0	0	0
0	0	0	0	0
0	0	0	0	0
0	0	0	0	0
0	0	0	0	0
0	0	0	0	0
0	0	0	0	0
0	0	0	0	0
0	0	0	0	0
0	0	0	0	0
0	0	0	0	0
0	0	0	0	0
0	0	0	0	0
0	0	0	0	0
0	0	0	0	0
0	0	0	0	0
0	0	0	0	0
0	0	0	0	0
0	0	0	0	0
0	0	0	0	0
0	0	0	0	0
0	0	0	0	0
0	0	0	0	0
0	0	0	0	0
0	0	0	0	0
0	0	0	0	0
0	0	0	0	0
0	0	0	0	0
0	0	0	0	0
0	0	0	0	0
0	0	0	0	0
0	0	0	0	0
0	0	0	0	0
0	0	0	0	0
0	0	0	0	0
0	0	0	0	0
0	0	0	0	0
0	0	0	0	0
0	0	0	0	0
0	0	0	0	0
0	0	0	0	0
0	0	0	0	0
0	0	0	0	0
0	0	0	0	0
0	0	0	0	0
0	0	0	0	0
0	0	0	0	0
0	0	0	0	0
0	0	0	0	0
0	0	0	0	0
0	0	0	0	0
0	0	0	0	0
0	0	0	0	0
0	0	0	0	0
0	0	0	0	0
0	0	0	0	0
0	0	0	0	0
0	0	0	0	0
0	0	0	0	0
0	0	0	0	0
0	0	0	0	0
0	0	0	0	0
0	0	0	0	0
0	0	0	0	0
0	0	0	0	0
0	0	0	0	0
0	0	0	0	0
0	0	0	0	0
0	0	0	0	0
0	0	0	0	0
0	0	0	0	0
0	0	0	0	0
0	0	0	0	0
0	0	0	0	0
0	0	0	0	0
0	0	0	0	0
0	0	0	0	0
0	0	0	0	0
0	0	0	0	0
0	0	0	0	0
0	0	0	0	0
0	0	0	0	0
0	0	0	0	0
0	0	0	0	0
0	0	0	0	0
0	0	0	0	0
0	0	0	0	0
0	0	0	0	0
0	0	0	0	0
0	0	0	0	0
0	0	0	0	0
0	0	0	0	0
0	0	0	0	0
0	0	0	0	0
0	0	0	0	0
0	0	0	0	0
0	0	0	0	0
0	0	0	0	0
0	0	0	0	0
0	0	0	0	0
0	0	0	0	0
0	0	0	0	0
0	0	0	0	0
0	0	0	0	0
0	0	0	0	0
0	0	0	0	0
0	0	0	0	0
0	0	0	0	0
0	0	0	0	0
0	0	0	0	0
0	0	0	0	0
0	0	0	0	0
0	0	0	0	0
0	0	0	0	0
0	0	0	0	0
0	0	0	0	0
0	0	0	0	0
0	0	0	0	0
0	0	0	0	0
0	0	0	0	0
0	0	0	0	0
0	0	0	0	0
0	0	0	0	0
0	0	0	0	0
0	0	0	0	0
0	0	0	0	0
0	0	0	0	0
0	0	0	0	0
0	0	0	0	0
0	0	0	0	0
0	0	0	0	0
0	0	0	0	0
0	0	0	0	0
0	0	0	0	0
0	0	0	0	0
0	0	0	0	0
0	0	0	0	0
0	0	0	0	0
0	0	0	0	0
0	0	0	0	0
0	0	0	0	0
0	0	0	0	0
0	0	0	0	0
0	0	0	0	0
0	0	0	0	0
0	0	0	0	0
0	0	0	0	0
0	0	0	0	0
0	0	0	0	0
0	0	0	0	0
0	0	0	0	0
0	0	0	0	0
0	0	0	0	0
0	0	0	0	0
0	0	0	0	0
0	0	0	0	0
0	0	0	0	0
0	0	0	0	0
0	0	0	0	0
0	0	0	0	0
0	0	0	0	0
0	0	0	0	0
0	0	0	0	0
0	0	0	0	0
0	0	0	0	0
0	0	0	0	0
0	0	0	0	0
0	0	0	0	0
0	0	0	0	0
0	0	0	0	0
0	0	0	0	0
0	0	0	0	0
0	0	0	0	0
0	0	0	0	0
0	0	0	0	0
