a2610521.350185
Narit-cm 05/01/2026 21:05:01 05/01/2026 21:35:01 0045 0013.384714 0052.542598 00.0 00.0
0002394 0010 0000000 0010 05 0000000 0010 0000000 0010
1 0 1 01600 1 0000 3.75 00000.o 0 0 01 000 16 002394 0.500 BT0
1 2 1 02000 1 0000 3.75 00000.o 0 0 01 000 16 002394 0.500 S2A0
1 1 1 01600 1 0000 3.75 00000.o 0 0 00 000 00 002394 3.1746 BC0
1 3 1 02000 1 0000 3.75 00000.o 0 0 00 000 00 002394 3.1746 S2P0
1 5 0 01600 0 0000 1.00 00000.o 0 0 00 000 00 000000 0.000 OF0
0.000 .o Analog 0 	0.000 .o Analog StErr 0 	0.000 .o Photon Counting 0 	0.000 .o PC StErr 0 	0.000 .o Overflow Info 0 
23.5792	0.125907	181.353	0.870973	0
52.4316	0.296307	194.085	0.883952	0
233.526	2.19131	117.544	1.33652	0
470.755	0.186393	1.80451	0.176244	0
473.457	1.10098E-5	0	0	0
473.457	0	0	0	0
473.457	0	15.188	0.525658	0
473.457	6.38441E-6	17.7945	0.58543	0
473.457	6.38441E-6	5.71429	0.336435	0
473.457	6.38441E-6	18.396	0.571768	0
473.457	0	54.0184	0.883611	0
473.457	6.38441E-6	111.579	1.05166	0
473.457	8.99029E-6	151.295	1.0216	0
473.457	0	102.038	1.07113	0
473.457	0	54.553	0.825887	0
473.457	0	59.4152	0.840233	0
473.457	0	66.7001	0.880195	0
473.457	0	88.7051	0.936211	0
473.457	0	111.763	0.903079	0
473.457	0	115.656	0.930746	0
473.457	0	122.473	0.94475	0
473.457	0	136.307	0.949873	0
473.457	0	161.771	0.919474	0
473.457	0	178.747	0.920499	0
473.457	0	191.579	0.90103	0
473.457	0	197.444	0.905812	0
473.457	0	202.222	0.884977	0
473.457	0	203.008	0.874047	0
473.457	0	206.533	0.886343	0
473.457	0	205.447	0.900689	0
473.457	0	205.631	0.900347	0
473.457	8.99029E-6	203.275	0.890442	0
474.732	0.111973	200.785	0.904787	1
479.585	0.220442	201.537	0.891125	1
495.095	0.190539	202.038	0.883269	1
499.943	0.0244132	203.642	0.880878	1
500	0	202.105	0.889417	1
499.991	0.00627464	201.253	0.889417	1
498.341	0.136135	202.306	0.900005	1
487.758	0.431257	203.409	0.897614	1
449.697	0.631069	201.805	0.862434	1
400.017	0.662546	203.943	0.88122	0
349.328	0.621858	203.475	0.871315	0
302.172	0.57071	202.022	0.887709	0
257.861	0.551136	203.425	0.877804	0
216.541	0.522587	203.592	0.899664	0
179.521	0.488379	202.239	0.893516	0
146.274	0.449783	202.924	0.862434	0
116.495	0.393811	201.337	0.881903	0
91.0749	0.333951	201.888	0.875413	0
70.0711	0.280972	199.816	0.850479	0
53.0091	0.231449	198.964	0.891125	0
39.6976	0.184692	197.778	0.871998	0
29.7003	0.144815	196.842	0.882586	0
22.5524	0.115	192.682	0.843307	0
17.4446	0.0900159	192.331	0.851504	0
13.6659	0.0703064	190.911	0.849113	0
11.0327	0.0573726	189.774	0.855944	0
9.24842	0.0464231	188.889	0.853212	0
7.92062	0.0392046	186.917	0.842965	0
6.9457	0.034896	184.762	0.869265	0
6.26205	0.0299772	182.373	0.850138	0
5.76734	0.0271341	180.936	0.849796	0
5.43478	0.0257747	179.231	0.875755	0
5.20817	0.0244062	175.923	0.850821	0
5.03303	0.0239298	174.035	0.855944	0
4.91642	0.0230249	173.45	0.835451	0
4.85278	0.0224169	171.328	0.851504	0
4.81313	0.0219614	169.039	0.841599	0
4.80894	0.0216683	167.368	0.846381	0
4.80411	0.0209546	166.015	0.82862	0
4.83664	0.0203616	166.232	0.850479	0
4.89381	0.0207252	161.905	0.841941	0
4.91542	0.0207726	161.036	0.841599	0
4.92019	0.019745	161.186	0.836817	0
4.96122	0.0194765	159.799	0.849455	0
4.99539	0.0194988	157.678	0.843307	0
5.00009	0.0191888	156.257	0.854578	0
5.06199	0.0191253	155.656	0.841599	0
5.14664	0.0194885	156.809	0.854237	0
5.19139	0.0185745	156.642	0.842965	0
5.25001	0.0185365	153.467	0.835451	0
5.33596	0.0189363	153.383	0.871656	0
5.38226	0.0184223	152.548	0.842624	0
5.41643	0.0180184	151.83	0.851163	0
5.4956	0.017902	150.944	0.843648	0
5.55267	0.0183012	151.261	0.829303	0
5.60956	0.0177414	150.159	0.843648	0
5.69629	0.0179522	149.607	0.84843	0
5.7382	0.0177826	149.273	0.849455	0
5.75942	0.0176646	147.97	0.849455	0
5.81368	0.0173092	148.154	0.836134	0
5.85629	0.0166017	147.068	0.851163	0
5.92358	0.016931	146.266	0.859018	0
5.98804	0.017047	147.853	0.848772	0
6.00175	0.0170435	146.349	0.868582	0
6.04903	0.0165578	145.297	0.829303	0
6.12812	0.0167096	146.182	0.863117	0
6.15231	0.0164673	144.144	0.831694	0
6.15372	0.0167629	144.294	0.840574	0
6.20452	0.0163922	144.227	0.852187	0
6.26174	0.0163417	143.275	0.829986	0
6.30652	0.0160043	142.356	0.84843	0
6.35114	0.0162243	142.072	0.849113	0
6.38322	0.0159009	141.47	0.837159	0
6.43876	0.0159796	143.993	0.835792	0
6.49364	0.0159709	140.952	0.840233	0
6.50767	0.0159753	140.735	0.860043	0
6.5226	0.0155138	140.301	0.837159	0
6.56595	0.0156866	142.79	0.841941	0
6.61007	0.0159342	139.131	0.854578	0
6.6184	0.0156188	140.267	0.839891	0
6.63425	0.0155514	139.916	0.836476	0
6.67084	0.0155337	139.699	0.843648	0
6.70653	0.015415	139.449	0.837159	0
6.72643	0.0149559	138.68	0.825546	0
6.74525	0.0153006	139.632	0.82418	0
6.77367	0.0149015	137.744	0.833402	0
6.77509	0.0151135	136.825	0.833402	0
6.79684	0.0147605	138.112	0.848772	0
6.81829	0.0150567	135.689	0.819739	0
6.80841	0.014943	135.756	0.838525	0
6.82827	0.014757	138.162	0.82657	0
6.861	0.0148906	136.642	0.860726	0
6.84671	0.0149978	135.973	0.843648	0
6.83602	0.0146292	134.219	0.856969	0
6.86103	0.0146099	136.224	0.851846	0
6.85408	0.0148206	134.871	0.844331	0
6.84934	0.0143966	133.5	0.847405	0
6.86993	0.0144245	133.617	0.850479	0
6.8745	0.014619	133.851	0.856628	0
6.86738	0.0145658	132.531	0.851163	0
6.85754	0.0144591	132.982	0.856286	0
6.84588	0.0144928	133.434	0.846722	0
6.84093	0.014111	132.448	0.842282	0
6.82671	0.013833	130.125	0.845015	0
6.8068	0.0143144	130.359	0.85492	0
6.7979	0.0142647	131.178	0.831352	0
6.78107	0.0139822	129.206	0.863459	0
6.73394	0.0135712	128.956	0.827595	0
6.71371	0.0139054	127.536	0.833743	0
6.72879	0.0132793	126.032	0.828961	0
6.70933	0.0134886	126.082	0.861751	0
6.65929	0.0134458	125.48	0.864142	0
6.65259	0.0137234	124.779	0.835451	0
6.62898	0.0136116	124.144	0.845698	0
6.58145	0.0132648	124.745	0.867899	0
6.57303	0.0130992	123.375	0.823496	0
6.56419	0.0131357	123.826	0.844673	0
6.52678	0.0133129	121.754	0.844673	0
6.5035	0.0131456	120.752	0.847064	0
6.47289	0.012751	120.501	0.848772	0
6.4247	0.0128224	118.296	0.850479	0
6.39571	0.0129465	118.129	0.848089	0
6.37085	0.0129082	117.978	0.857994	0
6.32969	0.0124071	117.694	0.835451	0
6.29398	0.0119327	115.673	0.851163	0
6.2454	0.0125788	114.403	0.844673	0
6.21064	0.0123633	114.62	0.875755	0
6.1875	0.0119867	113.35	0.857652	0
6.1457	0.0117289	110.994	0.869607	0
6.09246	0.0117362	110.627	0.857311	0
6.07186	0.0114145	110.677	0.848089	0
6.04129	0.0113431	107.953	0.848772	0
6.00173	0.0113295	108.972	0.858335	0
5.97226	0.0112236	105.447	0.867557	0
5.92815	0.0113037	106.232	0.8375	0
5.90032	0.0107538	105.146	0.825204	0
5.8642	0.0106149	102.807	0.85287	0
5.83297	0.0107588	101.253	0.846039	0
5.82046	0.0105102	101.721	0.835109	0
5.79905	0.010556	100.835	0.830328	0
5.782	0.0104134	98.8805	0.832377	0
5.77402	0.0104467	98.9474	0.850138	0
5.74433	0.0102235	97.0593	0.837159	0
5.71178	0.0101088	98.2623	0.846722	0
5.69689	0.00999818	96.6416	0.82862	0
5.66565	0.00998671	96.4244	0.836817	0
5.62744	0.0098916	92.6817	0.845015	0
5.61107	0.00971303	94.9541	0.863459	0
5.58445	0.00966091	93.6842	0.851846	0
5.54265	0.00953902	90.6266	0.839891	0
5.52002	0.00945902	91.4119	0.829644	0
5.50155	0.00926137	89.2231	0.852529	0
5.48341	0.00929081	89.2063	0.837842	0
5.46625	0.00913856	90.4428	0.836817	0
5.44345	0.00920097	87.3684	0.830669	0
5.41857	0.00910247	86.1821	0.828961	0
5.39238	0.00914879	85.2966	0.804369	0
5.37707	0.00891342	85.0794	0.840233	0
5.35468	0.00878462	82.8906	0.828278	0
5.31351	0.00862488	82.0217	0.820764	0
5.29648	0.00859374	81.32	0.831352	0
5.28353	0.00866709	80.0501	0.821105	0
5.25027	0.00859068	79.8663	0.8375	0
5.21468	0.00847048	77.6942	0.821447	0
5.19844	0.00841498	77.4937	0.815982	0
5.18824	0.00817804	75.7059	0.818373	0
5.1653	0.00806872	75.6391	0.81325	0
5.1417	0.00811211	74.4528	0.819056	0
5.12312	0.00817953	72.3977	0.832377	0
5.10023	0.00799523	71.2782	0.81769	0
5.08733	0.00780194	71.4453	0.834768	0
5.07138	0.00769803	70.6266	0.809493	0
5.04271	0.00738311	69.1395	0.78695	0
5.02413	0.00764689	68.1537	0.816665	0
5.01006	0.00751236	68.655	0.823155	0
4.9979	0.00729979	66.3659	0.805052	0
4.9738	0.00756937	65.5973	0.820081	0
4.94954	0.00722376	65.33	0.792073	0
4.93897	0.00708487	64.9624	0.817007	0
4.9279	0.00712643	62.5731	0.788657	0
4.91282	0.00715164	63.6759	0.779777	0
4.88241	0.00715621	60.2005	0.782168	0
4.85931	0.00690239	59.8997	0.78046	0
4.85527	0.00690076	60.2339	0.778411	0
4.83318	0.00674343	59.4486	0.798221	0
4.8119	0.00662376	57.9616	0.800954	0
4.81296	0.00669281	58.3793	0.796172	0
4.7989	0.0067607	56.9758	0.789682	0
4.77768	0.00668395	57.477	0.782168	0
4.77645	0.00642623	56.5915	0.785583	0
4.75955	0.00646858	55.188	0.784217	0
4.73196	0.00636812	53.2665	0.753819	0
4.72285	0.00627698	51.5789	0.740839	0
4.71303	0.00617711	52.8321	0.751769	0
4.6998	0.00594857	51.7293	0.744938	0
4.68064	0.00594545	51.2448	0.750061	0
4.66399	0.00586903	50.7101	0.749378	0
4.64986	0.00592343	48.1704	0.749037	0
4.63064	0.00577177	48.4043	0.756209	0
4.62808	0.00579522	47.3684	0.731959	0
4.6228	0.00567001	47.853	0.722395	0
4.60296	0.00566069	46.4996	0.748012	0
4.59525	0.00558753	46.1153	0.715223	0
4.58826	0.00542186	45.2799	0.723761	0
4.57655	0.00549144	43.4586	0.73879	0
4.57027	0.00541509	44.6951	0.729226	0
4.55391	0.00532942	42.4896	0.715564	0
4.53278	0.00520466	42.523	0.710441	0
4.52734	0.00535919	41.8713	0.718638	0
4.52293	0.00533144	40.6683	0.710441	0
4.51881	0.0051842	39.716	0.692338	0
4.51221	0.00527522	39.6992	0.684482	0
4.49516	0.0050528	40.3175	0.702926	0
4.4822	0.00493339	39.0977	0.674919	0
4.47234	0.00505541	38.3124	0.690289	0
4.46659	0.00501723	38.8638	0.688923	0
4.46295	0.00500648	38.0284	0.683458	0
4.45061	0.0049771	36.3074	0.672186	0
4.43679	0.00488186	36.3576	0.683799	0
4.43181	0.00486928	35.7728	0.667404	0
4.42556	0.0047272	35.5221	0.661598	0
4.41783	0.00466394	35.071	0.667063	0
4.4152	0.00472042	35.1211	0.674236	0
4.41042	0.00468928	35.1378	0.675602	0
4.39907	0.00478433	33.3668	0.663989	0
4.38667	0.00470896	33.0326	0.650668	0
4.37867	0.00453912	33.8346	0.66433	0
4.36935	0.00437456	31.1947	0.634956	0
4.3613	0.00434824	32.0969	0.650668	0
4.3606	0.00450016	32.0301	0.627101	0
4.35781	0.00439788	32.2807	0.640763	0
4.34236	0.00420166	31.2949	0.64008	0
4.33474	0.00434967	31.1612	0.643837	0
4.33675	0.00436824	30.2089	0.632907	0
4.32443	0.00427938	30.3592	0.633249	0
4.31835	0.00425488	29.0727	0.613438	0
4.32018	0.00433189	29.2231	0.621977	0
4.3125	0.00418726	28.7719	0.617537	0
4.29904	0.00409788	28.3375	0.616512	0
4.29255	0.00399364	27.4687	0.597043	0
4.29175	0.0041339	27.2515	0.608656	0
4.28217	0.0039453	26.8505	0.604558	0
4.27556	0.00400798	27.4854	0.611389	0
4.27222	0.00396407	25.731	0.598751	0
4.26022	0.0039298	24.1771	0.580307	0
4.25514	0.00391293	26.533	0.596702	0
4.25702	0.00384172	25.7978	0.590895	0
4.25591	0.00383807	26.249	0.59636	0
4.24342	0.00373683	24.1103	0.578258	0
4.23352	0.00377403	23.6591	0.57655	0
4.23764	0.00365664	25.731	0.595336	0
4.24021	0.00379182	24.1938	0.578941	0
4.2301	0.00375885	23.325	0.557764	0
4.22455	0.00367371	23.5255	0.569719	0
4.22287	0.00368113	23.0744	0.580307	0
4.21716	0.00368094	23.3083	0.574159	0
4.20547	0.00351045	22.1721	0.548201	0
4.19921	0.00355709	22.2222	0.54581	0
4.2012	0.00366595	22.3726	0.559814	0
4.19687	0.00363266	21.7711	0.556398	0
4.18838	0.00351488	21.4369	0.551616	0
4.18009	0.00352126	20.4845	0.535221	0
4.17415	0.00346719	20.518	0.538979	0
4.1735	0.00337585	20.8354	0.543419	0
4.1727	0.00336445	20.2005	0.52395	0
4.16387	0.00339703	19.1813	0.52395	0
4.16183	0.00336406	20.7853	0.55025	0
4.16239	0.00331435	19.1479	0.521901	0
4.15556	0.00335331	19.5322	0.532147	0
4.15021	0.00330641	18.3459	0.503798	0
4.14761	0.00328289	18.7135	0.524633	0
4.14392	0.00330224	18.8137	0.526341	0
4.14132	0.00328712	18.68	0.521901	0
4.14484	0.0032767	19.2314	0.50858	0
4.14394	0.0031965	19.1145	0.526682	0
4.13352	0.00327501	17.8613	0.520534	0
4.12724	0.0031922	17.7109	0.514728	0
4.12767	0.00325618	18.3626	0.527024	0
4.12281	0.00318517	17.4436	0.49765	0
4.11841	0.00316276	17.6107	0.520876	0
4.11745	0.00310706	17.7444	0.514728	0
4.11327	0.00308575	17.3935	0.51302	0
4.10975	0.00311846	16.1236	0.497992	0
4.1033	0.0030537	16.8755	0.492868	0
4.09685	0.00298601	16.792	0.501066	0
4.09513	0.00302627	15.3383	0.484329	0
4.09855	0.00306777	16.4411	0.493893	0
4.09824	0.00301253	16.274	0.487745	0
4.08892	0.00296979	15.6057	0.468959	0
4.08486	0.00287644	15.3718	0.465202	0
4.08777	0.00297455	16.391	0.490477	0
4.08651	0.00298582	16.6082	0.491502	0
4.0821	0.00297461	16.3743	0.484671	0
4.08003	0.00295852	15.7895	0.484329	0
4.07783	0.0028864	15.589	0.477157	0
4.07134	0.00295513	14.7536	0.461786	0
4.06878	0.00286373	15.2548	0.474083	0
4.0702	0.00288165	15.071	0.46691	0
4.06748	0.00289507	14.8037	0.470325	0
4.06401	0.00283305	14.5865	0.457346	0
4.06484	0.00285807	15.0543	0.471009	0
4.05972	0.00287598	13.6842	0.446758	0
4.05502	0.00280217	14.9541	0.471009	0
4.0513	0.00288679	13.9683	0.461445	0
4.04716	0.00276008	13.467	0.446075	0
4.05015	0.00290934	13.8847	0.448124	0
4.04823	0.00281943	13.7845	0.454955	0
4.04147	0.00279018	13.751	0.449149	0
4.03988	0.00278256	14.3191	0.467934	0
4.03878	0.00274484	12.6316	0.443342	0
4.03521	0.00276158	13.3166	0.452564	0
4.03721	0.00273416	13.7678	0.460762	0
4.03314	0.00273481	13.0493	0.450515	0
4.027	0.00273227	13.1495	0.453931	0
4.02619	0.00270849	12.7987	0.436853	0
4.02338	0.00259057	12.8321	0.435145	0
4.02319	0.0027122	13.0159	0.44949	0
4.02182	0.00265676	12.2807	0.426606	0
4.01496	0.00261435	12.7151	0.44061	0
4.0085	0.00258132	11.5121	0.424215	0
4.00346	0.00249279	11.5288	0.422507	0
3.99868	0.00247259	11.2448	0.410553	0
3.99612	0.0024122	10.6767	0.412261	0
3.99328	0.00241344	10.8772	0.413968	0
3.98966	0.00241617	11.1612	0.419433	0
3.98833	0.00242888	10.6433	0.399623	0
3.98854	0.00238862	10.4595	0.402014	0
3.98514	0.00238855	9.94152	0.399964	0
3.97972	0.00235357	9.85798	0.386985	0
3.97564	0.00228555	9.32331	0.386985	0
3.97226	0.00230751	9.32331	0.390401	0
3.96758	0.00222972	9.12281	0.380837	0
3.9654	0.00221148	9.45698	0.384936	0
3.96469	0.00223936	9.42356	0.38357	0
3.96084	0.00219637	8.13701	0.357611	0
3.95573	0.00216835	8.73851	0.367175	0
3.95586	0.00222594	8.88889	0.374348	0
3.95471	0.00222959	8.42105	0.376055	0
3.95142	0.0022221	8.05347	0.356587	0
3.94874	0.00217545	8.02005	0.356928	0
3.94824	0.0021619	8.07018	0.357611	0
3.94822	0.00209793	7.95322	0.351122	0
3.9476	0.00216269	7.95322	0.355903	0
3.94456	0.00201741	7.73601	0.350439	0
3.94386	0.00209773	8.00334	0.354196	0
3.9419	0.00205949	7.5188	0.343949	0
3.93718	0.002055	7.65246	0.354537	0
3.9357	0.00205917	7.05096	0.335752	0
3.93459	0.00198607	7.3183	0.34634	0
3.93207	0.0020604	7.21805	0.340875	0
3.92784	0.00204705	7.335	0.340192	0
3.92266	0.00199376	6.26566	0.319015	0
3.92265	0.0019393	7.05096	0.329945	0
3.92349	0.0019591	7.06767	0.337801	0
3.91902	0.00193428	5.98162	0.302962	0
3.91614	0.0018662	5.99833	0.312184	0
3.91814	0.0019105	6.49958	0.323797	0
3.91777	0.00188001	6.38262	0.315941	0
3.91685	0.00189767	6.39933	0.321406	0
3.91678	0.00191304	6.23225	0.307744	0
3.91454	0.00186848	6.34921	0.311501	0
3.91277	0.00187584	6.132	0.312867	0
3.9117	0.00188066	6.16541	0.311842	0
3.90886	0.00187161	6.16541	0.317991	0
3.90675	0.00187487	6.08187	0.309452	0
3.90587	0.0018677	5.99833	0.309452	0
3.90433	0.00190783	5.51378	0.30023	0
3.90439	0.00188737	6.23225	0.308427	0
3.90502	0.00180431	6.43275	0.314917	0
3.90321	0.00184138	5.79783	0.30023	0
3.902	0.00181571	5.48037	0.30023	0
3.90289	0.00186307	5.9315	0.30911	0
3.90161	0.00182112	5.76441	0.300571	0
3.90101	0.00180125	5.81454	0.304328	0
3.90052	0.00191871	5.78112	0.308085	0
3.89597	0.0018163	5.21303	0.2893	0
3.89423	0.00179799	5.84795	0.303987	0
3.89306	0.00175428	5.38012	0.29374	0
3.88997	0.00175688	5.27987	0.292374	0
3.89033	0.00180776	5.76441	0.303304	0
3.89041	0.00184386	5.68087	0.296814	0
3.88841	0.00177004	5.29657	0.287933	0
3.88996	0.00184001	5.84795	0.305694	0
3.88901	0.00176568	4.96241	0.283835	0
3.88422	0.00172887	5.12949	0.284518	0
3.88513	0.00170203	5.48037	0.296472	0
3.88754	0.00178946	5.26316	0.294081	0
3.88615	0.0017918	4.79532	0.27393	0
3.88246	0.00175923	4.7619	0.275296	0
3.8819	0.00169161	4.79532	0.279053	0
3.87896	0.00167252	4.99582	0.277345	0
3.87575	0.00168835	4.61153	0.274613	0
3.87423	0.00168464	4.41103	0.262658	0
3.87426	0.00172829	4.96241	0.283835	0
3.87222	0.00164021	4.47786	0.270514	0
3.87017	0.00169597	4.49457	0.268806	0
3.873	0.00170561	4.96241	0.276662	0
3.8718	0.0016761	4.59482	0.266074	0
3.86875	0.00163741	4.42774	0.271197	0
3.87018	0.00167793	4.89557	0.280078	0
3.86893	0.00158894	3.90977	0.248654	0
3.86871	0.001552	4.51128	0.261975	0
3.87194	0.00162216	4.34419	0.26095	0
3.87166	0.00165096	4.84545	0.286909	0
3.86732	0.00159571	3.84294	0.247971	0
3.86495	0.00164613	4.57811	0.27188	0
3.86467	0.00154555	4.26065	0.258901	0
3.86336	0.00161265	4.69507	0.277687	0
3.86281	0.00161083	4.26065	0.26744	0
3.86109	0.00164131	4.51128	0.268123	0
3.85934	0.00160444	4.21053	0.261975	0
3.85934	0.0016064	3.89307	0.253778	0
3.86118	0.00162529	4.49457	0.267781	0
3.86018	0.00154952	4.32749	0.258218	0
3.85785	0.00152796	3.85965	0.250362	0
3.8584	0.00161571	4.24394	0.264707	0
3.85945	0.0016118	4.41103	0.270856	0
3.85935	0.00162965	4.59482	0.271197	0
3.85614	0.00152001	4.29407	0.263	0
3.85567	0.00157128	4.5447	0.264707	0
3.85738	0.00161037	4.07686	0.251728	0
3.85277	0.00150451	3.9599	0.246605	0
3.84941	0.00157871	3.60902	0.244897	0
3.85304	0.00158516	3.80952	0.252411	0
3.8519	0.00157284	3.92648	0.248996	0
3.8489	0.00154613	4.22723	0.260267	0
3.85035	0.00156854	3.74269	0.245239	0
3.85217	0.00157376	3.97661	0.255827	0
3.85073	0.00153949	3.69256	0.243531	0
3.85082	0.00149415	3.59231	0.243189	0
3.85074	0.00154366	4.26065	0.261975	0
3.85285	0.00155578	4.27736	0.263341	0
3.85056	0.00156105	3.60902	0.241482	0
3.84609	0.00152314	3.59231	0.239774	0
3.84567	0.00146561	3.7594	0.24763	0
3.84602	0.00151858	3.74269	0.242848	0
3.84547	0.00151884	3.67586	0.248996	0
3.84364	0.00153682	4.04344	0.251045	0
3.84426	0.00155337	3.84294	0.253436	0
3.84491	0.00151819	4.19382	0.259243	0
3.84309	0.00153962	3.65915	0.240457	0
3.84207	0.00153897	4.1604	0.257193	0
3.84268	0.00158398	3.89307	0.259243	0
3.8415	0.00153154	3.99332	0.250704	0
3.84179	0.00151819	3.60902	0.242506	0
3.84109	0.00150692	3.65915	0.240457	0
3.84243	0.00156294	4.22723	0.264366	0
3.84201	0.0014974	3.57561	0.2367	0
3.8385	0.00148398	3.85965	0.248313	0
3.83502	0.00148483	3.69256	0.243531	0
3.83699	0.00148437	3.42523	0.239432	0
3.83958	0.00148034	3.85965	0.248313	0
3.83762	0.00152939	3.59231	0.238408	0
3.83598	0.00149819	4.04344	0.254461	0
3.83484	0.0014703	3.14119	0.227478	0
3.83319	0.00148861	3.59231	0.243189	0
3.83149	0.00146021	3.42523	0.237041	0
3.83147	0.00147538	3.42523	0.234992	0
3.83256	0.00146451	3.44194	0.238749	0
3.83322	0.00145213	3.47536	0.236358	0
3.83472	0.0014718	3.67586	0.24558	0
3.83456	0.00149271	3.44194	0.233967	0
3.83191	0.00146744	4.06015	0.252411	0
3.83055	0.00147929	3.40852	0.2367	0
3.82889	0.00146001	3.39181	0.233967	0
3.8287	0.00145473	3.07435	0.229185	0
3.82794	0.00142731	3.19131	0.228844	0
3.8296	0.00148118	3.67586	0.25002	0
3.8273	0.00146692	3.30827	0.234992	0
3.82483	0.00142809	3.32498	0.228161	0
3.82592	0.00140861	3.14119	0.228844	0
3.82655	0.00143408	3.52548	0.240115	0
3.82664	0.00144216	3.15789	0.227819	0
3.82528	0.00139682	3.12448	0.22577	0
3.82359	0.00139525	3.04094	0.220646	0
3.82769	0.00142464	3.49206	0.243872	0
3.82742	0.0014062	3.40852	0.234309	0
3.82501	0.00140646	3.00752	0.220646	0
3.82561	0.00142796	3.34169	0.23465	0
3.82486	0.00144522	3.14119	0.231235	0
3.82149	0.00141167	3.10777	0.224062	0
3.82148	0.00142398	3.45865	0.23465	0
3.8223	0.00144509	3.27485	0.231576	0
3.82072	0.0014004	3.45865	0.235675	0
3.82213	0.00144581	3.64244	0.244556	0
3.82326	0.00146711	3.74269	0.243872	0
3.82121	0.00143317	3.42523	0.234992	0
3.82062	0.00148327	3.3751	0.232259	0
3.82036	0.0014148	2.82373	0.219963	0
3.81816	0.00141135	2.99081	0.222696	0
3.81786	0.00140157	3.02423	0.222696	0
3.81796	0.00137643	3.20802	0.223379	0
3.81599	0.00133362	2.82373	0.21484	0
3.81463	0.00136346	2.92398	0.216889	0
3.81468	0.00136991	2.85714	0.215865	0
3.81572	0.00139252	3.04094	0.221671	0
3.81422	0.00136353	2.80702	0.215523	0
3.81489	0.00137278	2.7736	0.213132	0
3.81688	0.00141317	3.24144	0.231576	0
3.81395	0.00136105	2.75689	0.209717	0
3.81069	0.00130704	2.42272	0.199128	0
3.81272	0.00129375	2.62322	0.20391	0
3.81432	0.00133076	2.80702	0.215523	0
3.81165	0.00133812	2.55639	0.206984	0
3.81043	0.00133643	2.79031	0.211083	0
3.81134	0.0013662	2.65664	0.207667	0
3.80943	0.00127942	2.65664	0.209034	0
3.80703	0.00129584	2.33918	0.199128	0
3.8089	0.00130529	2.82373	0.212108	0
3.80792	0.00131564	2.80702	0.214157	0
3.80622	0.00131108	2.55639	0.202885	0
3.80577	0.00128144	2.72348	0.208692	0
3.80751	0.0013361	2.60652	0.210058	0
3.80672	0.00130079	2.47285	0.202544	0
3.80285	0.00127174	2.42272	0.197762	0
3.80515	0.00128073	2.23893	0.195371	0
3.80463	0.00126235	2.23893	0.192297	0
3.80316	0.00127792	2.5731	0.205959	0
3.80233	0.0012118	2.05514	0.18205	0
3.80009	0.00122027	1.85464	0.175219	0
3.80128	0.00121988	2.63993	0.206984	0
3.80171	0.00121571	1.95489	0.181026	0
3.79968	0.00121695	2.35589	0.195371	0
3.79939	0.00118353	2.15539	0.186149	0
3.80039	0.00120209	2.30576	0.196396	0
3.79812	0.00121388	1.93818	0.178635	0
3.79912	0.00126717	2.23893	0.193663	0
3.79764	0.00119981	1.82122	0.172145	0
3.79695	0.00120757	1.90476	0.180343	0
3.79804	0.00123695	1.85464	0.173511	0
3.79441	0.00114848	1.55388	0.161557	0
3.79271	0.00115011	1.60401	0.160532	0
3.79537	0.0011574	1.88805	0.174878	0
3.79577	0.00119629	1.68755	0.165997	0
3.79562	0.00123349	1.87135	0.178976	0
3.79651	0.00120209	2.03843	0.182734	0
3.79367	0.00115245	1.70426	0.168388	0
3.79273	0.00118379	1.85464	0.175219	0
3.79426	0.0011933	2.00501	0.180001	0
3.79216	0.00118235	1.7878	0.172145	0
3.79172	0.00118105	1.88805	0.178293	0
3.79291	0.00117897	1.7878	0.169071	0
3.78955	0.00108822	1.43693	0.154043	0
3.78888	0.00106756	1.35338	0.149602	0
3.79194	0.00113968	1.77109	0.169754	0
3.79105	0.00111349	1.48705	0.158141	0
3.78889	0.00114092	1.50376	0.157458	0
3.78992	0.00109792	1.82122	0.172145	0
3.79039	0.00110209	1.75439	0.167363	0
3.7885	0.00106059	1.43693	0.152335	0
3.7886	0.00108633	1.52047	0.164973	0
3.78835	0.00109167	1.45363	0.154726	0
3.7875	0.00113942	1.45363	0.156775	0
3.78769	0.00112287	1.55388	0.159849	0
3.78574	0.00110411	1.3868	0.149602	0
3.7828	0.00106268	1.42022	0.15131	0
3.784	0.00104893	1.35338	0.147895	0
3.78477	0.00103532	1.1863	0.138673	0
3.78402	0.00104196	1.31997	0.149944	0
3.78575	0.00105896	1.52047	0.156434	0
3.78643	0.00107714	1.55388	0.159849	0
3.78456	0.00103831	1.35338	0.147895	0
3.78542	0.00108496	1.47034	0.15575	0
3.78557	0.00108125	1.30326	0.145162	0
3.78435	0.0010561	1.37009	0.148578	0
3.78482	0.0010959	1.50376	0.155409	0
3.78314	0.00103799	1.25313	0.146187	0
3.78266	0.00107851	1.33668	0.150627	0
3.78414	0.00105662	1.48705	0.156434	0
3.78324	0.00106828	1.43693	0.15575	0
3.78068	0.00105818	1.28655	0.146187	0
3.78183	0.00106965	1.47034	0.160874	0
3.78295	0.00107571	1.50376	0.157458	0
3.78021	0.00102678	1.42022	0.15131	0
3.78087	0.00105564	1.35338	0.147895	0
3.78256	0.0010548	1.37009	0.152335	0
3.7824	0.00104926	1.30326	0.147212	0
3.78194	0.0010531	1.1863	0.140722	0
3.78188	0.00107649	1.33668	0.150627	0
3.78091	0.00102724	1.33668	0.150627	0
3.77968	0.00103753	1.10276	0.133891	0
3.7791	0.00102828	1.11947	0.134915	0
3.77924	0.00103102	1.20301	0.139697	0
3.77887	0.00100352	1.11947	0.134915	0
3.77693	0.0010118	1.33668	0.14687	0
3.77666	0.00101773	1.20301	0.139697	0
3.77786	0.00102496	1.31997	0.149944	0
3.77762	0.00103629	0.85213	0.12057	0
3.77767	0.00101936	1.11947	0.136965	0
3.77856	0.00100177	1.25313	0.14243	0
3.77779	0.00103851	1.48705	0.156434	0
3.77671	0.00102952	0.985798	0.131158	0
3.77754	0.0010561	1.25313	0.148236	0
3.77761	0.00102548	1.03592	0.131841	0
3.7758	0.00102444	1.23642	0.143454	0
3.77547	0.00100085	1.23642	0.141405	0
3.77541	0.000963329	1.06934	0.133891	0
3.77513	0.000998574	1.06934	0.133891	0
3.77678	0.000980463	1.08605	0.132866	0
3.77541	0.000987889	1.10276	0.133891	0
3.77445	0.00101564	1.26984	0.143454	0
3.77609	0.0010318	1.00251	0.127743	0
3.77471	0.00100405	1.26984	0.143454	0
3.77494	0.000975837	1.23642	0.145504	0
3.77653	0.0010316	1.1863	0.140722	0
3.77472	0.00096587	0.818713	0.118179	0
3.77203	0.000972775	0.868839	0.119204	0
3.77298	0.000967108	0.835422	0.116813	0
3.77376	0.000979746	0.935673	0.123644	0
3.77287	0.000996945	0.935673	0.128084	0
3.77387	0.00101317	1.21972	0.14243	0
3.77475	0.00101493	1.10276	0.133891	0
3.77406	0.000987889	1.00251	0.127743	0
3.77465	0.00104346	1.01921	0.131158	0
3.77389	0.00105212	1.25313	0.14243	0
3.77185	0.00100626	1.03592	0.134232	0
3.77186	0.000986065	0.952381	0.126718	0
3.7727	0.000992059	1.21972	0.140722	0
3.77343	0.00102222	0.902256	0.126035	0
3.77253	0.000989258	1.11947	0.136965	0
3.7732	0.00100437	1.10276	0.13594	0
3.77241	0.00101955	1.00251	0.130134	0
3.77263	0.000999486	1.1863	0.138673	0
3.77214	0.000976684	0.902256	0.121253	0
3.77158	0.000988997	0.935673	0.123644	0
3.77166	0.000963524	0.969089	0.130134	0
3.77121	0.000965153	0.885547	0.120228	0
3.77182	0.000978183	1.03592	0.129792	0
3.77206	0.0010331	1.33668	0.150627	0
3.77236	0.00101532	1.13617	0.13594	0
3.77013	0.000989714	0.902256	0.121253	0
3.77018	0.001003	1.25313	0.144479	0
3.77144	0.00104528	1.1863	0.138673	0
3.77072	0.00100079	0.985798	0.126718	0
3.76941	0.000958638	0.952381	0.126718	0
3.76927	0.000959876	0.935673	0.123644	0
3.76959	0.000981244	0.935673	0.125693	0
3.76885	0.000999551	0.935673	0.123644	0
3.76855	0.000965805	0.918964	0.129109	0
3.7693	0.000966521	0.902256	0.123644	0
3.77019	0.000968867	1.08605	0.132866	0
3.77021	0.00101362	1.10276	0.137989	0
3.7696	0.000979225	1.01921	0.131158	0
3.7684	0.000978769	1.05263	0.132866	0
3.76953	0.00096587	0.85213	0.12057	0
3.76868	0.000979029	1.10276	0.133891	0
3.76768	0.000931342	0.718463	0.108615	0
3.76804	0.000982157	0.952381	0.126718	0
3.76848	0.000931928	0.868839	0.121595	0
3.76714	0.000915902	0.835422	0.116813	0
3.76805	0.000952254	1.05263	0.130817	0
3.76996	0.000981635	1.16959	0.137648	0
3.7698	0.000958573	0.868839	0.119204	0
3.76766	0.000973492	0.985798	0.126718	0
3.76654	0.000936749	0.768588	0.112373	0
3.76646	0.000924567	0.768588	0.112373	0
3.7671	0.000945739	0.935673	0.123644	0
3.76769	0.000983329	0.768588	0.112373	0
3.767	0.000986847	0.918964	0.122619	0
3.76716	0.000951537	1.00251	0.127743	0
3.76624	0.000955642	0.868839	0.119204	0
3.7661	0.000936293	0.902256	0.121253	0
3.76509	0.000946195	0.868839	0.119204	0
3.76547	0.000931342	0.935673	0.123644	0
3.76681	0.000960788	0.952381	0.124669	0
3.7665	0.000931342	0.768588	0.112373	0
3.76682	0.000948606	1.00251	0.130134	0
3.76739	0.000985674	0.902256	0.121253	0
3.76619	0.0009617	0.885547	0.120228	0
3.76651	0.000975902	0.902256	0.121253	0
3.76626	0.000967238	0.85213	0.118179	0
3.76491	0.000965739	0.868839	0.119204	0
3.76574	0.000933166	0.85213	0.118179	0
3.76665	0.000952775	0.818713	0.115788	0
3.76665	0.000977727	0.918964	0.122619	0
3.76518	0.00095043	0.634921	0.102126	0
3.76419	0.000927107	0.718463	0.111006	0
3.76565	0.000961635	1.11947	0.134915	0
3.76526	0.000973166	0.802005	0.117154	0
3.7642	0.00095499	0.685046	0.106225	0
3.76429	0.000967564	0.835422	0.116813	0
3.76411	0.000950104	0.802005	0.114763	0
3.76447	0.000938247	0.735171	0.109982	0
3.76392	0.000913361	0.75188	0.113397	0
3.76355	0.000920723	0.634921	0.102126	0
3.76289	0.000961114	0.902256	0.121253	0
3.76295	0.000925609	0.868839	0.119204	0
3.76232	0.000889452	0.735171	0.109982	0
3.76322	0.000910886	0.668338	0.104858	0
3.76307	0.000902091	0.735171	0.109982	0
3.76417	0.000965805	0.85213	0.118179	0
3.76352	0.000928931	0.735171	0.109982	0
3.76445	0.000950234	1.03592	0.131841	0
3.76503	0.000940267	0.785297	0.113397	0
3.76336	0.000907563	0.634921	0.102126	0
3.76245	0.000922026	0.85213	0.118179	0
3.76436	0.000938117	0.85213	0.118179	0
3.76448	0.000913687	0.634921	0.104858	0
3.76392	0.000965739	0.868839	0.119204	0
3.76327	0.000901048	0.584795	0.0980272	0
3.76236	0.000929583	0.735171	0.112373	0
3.76235	0.000928671	0.718463	0.108615	0
3.76363	0.000956358	0.802005	0.114763	0
3.76397	0.000974143	0.935673	0.130134	0
3.76229	0.000942677	0.818713	0.115788	0
3.76116	0.000914273	0.668338	0.104858	0
3.76099	0.000905609	0.451128	0.0864142	0
3.76148	0.000917205	0.902256	0.121253	0
3.76404	0.000924501	0.952381	0.124669	0
3.76285	0.000936098	0.85213	0.118179	0
3.7622	0.000915511	0.651629	0.103492	0
3.76326	0.000929062	0.634921	0.102126	0
3.76237	0.000919615	0.768588	0.112373	0
3.76149	0.000919941	0.718463	0.111006	0
3.75986	0.000884827	0.584795	0.101101	0
3.76081	0.000903654	0.584795	0.0980272	0
3.76223	0.00095258	0.885547	0.120228	0
3.76226	0.000914143	0.785297	0.113397	0
3.76191	0.000944436	0.918964	0.122619	0
3.76177	0.000949127	0.668338	0.104858	0
3.76141	0.000945544	0.75188	0.111006	0
3.7623	0.000944762	0.935673	0.123644	0
3.76268	0.000900136	0.668338	0.104858	0
3.76191	0.00093271	0.835422	0.116813	0
3.76226	0.00093056	0.601504	0.0993934	0
3.76138	0.000895902	0.785297	0.113397	0
3.76071	0.000932449	0.685046	0.106225	0
3.76148	0.000897009	0.651629	0.103492	0
3.76162	0.000932905	0.685046	0.108615	0
3.76003	0.000882156	0.568087	0.0966609	0
3.75979	0.000895316	0.584795	0.0980272	0
3.76	0.000931472	0.768588	0.112373	0
3.76	0.000897075	0.634921	0.102126	0
3.75958	0.000884631	0.53467	0.0939285	0
3.76033	0.000891472	0.902256	0.123644	0
3.76071	0.000913361	0.802005	0.114763	0
3.75922	0.000898182	0.601504	0.0993934	0
3.7589	0.000857986	0.601504	0.0993934	0
3.76074	0.00088411	0.735171	0.109982	0
3.76156	0.000875511	0.584795	0.0980272	0
3.76175	0.000932775	0.935673	0.123644	0
3.76091	0.000945544	0.634921	0.102126	0
3.75871	0.000905739	0.651629	0.103492	0
3.75915	0.000906065	0.685046	0.108615	0
3.75962	0.000878964	0.568087	0.0966609	0
3.76009	0.000893361	0.668338	0.104858	0
3.76008	0.000914664	0.668338	0.104858	0
3.7593	0.000885283	0.634921	0.102126	0
3.7587	0.000880332	0.601504	0.102126	0
3.75942	0.00088828	0.601504	0.0993934	0
3.76019	0.00091043	0.718463	0.108615	0
3.76106	0.000953036	0.53467	0.0997349	0
3.76038	0.000926195	0.768588	0.112373	0
3.76046	0.00091955	0.75188	0.111006	0
3.76034	0.000919159	0.785297	0.115788	0
3.75954	0.000907042	0.802005	0.114763	0
3.7601	0.000919615	0.668338	0.104858	0
3.75948	0.000889973	0.501253	0.0908544	0
3.75846	0.000859941	0.618212	0.10076	0
3.75907	0.000862872	0.551378	0.0952947	0
3.75874	0.000889648	0.601504	0.0993934	0
3.75889	0.000876814	0.685046	0.108615	0
3.75908	0.000891732	0.634921	0.102126	0
3.75837	0.000865674	0.584795	0.0980272	0
3.75827	0.000894208	0.685046	0.106225	0
3.75914	0.000872775	0.601504	0.0993934	0
3.75846	0.000911342	0.501253	0.0939285	0
3.75839	0.000883785	0.651629	0.106225	0
3.75975	0.00093955	0.85213	0.12057	0
3.7597	0.000929518	0.668338	0.104858	0
3.75817	0.000882482	0.517962	0.0925622	0
3.75858	0.000920527	0.551378	0.0952947	0
3.75854	0.000899224	0.601504	0.0993934	0
3.75702	0.000885087	0.601504	0.0993934	0
3.75657	0.00086841	0.568087	0.0966609	0
3.75807	0.000898312	0.651629	0.106225	0
3.75858	0.000932645	0.668338	0.107591	0
3.75912	0.000940006	0.618212	0.10076	0
3.75981	0.00086639	0.551378	0.0983687	0
3.75879	0.000865999	0.417711	0.0829986	0
3.75772	0.000869061	0.484545	0.0894882	0
3.75795	0.000891732	0.584795	0.0980272	0
3.75867	0.000897531	0.517962	0.0925622	0
3.7596	0.000893947	0.75188	0.111006	0
3.75929	0.000891667	0.517962	0.0925622	0
3.75786	0.000881895	0.601504	0.0993934	0
3.75721	0.000835185	0.350877	0.0761674	0
3.75879	0.000890104	0.735171	0.109982	0
3.75871	0.000883589	0.668338	0.104858	0
3.75758	0.000893361	0.651629	0.103492	0
3.7573	0.000874925	0.668338	0.104858	0
3.75735	0.000866195	0.384294	0.0799246	0
3.7573	0.000866455	0.417711	0.0864142	0
3.75753	0.000892775	0.568087	0.0966609	0
3.75779	0.000872123	0.501253	0.0908544	0
3.75897	0.00089512	0.584795	0.0980272	0
3.75882	0.000884045	0.584795	0.0980272	0
3.75745	0.000876227	0.584795	0.0980272	0
3.75828	0.000882742	0.601504	0.0993934	0
3.75836	0.000910299	0.484545	0.0894882	0
3.75783	0.000904892	0.618212	0.10076	0
3.75773	0.000885804	0.668338	0.104858	0
3.75765	0.00085069	0.685046	0.106225	0
3.75797	0.000887693	0.668338	0.104858	0
3.75707	0.000876814	0.517962	0.0925622	0
3.75835	0.000876227	0.668338	0.104858	0
3.75811	0.000880723	0.551378	0.0952947	0
3.75668	0.000865087	0.517962	0.0925622	0
3.75663	0.000885283	0.618212	0.10076	0
3.75793	0.000860006	0.668338	0.104858	0
3.75751	0.00087512	0.484545	0.0925622	0
3.75717	0.000877661	0.601504	0.104858	0
3.75684	0.00087297	0.501253	0.0908544	0
3.75607	0.000878442	0.551378	0.0952947	0
3.75711	0.000869322	0.467836	0.0877804	0
3.75679	0.000871016	0.735171	0.109982	0
3.75697	0.000863524	0.53467	0.0939285	0
3.75632	0.000868996	0.434419	0.0847064	0
3.75628	0.000850299	0.467836	0.0877804	0
3.75734	0.000865674	0.618212	0.10076	0
3.75788	0.000857791	0.417711	0.0829986	0
3.75864	0.000878638	0.634921	0.104858	0
3.75831	0.000885543	0.53467	0.0939285	0
3.75715	0.000840006	0.434419	0.0847064	0
3.75629	0.00085727	0.451128	0.0894882	0
3.75715	0.000907628	0.551378	0.0952947	0
3.75771	0.000896293	0.601504	0.102126	0
3.7557	0.000838377	0.334169	0.0744596	0
3.75615	0.000834338	0.517962	0.0925622	0
3.75769	0.000865999	0.584795	0.101101	0
3.75703	0.000886065	0.551378	0.0952947	0
3.75615	0.000840006	0.484545	0.0894882	0
3.75772	0.000854468	0.568087	0.0966609	0
3.75884	0.000862025	0.668338	0.107591	0
3.75731	0.000864566	0.584795	0.0980272	0
3.75638	0.000841048	0.401003	0.0812908	0
3.7577	0.000859745	0.467836	0.0877804	0
3.75737	0.000874468	0.517962	0.0925622	0
3.75638	0.000851732	0.434419	0.0847064	0
3.75681	0.000857791	0.451128	0.0864142	0
3.75692	0.000871602	0.484545	0.0894882	0
3.756	0.000853361	0.367586	0.0778752	0
3.75572	0.000860266	0.417711	0.0829986	0
3.7559	0.000856488	0.467836	0.0877804	0
3.75705	0.000849061	0.401003	0.0812908	0
3.75623	0.000860918	0.451128	0.0864142	0
3.7563	0.000845934	0.451128	0.0864142	0
3.75854	0.000886586	0.835422	0.116813	0
3.75818	0.000861309	0.401003	0.0812908	0
3.75642	0.000872579	0.501253	0.0908544	0
3.75653	0.000829908	0.434419	0.0847064	0
3.75773	0.000829191	0.384294	0.0799246	0
3.75757	0.000843263	0.551378	0.0952947	0
3.75666	0.000812774	0.451128	0.0864142	0
3.75753	0.000845739	0.584795	0.0980272	0
3.75703	0.000849517	0.350877	0.0761674	0
3.75667	0.000878442	0.651629	0.103492	0
3.75651	0.000867563	0.568087	0.0966609	0
3.75631	0.000870951	0.467836	0.091196	0
3.75529	0.000840331	0.334169	0.0782168	0
3.75657	0.000860527	0.501253	0.0908544	0
3.75591	0.000851862	0.484545	0.0925622	0
3.75738	0.000860462	0.53467	0.0939285	0
3.75714	0.000845869	0.417711	0.0829986	0
3.757	0.000836488	0.384294	0.0799246	0
3.75712	0.000824957	0.618212	0.10076	0
3.75711	0.000837009	0.300752	0.0707025	0
3.75611	0.000806846	0.517962	0.0925622	0
3.75649	0.000816032	0.284043	0.0686532	0
3.75655	0.000846976	0.517962	0.0925622	0
3.756	0.000841504	0.417711	0.0829986	0
3.7552	0.000811927	0.501253	0.0908544	0
3.75677	0.00085525	0.501253	0.0908544	0
3.75826	0.000883198	0.501253	0.0939285	0
3.75679	0.000848084	0.484545	0.0894882	0
3.75629	0.00082841	0.484545	0.0894882	0
3.75635	0.000840983	0.350877	0.0761674	0
3.7557	0.00080639	0.434419	0.0847064	0
3.75697	0.000828735	0.484545	0.0894882	0
3.75679	0.000825152	0.434419	0.0847064	0
3.75608	0.000848931	0.417711	0.0829986	0
3.75675	0.000865804	0.634921	0.102126	0
3.75642	0.000866455	0.568087	0.0966609	0
3.75642	0.000839289	0.31746	0.0724103	0
3.7562	0.000825869	0.484545	0.0894882	0
3.75638	0.000883263	0.467836	0.0877804	0
3.75633	0.000849126	0.350877	0.0761674	0
3.75664	0.000815445	0.417711	0.0829986	0
3.75597	0.00082854	0.451128	0.0864142	0
3.75655	0.000835836	0.417711	0.0829986	0
3.75676	0.000823067	0.284043	0.0727519	0
3.75517	0.000799224	0.284043	0.0686532	0
3.75636	0.000831993	0.401003	0.0812908	0
3.75695	0.000849647	0.401003	0.0812908	0
3.75599	0.000801308	0.31746	0.0724103	0
3.7569	0.000848931	0.484545	0.0894882	0
3.75772	0.00088411	0.568087	0.0966609	0
3.75765	0.000883133	0.53467	0.0939285	0
3.75607	0.000831537	0.267335	0.0666038	0
3.75526	0.000842156	0.417711	0.0829986	0
3.75657	0.000821765	0.350877	0.0761674	0
3.75646	0.000825934	0.417711	0.0864142	0
3.75579	0.000833035	0.401003	0.0812908	0
3.75727	0.000854794	0.551378	0.0952947	0
3.75753	0.000861048	0.568087	0.0966609	0
3.75644	0.0008374	0.417711	0.0829986	0
3.75725	0.000798637	0.334169	0.0744596	0
3.75681	0.000848996	0.401003	0.0812908	0
3.75617	0.000838572	0.350877	0.0761674	0
3.75609	0.000848279	0.618212	0.10076	0
3.75562	0.000834142	0.484545	0.0894882	0
3.75626	0.000879876	0.401003	0.0812908	0
3.75631	0.000797139	0.434419	0.0847064	0
3.75642	0.000824826	0.501253	0.0908544	0
3.75787	0.000835641	0.501253	0.0908544	0
3.75684	0.000829126	0.31746	0.0724103	0
3.75601	0.000824892	0.417711	0.0829986	0
3.75619	0.0008417	0.484545	0.0894882	0
3.75704	0.000816748	0.367586	0.0778752	0
3.75776	0.000830103	0.434419	0.0847064	0
3.7575	0.000822807	0.384294	0.0833402	0
3.75687	0.00079323	0.434419	0.0847064	0
3.75695	0.000844827	0.401003	0.0812908	0
3.75787	0.000839875	0.467836	0.091196	0
3.75732	0.000824761	0.434419	0.0847064	0
3.75604	0.00086385	0.451128	0.0894882	0
3.75669	0.000860136	0.451128	0.0864142	0
3.75613	0.000833817	0.417711	0.0829986	0
3.75642	0.000816292	0.334169	0.0744596	0
3.75564	0.00080639	0.200501	0.0577233	0
3.75643	0.000818833	0.484545	0.0894882	0
3.75785	0.000834599	0.434419	0.0847064	0
3.75776	0.000874599	0.401003	0.0812908	0
3.75764	0.000795836	0.367586	0.0778752	0
3.75711	0.000775445	0.334169	0.0744596	0
3.75695	0.000834077	0.401003	0.0812908	0
3.75626	0.000815445	0.250627	0.0686532	0
3.75587	0.000816097	0.350877	0.0761674	0
3.75657	0.000803067	0.250627	0.0645545	0
3.75679	0.000812058	0.451128	0.0864142	0
3.75614	0.000821569	0.384294	0.0799246	0
3.75667	0.000832318	0.434419	0.0847064	0
3.75695	0.00082626	0.367586	0.0778752	0
3.75691	0.000810755	0.31746	0.0724103	0
3.75752	0.0008131	0.334169	0.0744596	0
3.7588	0.000852579	0.334169	0.0744596	0
3.75763	0.000824566	0.384294	0.0799246	0
3.75808	0.000819615	0.417711	0.0864142	0
3.75792	0.000828931	0.284043	0.0686532	0
3.75754	0.000816357	0.467836	0.0877804	0
3.75662	0.000814142	0.334169	0.0744596	0
3.7568	0.000830494	0.451128	0.0864142	0
3.75796	0.000847889	0.434419	0.0847064	0
3.75818	0.00085538	0.517962	0.0952947	0
3.75803	0.000821765	0.350877	0.0761674	0
3.75717	0.000835901	0.300752	0.0707025	0
3.75669	0.000826325	0.250627	0.0645545	0
3.75614	0.000799419	0.300752	0.0707025	0
3.7568	0.000822677	0.284043	0.0686532	0
3.75716	0.000832774	0.284043	0.0686532	0
3.75752	0.000819484	0.384294	0.0833402	0
3.75745	0.000843393	0.467836	0.0877804	0
3.75649	0.000803914	0.284043	0.0686532	0
3.75789	0.000827693	0.434419	0.0847064	0
3.75735	0.000816032	0.367586	0.0778752	0
3.75624	0.000812514	0.233918	0.0625051	0
3.75675	0.000795901	0.350877	0.0761674	0
3.75695	0.000787497	0.334169	0.0744596	0
3.75739	0.000814142	0.31746	0.0724103	0
3.75787	0.000805608	0.384294	0.0799246	0
3.75781	0.000813165	0.384294	0.0799246	0
3.75831	0.000796944	0.334169	0.0744596	0
3.75829	0.000790885	0.367586	0.0778752	0
3.75798	0.000787888	0.267335	0.0666038	0
3.75833	0.00081551	0.267335	0.0666038	0
3.75829	0.000821699	0.267335	0.0666038	0
3.75768	0.000817009	0.284043	0.0686532	0
3.75767	0.000826195	0.31746	0.0724103	0
3.75792	0.000836488	0.367586	0.0778752	0
3.75704	0.000811146	0.417711	0.0829986	0
3.75712	0.000781243	0.233918	0.0625051	0
3.75676	0.000817139	0.300752	0.0707025	0
3.75787	0.000819875	0.350877	0.0799246	0
3.75741	0.000788605	0.300752	0.0707025	0
3.75723	0.000818247	0.334169	0.0744596	0
3.75878	0.000798833	0.350877	0.0799246	0
3.75855	0.000788214	0.250627	0.0645545	0
3.75774	0.000776422	0.334169	0.0744596	0
3.75852	0.000815706	0.350877	0.0761674	0
3.75871	0.000803784	0.250627	0.0645545	0
3.75847	0.000811015	0.484545	0.0925622	0
3.76044	0.000835576	0.451128	0.0864142	0
3.75859	0.000831015	0.31746	0.0724103	0
3.75713	0.000786846	0.150376	0.050209	0
3.75843	0.000776487	0.367586	0.0778752	0
3.75931	0.000797595	0.31746	0.0724103	0
3.75811	0.000792058	0.284043	0.0686532	0
3.75856	0.000797595	0.417711	0.0864142	0
3.75993	0.000821699	0.384294	0.0799246	0
3.75922	0.000823458	0.350877	0.0761674	0
3.75799	0.000778116	0.21721	0.0601142	0
3.75832	0.000777986	0.250627	0.0645545	0
3.7584	0.000817139	0.284043	0.0686532	0
3.75863	0.000803719	0.31746	0.0724103	0
3.75896	0.00082411	0.350877	0.0761674	0
3.75889	0.000799745	0.284043	0.0686532	0
3.75864	0.000804501	0.300752	0.0707025	0
3.7588	0.00079525	0.267335	0.0666038	0
3.75832	0.000782481	0.367586	0.0816324	0
3.75732	0.000805478	0.334169	0.0744596	0
3.75924	0.000808084	0.401003	0.0812908	0
3.75849	0.000808931	0.250627	0.0645545	0
3.75676	0.000801504	0.267335	0.0666038	0
3.76027	0.000820918	0.467836	0.091196	0
3.76102	0.000798637	0.267335	0.0666038	0
3.7591	0.000810234	0.250627	0.0645545	0
3.75988	0.000803719	0.31746	0.0724103	0
3.75884	0.000792188	0.31746	0.0724103	0
3.75878	0.000782807	0.284043	0.0686532	0
3.75939	0.000794273	0.384294	0.0799246	0
3.7599	0.000816292	0.384294	0.0799246	0
3.75932	0.000831797	0.434419	0.0847064	0
3.76051	0.000805543	0.417711	0.0829986	0
3.76013	0.000790755	0.334169	0.0744596	0
3.75947	0.000815836	0.21721	0.0601142	0
3.75986	0.000793947	0.250627	0.0645545	0
3.75957	0.000807563	0.451128	0.0864142	0
3.75948	0.000822481	0.350877	0.0799246	0
3.75991	0.000811927	0.200501	0.0577233	0
3.7591	0.000796097	0.284043	0.0686532	0
3.75968	0.000800266	0.367586	0.0816324	0
3.75969	0.000814664	0.284043	0.0686532	0
3.75885	0.000802416	0.401003	0.0812908	0
3.75854	0.000818768	0.350877	0.0761674	0
3.75947	0.000803328	0.350877	0.0761674	0
3.75948	0.000834012	0.267335	0.0666038	0
3.75979	0.000807041	0.467836	0.0877804	0
3.75975	0.000802807	0.284043	0.0686532	0
3.75913	0.000787628	0.267335	0.0666038	0
3.75957	0.000798572	0.233918	0.0625051	0
3.76024	0.000785934	0.284043	0.0686532	0
3.76065	0.000795185	0.284043	0.0686532	0
3.7607	0.00081512	0.401003	0.0812908	0
3.76113	0.000804045	0.300752	0.0707025	0
3.7608	0.00077981	0.300752	0.0707025	0
3.76118	0.00079336	0.284043	0.0686532	0
3.76035	0.000789452	0.167084	0.0525999	0
3.75908	0.000801764	0.284043	0.0727519	0
3.76022	0.000798507	0.233918	0.0625051	0
3.76086	0.000794598	0.200501	0.0577233	0
3.76055	0.000785152	0.200501	0.0577233	0
3.7602	0.000780136	0.21721	0.0601142	0
3.75972	0.000778442	0.200501	0.0625051	0
3.75915	0.000794468	0.150376	0.050209	0
3.76052	0.000778442	0.250627	0.0645545	0
3.76033	0.000773165	0.250627	0.0645545	0
3.76111	0.000801569	0.31746	0.0724103	0
3.76044	0.000781829	0.200501	0.0577233	0
3.76111	0.000784956	0.334169	0.0744596	0
3.76083	0.000821439	0.31746	0.0724103	0
3.75989	0.000806325	0.284043	0.0686532	0
3.75946	0.000780657	0.233918	0.0625051	0
3.7594	0.000752578	0.284043	0.0686532	0
3.76035	0.000802937	0.267335	0.0666038	0
3.76044	0.000829061	0.417711	0.0829986	0
3.7605	0.000791341	0.183793	0.0553324	0
3.76118	0.000794077	0.250627	0.0645545	0
3.76127	0.00082411	0.31746	0.0724103	0
3.76057	0.000783784	0.334169	0.0744596	0
3.76156	0.000793491	0.350877	0.0761674	0
3.76246	0.000808865	0.334169	0.0744596	0
3.76164	0.000786064	0.21721	0.0601142	0
3.76134	0.000787888	0.367586	0.0778752	0
3.76169	0.000801764	0.233918	0.0625051	0
3.76008	0.000777334	0.250627	0.0645545	0
3.76077	0.000774207	0.200501	0.0577233	0
3.76172	0.000782872	0.250627	0.0645545	0
3.7611	0.000803719	0.384294	0.0799246	0
3.76064	0.000763067	0.21721	0.0601142	0
3.76079	0.000776878	0.284043	0.0686532	0
3.7612	0.000787237	0.267335	0.0666038	0
3.76131	0.000764891	0.200501	0.0577233	0
3.76196	0.000766324	0.21721	0.0601142	0
3.7629	0.000780461	0.233918	0.0625051	0
3.76295	0.000781634	0.233918	0.0625051	0
3.76236	0.000800852	0.417711	0.0864142	0
3.76285	0.000802481	0.284043	0.0686532	0
3.76224	0.000785608	0.267335	0.0666038	0
3.76266	0.000787171	0.267335	0.0666038	0
3.76242	0.000789908	0.183793	0.0553324	0
3.76192	0.000777465	0.267335	0.0666038	0
3.76193	0.000804175	0.350877	0.0761674	0
3.76314	0.000799289	0.367586	0.0778752	0
3.76335	0.000788605	0.350877	0.0761674	0
3.76275	0.000821699	0.233918	0.0625051	0
3.76192	0.000758116	0.167084	0.0525999	0
3.76189	0.000793165	0.200501	0.0577233	0
3.76255	0.000769451	0.284043	0.0686532	0
3.76281	0.000782937	0.284043	0.0686532	0
3.7629	0.000767497	0.267335	0.0666038	0
3.76347	0.000783198	0.284043	0.0686532	0
3.76286	0.000785738	0.284043	0.0686532	0
3.76185	0.000813295	0.250627	0.0645545	0
3.76311	0.000779028	0.200501	0.0577233	0
3.76256	0.000785673	0.367586	0.0778752	0
3.7626	0.00079538	0.284043	0.0686532	0
3.7625	0.000799224	0.334169	0.0744596	0
3.76228	0.000762611	0.21721	0.0601142	0
3.76226	0.000767693	0.233918	0.0625051	0
3.76302	0.000774338	0.300752	0.0707025	0
3.76364	0.000780852	0.183793	0.0553324	0
3.76368	0.000784761	0.284043	0.0686532	0
3.76272	0.000783458	0.284043	0.0686532	0
3.76342	0.000812188	0.367586	0.0778752	0
3.76478	0.000782155	0.233918	0.0666038	0
3.7639	0.000827628	0.367586	0.0778752	0
3.76359	0.000796683	0.150376	0.050209	0
3.7634	0.000775966	0.300752	0.0707025	0
3.76433	0.000761178	0.150376	0.050209	0
3.76481	0.000782481	0.367586	0.0778752	0
3.76495	0.00078867	0.21721	0.0645545	0
3.76468	0.000834859	0.401003	0.0812908	0
3.76367	0.000805087	0.233918	0.0625051	0
3.76392	0.00078867	0.167084	0.0525999	0
3.7635	0.00077082	0.250627	0.0645545	0
3.76415	0.000769451	0.233918	0.0625051	0
3.76378	0.000794403	0.100251	0.040987	0
3.76411	0.00076007	0.267335	0.0666038	0
3.76445	0.000777074	0.150376	0.050209	0
3.76514	0.000778181	0.284043	0.0686532	0
3.76378	0.000774207	0.233918	0.0625051	0
3.76355	0.000772318	0.200501	0.0577233	0
3.76452	0.000777465	0.167084	0.0525999	0
3.76342	0.000755184	0.116959	0.044061	0
3.76329	0.000787758	0.21721	0.0601142	0
3.76513	0.000789061	0.267335	0.0666038	0
3.76416	0.000778768	0.183793	0.0553324	0
3.7629	0.000765868	0.133668	0.047135	0
3.76522	0.000785022	0.250627	0.0645545	0
3.76537	0.000776487	0.183793	0.0553324	0
3.76401	0.000761829	0.183793	0.0553324	0
3.76424	0.000772253	0.21721	0.0645545	0
3.76432	0.000752188	0.116959	0.044061	0
3.76341	0.000744109	0.183793	0.0553324	0
3.76441	0.000767367	0.167084	0.0525999	0
3.76444	0.00077564	0.116959	0.044061	0
3.76433	0.000759745	0.250627	0.0645545	0
3.76485	0.000780657	0.167084	0.0525999	0
3.76442	0.000765543	0.233918	0.0625051	0
3.76539	0.000753816	0.233918	0.0625051	0
3.76538	0.00077108	0.21721	0.0645545	0
3.76521	0.00076209	0.250627	0.0645545	0
3.76601	0.000780787	0.233918	0.0625051	0
3.76581	0.000784175	0.300752	0.0707025	0
3.76655	0.000768735	0.250627	0.0686532	0
3.76586	0.000743458	0.116959	0.044061	0
3.76521	0.000768605	0.250627	0.0645545	0
3.76518	0.000760135	0.150376	0.050209	0
3.76565	0.000764044	0.233918	0.0625051	0
3.76461	0.000740005	0.200501	0.0577233	0
3.76493	0.000746389	0.167084	0.0525999	0
3.76568	0.000778507	0.21721	0.0601142	0
3.76601	0.00075994	0.150376	0.050209	0
3.76618	0.0007974	0.401003	0.0812908	0
3.76614	0.000769777	0.200501	0.0577233	0
3.76585	0.000794142	0.350877	0.0761674	0
3.76516	0.000772644	0.183793	0.0553324	0
3.76469	0.00075792	0.133668	0.047135	0
3.76605	0.000785608	0.250627	0.0645545	0
3.76598	0.000770038	0.116959	0.044061	0
3.76476	0.000767106	0.0835422	0.0372298	0
3.76596	0.000778246	0.334169	0.0744596	0
3.7677	0.000775966	0.31746	0.0724103	0
3.76615	0.000778572	0.200501	0.0577233	0
3.76649	0.000758116	0.133668	0.047135	0
3.76721	0.000756487	0.133668	0.047135	0
3.76694	0.000768474	0.21721	0.0601142	0
3.76614	0.00075981	0.233918	0.0625051	0
3.76527	0.000772969	0.150376	0.050209	0
3.76561	0.000787237	0.200501	0.0577233	0
3.76718	0.00078222	0.150376	0.050209	0
3.76662	0.00075323	0.200501	0.0577233	0
3.76665	0.000780852	0.300752	0.0744596	0
3.76731	0.000773295	0.167084	0.0525999	0
3.76703	0.000763197	0.183793	0.0553324	0
3.76642	0.000743914	0.250627	0.0645545	0
3.76768	0.000761048	0.183793	0.0553324	0
3.76772	0.000739744	0.200501	0.0577233	0
3.76727	0.000760135	0.233918	0.0625051	0
3.76743	0.000773881	0.21721	0.0601142	0
3.76616	0.000751601	0.150376	0.050209	0
3.76677	0.000731862	0.100251	0.040987	0
3.76717	0.000774794	0.267335	0.0666038	0
3.767	0.000767953	0.233918	0.0625051	0
3.76689	0.000741373	0.150376	0.050209	0
3.76862	0.000770494	0.267335	0.0666038	0
3.7687	0.000798833	0.21721	0.0601142	0
3.76659	0.00077538	0.250627	0.0645545	0
3.76695	0.000770298	0.133668	0.047135	0
3.76832	0.000777921	0.200501	0.0577233	0
3.7673	0.000771536	0.233918	0.0625051	0
3.76807	0.000748279	0.200501	0.0577233	0
3.76788	0.000752709	0.150376	0.050209	0
3.76807	0.000743718	0.183793	0.0553324	0
3.76852	0.000776878	0.200501	0.0577233	0
3.76829	0.000744109	0.150376	0.050209	0
3.76679	0.000752057	0.21721	0.0601142	0
3.76748	0.000764761	0.133668	0.047135	0
3.76808	0.000780266	0.267335	0.0666038	0
3.76725	0.000775575	0.183793	0.0553324	0
3.76874	0.000781634	0.267335	0.0666038	0
3.76831	0.000777074	0.183793	0.0553324	0
3.76764	0.000763328	0.183793	0.0553324	0
3.76795	0.000790559	0.233918	0.0625051	0
3.76922	0.000774728	0.233918	0.0625051	0
3.76811	0.000790755	0.250627	0.0645545	0
3.76825	0.000763588	0.150376	0.050209	0
3.76963	0.000793295	0.200501	0.0577233	0
3.76885	0.000761699	0.133668	0.047135	0
3.76886	0.000744956	0.150376	0.050209	0
3.76948	0.000767367	0.167084	0.0525999	0
3.76921	0.000769842	0.183793	0.0553324	0
3.76993	0.000763067	0.284043	0.0686532	0
3.76942	0.000757074	0.150376	0.050209	0
3.76988	0.000733946	0.100251	0.040987	0
3.77003	0.000767432	0.267335	0.0666038	0
3.77027	0.000745477	0.116959	0.044061	0
3.76932	0.000760722	0.250627	0.0645545	0
3.76892	0.000760005	0.183793	0.0553324	0
3.76929	0.00075323	0.200501	0.0577233	0
3.76922	0.000765217	0.300752	0.0707025	0
3.7687	0.000795706	0.21721	0.0601142	0
3.76867	0.000753295	0.167084	0.0525999	0
3.76822	0.000764891	0.250627	0.0645545	0
3.76931	0.000778507	0.167084	0.0525999	0
3.77079	0.000774207	0.267335	0.0666038	0
3.7696	0.000802742	0.250627	0.0645545	0
3.76956	0.000753165	0.183793	0.0553324	0
3.76982	0.0007645	0.133668	0.047135	0
3.77038	0.000762481	0.267335	0.0666038	0
3.77016	0.000766715	0.167084	0.0525999	0
3.77025	0.000792188	0.284043	0.0686532	0
3.77078	0.000773035	0.267335	0.0666038	0
3.77145	0.000782155	0.267335	0.0707025	0
3.77151	0.000771601	0.200501	0.0577233	0
3.77077	0.000758637	0.233918	0.0625051	0
3.77063	0.000763979	0.21721	0.0601142	0
3.7704	0.000743523	0.116959	0.044061	0
3.77151	0.000737985	0.167084	0.0525999	0
3.77162	0.000747171	0.233918	0.0625051	0
3.77054	0.000753621	0.0835422	0.0372298	0
3.77165	0.000740722	0.167084	0.0525999	0
3.77113	0.000731731	0.133668	0.047135	0
3.77057	0.000743393	0.0835422	0.0372298	0
3.77092	0.000748474	0.183793	0.0553324	0
3.77058	0.000762741	0.183793	0.0553324	0
3.77133	0.000761178	0.167084	0.0525999	0
3.77149	0.000758051	0.183793	0.0553324	0
3.77219	0.000736227	0.21721	0.0601142	0
3.77226	0.000753165	0.133668	0.047135	0
3.77206	0.000769061	0.183793	0.0553324	0
3.7719	0.000760657	0.233918	0.0625051	0
3.77114	0.00075981	0.167084	0.0525999	0
3.77163	0.000749256	0.167084	0.0525999	0
3.77194	0.000763719	0.100251	0.040987	0
3.77203	0.000737008	0.150376	0.050209	0
3.77229	0.000767497	0.183793	0.0553324	0
3.77195	0.000775966	0.233918	0.0625051	0
3.77289	0.000752057	0.267335	0.0666038	0
3.77259	0.000751536	0.150376	0.050209	0
3.77153	0.000748018	0.21721	0.0601142	0
3.77256	0.000731145	0.167084	0.0525999	0
3.77225	0.000767367	0.21721	0.0601142	0
3.77197	0.000762676	0.284043	0.0686532	0
3.77308	0.00077538	0.167084	0.0525999	0
3.77223	0.000747171	0.116959	0.044061	0
3.77322	0.000772709	0.300752	0.0707025	0
3.77345	0.000769517	0.233918	0.0625051	0
3.77236	0.000758963	0.21721	0.0601142	0
3.7726	0.000757399	0.150376	0.050209	0
3.77355	0.000739354	0.133668	0.047135	0
3.77302	0.000763523	0.183793	0.0553324	0
3.77268	0.000766194	0.167084	0.0525999	0
3.77223	0.00074222	0.167084	0.0525999	0
3.77346	0.000754207	0.150376	0.050209	0
3.77322	0.000758898	0.183793	0.0553324	0
3.77341	0.000765021	0.0668338	0.0334727	0
3.77348	0.00075323	0.183793	0.0553324	0
3.77325	0.000743002	0.150376	0.050209	0
3.77372	0.000766194	0.284043	0.0686532	0
3.77451	0.000773751	0.116959	0.044061	0
3.77375	0.00074652	0.116959	0.044061	0
3.7745	0.00076424	0.21721	0.0601142	0
3.77397	0.000759549	0.183793	0.0553324	0
3.77377	0.000735901	0.21721	0.0601142	0
3.77412	0.000780005	0.183793	0.0553324	0
3.77407	0.000760396	0.250627	0.0645545	0
3.77334	0.000748604	0.0835422	0.0372298	0
3.77355	0.000751471	0.167084	0.0525999	0
3.77396	0.000777009	0.21721	0.0601142	0
3.77385	0.000742741	0.116959	0.044061	0
3.77439	0.000742025	0.167084	0.0525999	0
3.77406	0.000747497	0.200501	0.0577233	0
3.77352	0.000731992	0.233918	0.0625051	0
3.77355	0.000730233	0.133668	0.047135	0
3.77315	0.000727692	0.150376	0.050209	0
3.77382	0.000723458	0.167084	0.0525999	0
3.77421	0.000728018	0.21721	0.0601142	0
3.77462	0.000743523	0.133668	0.047135	0
3.77456	0.000741829	0.133668	0.047135	0
3.77466	0.000746129	0.116959	0.044061	0
3.77322	0.000736617	0.100251	0.040987	0
3.77364	0.000720722	0.133668	0.047135	0
3.77398	0.000733881	0.0668338	0.0334727	0
3.77487	0.000740591	0.133668	0.047135	0
3.77521	0.00072235	0.183793	0.0553324	0
3.77545	0.000747888	0.183793	0.0553324	0
3.77545	0.00074222	0.150376	0.050209	0
3.77536	0.000752513	0.200501	0.0577233	0
3.77474	0.000745673	0.167084	0.0525999	0
3.77561	0.000739549	0.150376	0.050209	0
3.77501	0.000739484	0.133668	0.047135	0
3.77538	0.000744696	0.183793	0.0553324	0
3.77584	0.000753686	0.150376	0.050209	0
3.77632	0.000765282	0.300752	0.0707025	0
3.77626	0.000754663	0.116959	0.044061	0
3.77578	0.000765868	0.183793	0.0553324	0
3.77718	0.00079297	0.284043	0.0686532	0
3.7768	0.00075349	0.100251	0.040987	0
3.77518	0.000753816	0.167084	0.0525999	0
3.77679	0.000744174	0.183793	0.0553324	0
3.77589	0.000729972	0.0835422	0.0372298	0
3.77596	0.000746911	0.31746	0.0724103	0
3.77676	0.000770168	0.250627	0.0645545	0
3.77623	0.000751536	0.183793	0.0553324	0
3.77507	0.000747758	0.167084	0.0525999	0
3.77575	0.000745803	0.150376	0.050209	0
3.77736	0.000759419	0.167084	0.0525999	0
3.7775	0.000754728	0.233918	0.0625051	0
3.77669	0.000751927	0.150376	0.050209	0
3.77657	0.000752188	0.150376	0.050209	0
3.77723	0.000731406	0.167084	0.0525999	0
3.77849	0.000756878	0.167084	0.0525999	0
3.77751	0.000745738	0.0835422	0.0372298	0
3.77643	0.000724891	0.150376	0.050209	0
3.77705	0.000734598	0.116959	0.044061	0
3.77697	0.000754793	0.150376	0.050209	0
3.77736	0.000755119	0.21721	0.0601142	0
3.77739	0.00073792	0.0668338	0.0334727	0
3.77822	0.000759679	0.250627	0.0645545	0
3.77745	0.000760982	0.116959	0.044061	0
3.77769	0.000744761	0.150376	0.050209	0
3.77807	0.000743328	0.133668	0.047135	0
3.77732	0.000714402	0.116959	0.044061	0
3.77823	0.000713946	0.116959	0.044061	0
3.77877	0.00075551	0.133668	0.047135	0
3.77817	0.000747171	0.116959	0.044061	0
3.77813	0.000749386	0.100251	0.040987	0
3.77821	0.000748604	0.21721	0.0601142	0
3.7784	0.000718441	0.100251	0.040987	0
3.77746	0.000739679	0.0668338	0.0334727	0
3.77771	0.000743849	0.183793	0.0601142	0
3.77814	0.000732709	0.0668338	0.0334727	0
3.77841	0.000718376	0.150376	0.050209	0
3.77879	0.000746259	0.21721	0.0601142	0
3.77821	0.000782676	0.133668	0.047135	0
3.77795	0.000746455	0.116959	0.044061	0
3.77932	0.000750754	0.133668	0.047135	0
3.77921	0.000758181	0.21721	0.0601142	0
3.77997	0.000770754	0.21721	0.0601142	0
3.78078	0.000771536	0.167084	0.0525999	0
3.78046	0.000747302	0.200501	0.0577233	0
3.77981	0.000720917	0.0835422	0.0372298	0
3.77914	0.000760591	0.133668	0.0529415	0
3.77896	0.000746389	0.100251	0.040987	0
3.7797	0.000759289	0.250627	0.0645545	0
3.77923	0.000728539	0.0334169	0.0235675	0
3.77862	0.000741569	0.183793	0.0553324	0
3.77985	0.000743784	0.100251	0.040987	0
3.77961	0.000739419	0.0835422	0.0372298	0
3.77977	0.000782285	0.250627	0.0645545	0
3.7797	0.000742285	0.150376	0.050209	0
3.77896	0.000731275	0.150376	0.050209	0
3.77977	0.000740657	0.116959	0.044061	0
3.78043	0.00073551	0.116959	0.044061	0
3.77922	0.000724174	0.167084	0.0525999	0
3.77949	0.000748344	0.133668	0.047135	0
3.78072	0.000745999	0.133668	0.047135	0
3.78064	0.000728995	0.0501253	0.0290324	0
3.78074	0.000740917	0.167084	0.0525999	0
3.78072	0.000746976	0.0835422	0.0372298	0
3.78113	0.000745282	0.133668	0.047135	0
3.78168	0.000759419	0.200501	0.0577233	0
3.78089	0.000740135	0.116959	0.044061	0
3.78134	0.000756813	0.150376	0.050209	0
3.78172	0.000763197	0.150376	0.050209	0
3.78138	0.000747106	0.100251	0.040987	0
3.78057	0.000753556	0.183793	0.0553324	0
3.78084	0.000745933	0.0668338	0.0334727	0
3.78127	0.000753621	0.21721	0.0601142	0
3.78244	0.000747758	0.133668	0.047135	0
3.78153	0.000743067	0.133668	0.047135	0
3.78059	0.000731145	0.133668	0.047135	0
3.78124	0.000760396	0.233918	0.0625051	0
3.78141	0.000732904	0.116959	0.044061	0
3.78141	0.000720982	0.100251	0.040987	0
3.78119	0.000719028	0.0668338	0.0334727	0
3.78093	0.000728474	0.167084	0.0525999	0
3.78157	0.00073538	0.133668	0.047135	0
3.78147	0.000750494	0.116959	0.044061	0
3.781	0.000747367	0.150376	0.050209	0
3.78147	0.000745087	0.183793	0.0553324	0
3.7831	0.000728669	0.133668	0.047135	0
3.78204	0.000739223	0.116959	0.044061	0
3.78272	0.00075994	0.200501	0.0577233	0
3.78367	0.000758377	0.133668	0.047135	0
3.78246	0.000741373	0.100251	0.040987	0
3.7831	0.000766846	0.167084	0.0525999	0
3.78442	0.000784956	0.267335	0.0666038	0
3.78277	0.000739158	0.0668338	0.0334727	0
3.78349	0.000740917	0.167084	0.0525999	0
3.78329	0.000740526	0.116959	0.044061	0
3.78267	0.000736943	0.0668338	0.0334727	0
3.78307	0.000732643	0.133668	0.047135	0
3.78354	0.000714011	0.116959	0.044061	0
3.78342	0.000735575	0.0835422	0.0372298	0
3.78345	0.000736552	0.0835422	0.0372298	0
3.78261	0.000725542	0.0501253	0.0290324	0
3.78321	0.000739288	0.200501	0.0577233	0
3.78408	0.000755705	0.183793	0.0553324	0
3.78273	0.00073792	0.183793	0.0553324	0
3.78277	0.000725152	0.0835422	0.0372298	0
3.78412	0.000733555	0.183793	0.0553324	0
3.78415	0.000770233	0.133668	0.047135	0
3.7837	0.000738181	0.167084	0.0525999	0
3.78401	0.000765021	0.183793	0.0553324	0
3.78525	0.000772839	0.233918	0.0625051	0
3.78449	0.000734207	0.150376	0.050209	0
3.78362	0.00071362	0.100251	0.040987	0
3.78499	0.000730884	0.200501	0.0577233	0
3.78486	0.000748865	0.200501	0.0577233	0
3.78515	0.000743458	0.0835422	0.0372298	0
3.78576	0.000718441	0.116959	0.044061	0
3.78515	0.000756487	0.200501	0.0577233	0
3.78472	0.000743979	0.183793	0.0553324	0
3.78441	0.000722024	0.100251	0.040987	0
3.78448	0.000728474	0.0668338	0.0334727	0
3.78494	0.000743132	0.133668	0.047135	0
3.78451	0.000736422	0.250627	0.0645545	0
3.78541	0.000757204	0.167084	0.0525999	0
3.78512	0.000737269	0.116959	0.044061	0
3.78413	0.000731797	0.133668	0.047135	0
3.7849	0.000740266	0.150376	0.050209	0
3.78502	0.000742872	0.183793	0.0553324	0
3.78488	0.000737529	0.100251	0.040987	0
3.78568	0.000728995	0.133668	0.047135	0
3.78639	0.000737985	0.0835422	0.0372298	0
3.78559	0.000741047	0.116959	0.044061	0
3.785	0.000739549	0.150376	0.050209	0
3.7856	0.000732709	0.100251	0.040987	0
3.78484	0.000715119	0.0668338	0.0334727	0
3.78539	0.000727757	0.150376	0.050209	0
3.78606	0.000765868	0.116959	0.044061	0
3.78644	0.000755184	0.133668	0.047135	0
3.78596	0.000726064	0.100251	0.040987	0
3.78501	0.000737269	0.100251	0.040987	0
3.7853	0.000734142	0.0501253	0.0290324	0
3.7869	0.00071805	0.150376	0.050209	0
3.78636	0.000730819	0.200501	0.0577233	0
3.78712	0.000739419	0.100251	0.040987	0
3.78704	0.000737204	0.200501	0.0577233	0
3.78599	0.000721959	0.116959	0.044061	0
3.78704	0.000753816	0.150376	0.050209	0
3.78594	0.000728148	0.100251	0.040987	0
3.78681	0.000738767	0.150376	0.050209	0
3.78673	0.000718181	0.0835422	0.0372298	0
3.78642	0.000725673	0.150376	0.050209	0
3.78622	0.000738246	0.183793	0.0553324	0
3.78643	0.000729972	0.100251	0.040987	0
3.78639	0.000722871	0.133668	0.047135	0
3.78725	0.000727692	0.167084	0.0525999	0
3.78763	0.000702285	0.116959	0.044061	0
3.78813	0.000718507	0.0835422	0.0372298	0
3.78794	0.00073564	0.150376	0.050209	0
3.78772	0.000720526	0.0835422	0.0372298	0
3.78809	0.000747953	0.150376	0.050209	0
3.78784	0.000737073	0.0835422	0.0372298	0
3.78711	0.000748735	0.133668	0.047135	0
3.78729	0.000740135	0.100251	0.040987	0
3.7881	0.000720982	0.133668	0.0529415	0
3.78841	0.00072652	0.100251	0.040987	0
3.78869	0.000712383	0.133668	0.047135	0
3.78778	0.000741699	0.100251	0.040987	0
3.78839	0.000746455	0.21721	0.0601142	0
3.78899	0.000724044	0.167084	0.0525999	0
3.7891	0.000734207	0.150376	0.050209	0
3.78913	0.000741047	0.133668	0.047135	0
3.78821	0.000725933	0.133668	0.047135	0
3.78869	0.000740331	0.116959	0.044061	0
3.78987	0.000725608	0.183793	0.0553324	0
3.78958	0.000707692	0.0668338	0.0334727	0
3.78854	0.000723783	0.116959	0.044061	0
3.7901	0.000743458	0.133668	0.047135	0
3.79006	0.000721764	0.100251	0.040987	0
3.78816	0.000717985	0.0501253	0.0290324	0
3.78912	0.00073564	0.116959	0.044061	0
3.78921	0.000746715	0.116959	0.044061	0
3.78878	0.000722741	0.0668338	0.0334727	0
3.78912	0.000714142	0.133668	0.047135	0
3.78978	0.000744956	0.183793	0.0553324	0
3.78994	0.000725282	0.0668338	0.0334727	0
3.78993	0.000726715	0.0668338	0.0334727	0
3.7894	0.000725738	0.100251	0.040987	0
3.78904	0.00071121	0.116959	0.044061	0
3.7896	0.000736617	0.133668	0.0529415	0
3.78859	0.00072665	0.100251	0.040987	0
3.78964	0.000741373	0.167084	0.0525999	0
3.78959	0.000738507	0.100251	0.040987	0
3.78938	0.000703327	0.0835422	0.0372298	0
3.79041	0.000717399	0.116959	0.044061	0
3.79024	0.000721568	0.150376	0.050209	0
3.79093	0.000712383	0.133668	0.047135	0
3.79175	0.000705998	0.150376	0.050209	0
3.79114	0.000749842	0.250627	0.0645545	0
3.79165	0.000759093	0.100251	0.040987	0
3.79207	0.00072248	0.0668338	0.0334727	0
3.79148	0.000723067	0.150376	0.050209	0
3.79233	0.00073121	0.0668338	0.0334727	0
3.79154	0.000709647	0.116959	0.044061	0
3.79125	0.000718246	0.0835422	0.0372298	0
3.79133	0.000716226	0.116959	0.044061	0
3.7917	0.000722611	0.150376	0.050209	0
3.79078	0.000715314	0.100251	0.040987	0
3.79127	0.000723523	0.133668	0.047135	0
3.79169	0.000745412	0.100251	0.040987	0
3.79164	0.000725412	0.0668338	0.0334727	0
3.79181	0.000752774	0.100251	0.040987	0
3.79228	0.000729125	0.150376	0.050209	0
3.79189	0.00074678	0.183793	0.0553324	0
3.79153	0.000742741	0.0668338	0.0334727	0
3.7926	0.000754468	0.167084	0.0525999	0
3.7919	0.000719614	0.100251	0.040987	0
3.79148	0.000741047	0.150376	0.050209	0
3.79244	0.000759549	0.100251	0.040987	0
3.79268	0.000747497	0.21721	0.0601142	0
3.79265	0.000728474	0.0835422	0.0372298	0
3.79254	0.000729256	0.116959	0.044061	0
3.79319	0.000717138	0.116959	0.044061	0
3.79286	0.000726259	0.0501253	0.0290324	0
3.79294	0.000705282	0.0668338	0.0334727	0
3.79256	0.000719809	0.133668	0.047135	0
3.79273	0.000729907	0.116959	0.044061	0
3.79261	0.000745543	0.150376	0.050209	0
3.79257	0.000728344	0.100251	0.040987	0
3.79347	0.0007245	0.167084	0.0525999	0
3.79366	0.000724239	0.100251	0.040987	0
3.79348	0.000722741	0.167084	0.0525999	0
3.79407	0.000719614	0.0835422	0.0372298	0
3.79293	0.000720722	0.0167084	0.0167363	0
3.79245	0.000733099	0.100251	0.040987	0
3.79447	0.000720982	0.183793	0.0553324	0
3.79461	0.000723588	0.150376	0.050209	0
3.79334	0.000721634	0.0835422	0.0372298	0
3.79449	0.000733816	0.116959	0.044061	0
3.79479	0.000730754	0.133668	0.047135	0
3.79435	0.000730363	0.116959	0.044061	0
3.79356	0.000735445	0.133668	0.047135	0
3.79405	0.000711536	0.0668338	0.0334727	0
0	0	0	0	0
0	0	0	0	0
0	0	0	0	0
0	0	0	0	0
0	0	0	0	0
0	0	0	0	0
0	0	0	0	0
0	0	0	0	0
0	0	0	0	0
0	0	0	0	0
0	0	0	0	0
0	0	0	0	0
0	0	0	0	0
0	0	0	0	0
0	0	0	0	0
0	0	0	0	0
0	0	0	0	0
0	0	0	0	0
0	0	0	0	0
0	0	0	0	0
0	0	0	0	0
0	0	0	0	0
0	0	0	0	0
0	0	0	0	0
0	0	0	0	0
0	0	0	0	0
0	0	0	0	0
0	0	0	0	0
0	0	0	0	0
0	0	0	0	0
0	0	0	0	0
0	0	0	0	0
0	0	0	0	0
0	0	0	0	0
0	0	0	0	0
0	0	0	0	0
0	0	0	0	0
0	0	0	0	0
0	0	0	0	0
0	0	0	0	0
0	0	0	0	0
0	0	0	0	0
0	0	0	0	0
0	0	0	0	0
0	0	0	0	0
0	0	0	0	0
0	0	0	0	0
0	0	0	0	0
0	0	0	0	0
0	0	0	0	0
0	0	0	0	0
0	0	0	0	0
0	0	0	0	0
0	0	0	0	0
0	0	0	0	0
0	0	0	0	0
0	0	0	0	0
0	0	0	0	0
0	0	0	0	0
0	0	0	0	0
0	0	0	0	0
0	0	0	0	0
0	0	0	0	0
0	0	0	0	0
0	0	0	0	0
0	0	0	0	0
0	0	0	0	0
0	0	0	0	0
0	0	0	0	0
0	0	0	0	0
0	0	0	0	0
0	0	0	0	0
0	0	0	0	0
0	0	0	0	0
0	0	0	0	0
0	0	0	0	0
0	0	0	0	0
0	0	0	0	0
0	0	0	0	0
0	0	0	0	0
0	0	0	0	0
0	0	0	0	0
0	0	0	0	0
0	0	0	0	0
0	0	0	0	0
0	0	0	0	0
0	0	0	0	0
0	0	0	0	0
0	0	0	0	0
0	0	0	0	0
0	0	0	0	0
0	0	0	0	0
0	0	0	0	0
0	0	0	0	0
0	0	0	0	0
0	0	0	0	0
0	0	0	0	0
0	0	0	0	0
0	0	0	0	0
0	0	0	0	0
0	0	0	0	0
0	0	0	0	0
0	0	0	0	0
0	0	0	0	0
0	0	0	0	0
0	0	0	0	0
0	0	0	0	0
0	0	0	0	0
0	0	0	0	0
0	0	0	0	0
0	0	0	0	0
0	0	0	0	0
0	0	0	0	0
0	0	0	0	0
0	0	0	0	0
0	0	0	0	0
0	0	0	0	0
0	0	0	0	0
0	0	0	0	0
0	0	0	0	0
0	0	0	0	0
0	0	0	0	0
0	0	0	0	0
0	0	0	0	0
0	0	0	0	0
0	0	0	0	0
0	0	0	0	0
0	0	0	0	0
0	0	0	0	0
0	0	0	0	0
0	0	0	0	0
0	0	0	0	0
0	0	0	0	0
0	0	0	0	0
0	0	0	0	0
0	0	0	0	0
0	0	0	0	0
0	0	0	0	0
0	0	0	0	0
0	0	0	0	0
0	0	0	0	0
0	0	0	0	0
0	0	0	0	0
0	0	0	0	0
0	0	0	0	0
0	0	0	0	0
0	0	0	0	0
0	0	0	0	0
0	0	0	0	0
0	0	0	0	0
0	0	0	0	0
0	0	0	0	0
0	0	0	0	0
0	0	0	0	0
0	0	0	0	0
0	0	0	0	0
0	0	0	0	0
0	0	0	0	0
0	0	0	0	0
0	0	0	0	0
0	0	0	0	0
0	0	0	0	0
0	0	0	0	0
0	0	0	0	0
0	0	0	0	0
0	0	0	0	0
0	0	0	0	0
0	0	0	0	0
0	0	0	0	0
0	0	0	0	0
0	0	0	0	0
0	0	0	0	0
0	0	0	0	0
0	0	0	0	0
0	0	0	0	0
0	0	0	0	0
0	0	0	0	0
0	0	0	0	0
0	0	0	0	0
0	0	0	0	0
0	0	0	0	0
0	0	0	0	0
0	0	0	0	0
0	0	0	0	0
0	0	0	0	0
0	0	0	0	0
0	0	0	0	0
0	0	0	0	0
0	0	0	0	0
0	0	0	0	0
0	0	0	0	0
0	0	0	0	0
0	0	0	0	0
0	0	0	0	0
0	0	0	0	0
0	0	0	0	0
0	0	0	0	0
0	0	0	0	0
0	0	0	0	0
0	0	0	0	0
0	0	0	0	0
0	0	0	0	0
0	0	0	0	0
0	0	0	0	0
0	0	0	0	0
0	0	0	0	0
0	0	0	0	0
0	0	0	0	0
0	0	0	0	0
0	0	0	0	0
0	0	0	0	0
0	0	0	0	0
0	0	0	0	0
0	0	0	0	0
0	0	0	0	0
0	0	0	0	0
0	0	0	0	0
0	0	0	0	0
0	0	0	0	0
0	0	0	0	0
0	0	0	0	0
0	0	0	0	0
0	0	0	0	0
0	0	0	0	0
0	0	0	0	0
0	0	0	0	0
0	0	0	0	0
0	0	0	0	0
0	0	0	0	0
0	0	0	0	0
0	0	0	0	0
0	0	0	0	0
0	0	0	0	0
0	0	0	0	0
0	0	0	0	0
0	0	0	0	0
0	0	0	0	0
0	0	0	0	0
0	0	0	0	0
0	0	0	0	0
0	0	0	0	0
0	0	0	0	0
0	0	0	0	0
0	0	0	0	0
0	0	0	0	0
0	0	0	0	0
0	0	0	0	0
0	0	0	0	0
0	0	0	0	0
0	0	0	0	0
0	0	0	0	0
0	0	0	0	0
0	0	0	0	0
0	0	0	0	0
0	0	0	0	0
0	0	0	0	0
0	0	0	0	0
0	0	0	0	0
0	0	0	0	0
0	0	0	0	0
0	0	0	0	0
0	0	0	0	0
0	0	0	0	0
0	0	0	0	0
0	0	0	0	0
0	0	0	0	0
0	0	0	0	0
0	0	0	0	0
0	0	0	0	0
0	0	0	0	0
0	0	0	0	0
0	0	0	0	0
0	0	0	0	0
0	0	0	0	0
0	0	0	0	0
0	0	0	0	0
0	0	0	0	0
0	0	0	0	0
0	0	0	0	0
0	0	0	0	0
0	0	0	0	0
0	0	0	0	0
0	0	0	0	0
0	0	0	0	0
0	0	0	0	0
0	0	0	0	0
0	0	0	0	0
0	0	0	0	0
0	0	0	0	0
0	0	0	0	0
0	0	0	0	0
0	0	0	0	0
0	0	0	0	0
0	0	0	0	0
0	0	0	0	0
0	0	0	0	0
0	0	0	0	0
0	0	0	0	0
0	0	0	0	0
0	0	0	0	0
0	0	0	0	0
0	0	0	0	0
0	0	0	0	0
0	0	0	0	0
0	0	0	0	0
0	0	0	0	0
0	0	0	0	0
0	0	0	0	0
0	0	0	0	0
0	0	0	0	0
0	0	0	0	0
0	0	0	0	0
0	0	0	0	0
0	0	0	0	0
0	0	0	0	0
0	0	0	0	0
0	0	0	0	0
0	0	0	0	0
0	0	0	0	0
0	0	0	0	0
0	0	0	0	0
0	0	0	0	0
0	0	0	0	0
0	0	0	0	0
0	0	0	0	0
0	0	0	0	0
0	0	0	0	0
0	0	0	0	0
0	0	0	0	0
0	0	0	0	0
0	0	0	0	0
0	0	0	0	0
0	0	0	0	0
0	0	0	0	0
0	0	0	0	0
0	0	0	0	0
0	0	0	0	0
0	0	0	0	0
0	0	0	0	0
0	0	0	0	0
0	0	0	0	0
0	0	0	0	0
0	0	0	0	0
0	0	0	0	0
0	0	0	0	0
0	0	0	0	0
0	0	0	0	0
0	0	0	0	0
0	0	0	0	0
0	0	0	0	0
0	0	0	0	0
0	0	0	0	0
0	0	0	0	0
0	0	0	0	0
0	0	0	0	0
0	0	0	0	0
0	0	0	0	0
0	0	0	0	0
0	0	0	0	0
0	0	0	0	0
0	0	0	0	0
0	0	0	0	0
0	0	0	0	0
0	0	0	0	0
0	0	0	0	0
0	0	0	0	0
0	0	0	0	0
0	0	0	0	0
0	0	0	0	0
0	0	0	0	0
0	0	0	0	0
0	0	0	0	0
0	0	0	0	0
0	0	0	0	0
0	0	0	0	0
0	0	0	0	0
0	0	0	0	0
0	0	0	0	0
0	0	0	0	0
0	0	0	0	0
0	0	0	0	0
0	0	0	0	0
0	0	0	0	0
0	0	0	0	0
0	0	0	0	0
0	0	0	0	0
0	0	0	0	0
0	0	0	0	0
0	0	0	0	0
0	0	0	0	0
0	0	0	0	0
0	0	0	0	0
0	0	0	0	0
0	0	0	0	0
0	0	0	0	0
0	0	0	0	0
0	0	0	0	0
0	0	0	0	0
0	0	0	0	0
0	0	0	0	0
