a2610522.050196
Narit-cm 05/01/2026 21:35:02 05/01/2026 22:05:01 0045 0013.384714 0052.542598 00.0 00.0
0002396 0010 0000000 0010 05 0000000 0010 0000000 0010
1 0 1 01600 1 0000 3.75 00000.o 0 0 01 000 16 002396 0.500 BT0
1 2 1 02000 1 0000 3.75 00000.o 0 0 01 000 16 002396 0.500 S2A0
1 1 1 01600 1 0000 3.75 00000.o 0 0 00 000 00 002396 3.1746 BC0
1 3 1 02000 1 0000 3.75 00000.o 0 0 00 000 00 002396 3.1746 S2P0
1 5 0 01600 0 0000 1.00 00000.o 0 0 00 000 00 000000 0.000 OF0
0.000 .o Analog 0 	0.000 .o Analog StErr 0 	0.000 .o Photon Counting 0 	0.000 .o PC StErr 0 	0.000 .o Overflow Info 0 
24.5487	0.132414	180.05	0.892397	0
55.1661	0.318479	195.609	0.881822	0
240.263	2.24614	117.98	1.3635	0
471.68	0.145641	1.53589	0.167495	0
473.457	6.37642E-6	0	0	0
473.457	0	0	0	0
473.457	6.37642E-6	18.3639	0.577875	0
473.457	8.97903E-6	17.7796	0.577875	0
473.457	0	7.09516	0.370126	0
473.457	8.97903E-6	24.5743	0.646783	0
473.457	6.37642E-6	63.4725	0.914229	0
473.457	0	123.339	1.01384	0
473.457	6.37642E-6	152.738	1.03533	0
473.457	6.37642E-6	106.311	1.05512	0
473.457	0	75.8765	0.945613	0
473.457	0	77.6795	0.981773	0
473.457	6.37642E-6	98.4641	0.946296	0
473.457	0	89.6661	0.955506	0
473.457	0	85.9933	0.93538	0
473.457	0	95.1085	0.923781	0
473.457	0	117.229	0.96881	0
473.457	6.37642E-6	143.606	0.959259	0
473.457	0	166.761	0.942543	0
473.457	0	183.239	0.917982	0
473.457	0	195.543	0.887962	0
473.457	0	197.679	0.907748	0
473.457	0	202.437	0.89922	0
473.457	0	204.524	0.899902	0
473.457	0	203.873	0.876364	0
473.457	0	205.376	0.884551	0
473.457	0	205.309	0.898537	0
473.457	0	202.454	0.897514	0
473.763	0.052367	202.504	0.895126	1
477.292	0.183092	202.571	0.904337	1
485.951	0.253901	200.935	0.889327	1
499.251	0.0781707	201.853	0.883869	1
500	0	202.22	0.895126	1
500	0	202.17	0.890691	1
499.489	0.067406	201.469	0.882504	1
493.002	0.322709	201.653	0.869883	1
471.862	0.654946	202.104	0.880799	1
428.593	0.764452	201.302	0.885916	0
380.352	0.746699	203.74	0.889327	0
333.924	0.702998	203.189	0.885575	0
290.226	0.67925	203.673	0.903654	0
247.631	0.646461	204.457	0.896491	0
207.383	0.594507	203.356	0.873294	0
170.686	0.53253	203.422	0.879093	0
137.995	0.459643	203.639	0.882504	0
109.896	0.391242	201.169	0.866471	0
86.196	0.32912	201.519	0.876023	0
66.6776	0.273952	199.466	0.864424	0
51.1948	0.226838	197.98	0.857261	0
39.0891	0.184157	196.277	0.850097	0
29.7549	0.147479	195.693	0.873294	0
22.7275	0.119146	195.125	0.855555	0
17.6222	0.0942637	192.838	0.865789	0
13.9719	0.0730653	191.72	0.861013	0
11.2367	0.0608503	189.449	0.86613	0
9.25094	0.0504795	190.718	0.849756	0
7.89517	0.0407585	185.993	0.864083	0
6.92962	0.0357357	185.125	0.843615	0
6.22047	0.0322579	181.536	0.83884	0
5.7012	0.02886	181.002	0.857602	0
5.36783	0.0264812	178.381	0.827241	0
5.13953	0.0241812	174.741	0.848391	0
4.92924	0.0234398	172.755	0.875341	0
4.80206	0.0227137	172.27	0.862719	0
4.73934	0.021985	170.217	0.839522	0
4.69439	0.0209106	169.616	0.842251	0
4.68356	0.0205399	166.511	0.83304	0
4.72286	0.0199438	164.007	0.863401	0
4.76398	0.0198228	163.055	0.854873	0
4.78399	0.0193329	161.152	0.834746	0
4.82814	0.0194968	162.22	0.822465	0
4.89435	0.0197569	159.382	0.833382	0
4.95758	0.0192086	157.896	0.859649	0
5.03045	0.0194619	157.947	0.84191	0
5.08915	0.0189406	157.162	0.831676	0
5.13054	0.0184207	154.04	0.846003	0
5.20782	0.0180091	156.377	0.838157	0
5.2847	0.0184416	154.558	0.834405	0
5.30164	0.0178595	154.457	0.848732	0
5.34137	0.0181363	152.955	0.840204	0
5.41878	0.0176497	152.888	0.842251	0
5.4589	0.0171485	151.419	0.862719	0
5.51296	0.0178929	151.669	0.832017	0
5.57324	0.0179753	147.229	0.832017	0
5.58541	0.017076	148.297	0.843957	0
5.62157	0.0175038	148.881	0.820419	0
5.66412	0.0171981	148.197	0.863401	0
5.69174	0.0165897	147.546	0.859307	0
5.7317	0.01668	145.91	0.844639	0
5.74637	0.0163033	146.077	0.826218	0
5.77051	0.0167448	145.509	0.846345	0
5.81945	0.0164862	144.942	0.841228	0
5.85748	0.0161008	144.457	0.842592	0
5.88747	0.0162462	144.791	0.858625	0
5.93384	0.0160646	142.387	0.824512	0
5.95303	0.0157884	143.239	0.852485	0
5.96328	0.0162261	142.337	0.828947	0
6.02291	0.0157848	142.337	0.862037	0
6.0766	0.0154314	140.351	0.83884	0
6.10291	0.015694	140.401	0.839522	0
6.14099	0.0158259	139.633	0.835769	0
6.16645	0.0151945	138.664	0.846345	0
6.20064	0.0152706	139.115	0.840204	0
6.23771	0.0152413	138.932	0.873294	0
6.26674	0.0150764	137.679	0.852485	0
6.28643	0.015106	137.362	0.855555	0
6.30613	0.0147874	136.811	0.836793	0
6.35424	0.0147026	138.548	0.828265	0
6.37613	0.0146109	136.361	0.831676	0
6.38646	0.0144078	137.279	0.855214	0
6.43103	0.0143674	137.346	0.840204	0
6.45672	0.0144214	135.025	0.837475	0
6.46375	0.014648	135.509	0.846003	0
6.50587	0.014623	134.825	0.846345	0
6.53355	0.0147779	135.459	0.844639	0
6.53221	0.0140469	135.075	0.844639	0
6.55791	0.0144803	134.457	0.848391	0
6.55887	0.0141458	133.155	0.858625	0
6.55954	0.0138709	132.287	0.84191	0
6.59615	0.0139239	132.454	0.829288	0
6.5997	0.0140416	132.504	0.851803	0
6.59727	0.0141215	131.553	0.839863	0
6.64308	0.0139016	133.673	0.842592	0
6.67196	0.013913	131.219	0.835428	0
6.65439	0.0137253	130.518	0.849074	0
6.65716	0.0136386	130.751	0.85999	0
6.70383	0.0140616	131.97	0.827923	0
6.72975	0.0139141	131.235	0.854873	0
6.72538	0.0137008	129.716	0.828265	0
6.7308	0.0133611	128.998	0.835428	0
6.71722	0.0133125	130.417	0.86613	0
6.70494	0.0134712	130.351	0.861013	0
6.72909	0.0135976	128.481	0.840204	0
6.71419	0.0135775	129.332	0.864424	0
6.69953	0.0134706	127.78	0.853849	0
6.74409	0.0135566	128.581	0.839522	0
6.76234	0.0133808	128.631	0.853508	0
6.75879	0.0133057	126.711	0.837134	0
6.78097	0.0134402	127.746	0.84805	0
6.7939	0.0133923	127.963	0.850438	0
6.78163	0.0130287	126.828	0.841569	0
6.77872	0.0133572	126.194	0.868177	0
6.79654	0.0132804	127.496	0.83884	0
6.80404	0.0134497	127.129	0.842933	0
6.80587	0.0133006	125.81	0.83304	0
6.80486	0.0136798	126.377	0.842592	0
6.81985	0.0138124	125.993	0.840886	0
6.83222	0.0141752	127.529	0.842251	0
6.81195	0.0137249	125.392	0.847709	0
6.79599	0.0141997	125.042	0.866812	0
6.78636	0.0146611	123.205	0.863401	0
6.74491	0.0147472	122.504	0.85999	0
6.71446	0.01496	123.289	0.85692	0
6.68876	0.0148606	121.836	0.852826	0
6.64491	0.0148445	121.853	0.84191	0
6.59956	0.0143285	118.648	0.8692	0
6.53855	0.0141572	118.18	0.885916	0
6.45489	0.0137869	116.778	0.857602	0
6.38704	0.0132252	115.459	0.852826	0
6.33717	0.0132674	113.673	0.851461	0
6.28786	0.0129584	113.456	0.850097	0
6.23793	0.0126165	112.254	0.850779	0
6.19408	0.0124018	111.285	0.831335	0
6.17135	0.0122618	111.002	0.821101	0
6.12633	0.0122768	109.599	0.858966	0
6.08072	0.0118158	107.446	0.818713	0
6.06752	0.0116111	107.145	0.861013	0
6.04015	0.0115947	107.245	0.875341	0
6.00358	0.0112412	103.99	0.850779	0
5.95687	0.0110535	103.823	0.844639	0
5.91715	0.0107016	102.788	0.841569	0
5.89423	0.0105904	102.02	0.83884	0
5.85896	0.0105248	102.755	0.846686	0
5.82278	0.0101816	102.02	0.849074	0
5.79969	0.0103897	99.0317	0.844298	0
5.75202	0.01007	98.1469	0.836452	0
5.71044	0.0101115	96.2104	0.832699	0
5.70661	0.0100663	95.6427	0.854532	0
5.67699	0.0100846	94.8748	0.839863	0
5.63857	0.00989672	93.6895	0.839863	0
5.62259	0.00965877	92.9549	0.843615	0
5.60354	0.00965096	92.3038	0.850438	0
5.59035	0.00981584	93.0885	0.848732	0
5.56875	0.00933371	89.7329	0.820077	0
5.53468	0.00918581	87.9967	0.817007	0
5.51541	0.00928718	88.1302	0.831676	0
5.49898	0.00926038	89.0484	0.843274	0
5.46641	0.00885365	87.0284	0.837816	0
5.44055	0.00894637	85.2588	0.830653	0
5.42712	0.00896381	84.975	0.846003	0
5.40632	0.00897097	85.4424	0.846003	0
5.3812	0.00871103	85.2755	0.832699	0
5.36143	0.00872645	83.823	0.816666	0
5.34844	0.00870556	81.5192	0.833723	0
5.32896	0.00871695	81.4691	0.832358	0
5.29309	0.00854544	79.9666	0.82383	0
5.26249	0.0082978	78.5142	0.807797	0
5.25228	0.00833105	78.1302	0.825877	0
5.24366	0.00821373	77.0117	0.819736	0
5.22714	0.00842526	77.1786	0.837134	0
5.21472	0.00830001	76.3439	0.82997	0
5.18573	0.00786706	74.3239	0.807115	0
5.16899	0.00795816	76.4775	0.832699	0
5.16156	0.00799986	73.9733	0.812914	0
5.12579	0.00789465	72.621	0.803703	0
5.10342	0.00796512	72.2204	0.804727	0
5.10449	0.00775177	72.0868	0.832358	0
5.08317	0.00785444	72.3205	0.817007	0
5.05573	0.00748864	70.7012	0.793128	0
5.0407	0.00759854	68.9482	0.802339	0
5.02299	0.00748266	67.5125	0.804044	0
5.00266	0.00745318	66.6945	0.791764	0
4.98918	0.00738974	66.8781	0.828606	0
4.98056	0.00734179	64.7746	0.797222	0
4.9566	0.00714237	64.0401	0.809502	0
4.93897	0.00715648	65.5593	0.796198	0
4.93015	0.00704112	62.3539	0.782212	0
4.91174	0.00698276	63.2554	0.801315	0
4.89728	0.00712558	61.2855	0.788011	0
4.87773	0.00709233	61.0017	0.798245	0
4.86228	0.00690403	61.0518	0.786306	0
4.85603	0.00675985	60.6845	0.804044	0
4.84016	0.00674768	58.3472	0.758333	0
4.82289	0.0066953	58.2471	0.780506	0
4.81016	0.0065342	57.4958	0.76652	0
4.78825	0.00659523	56.1269	0.776413	0
4.77731	0.00643458	56.177	0.757651	0
4.77431	0.00634792	56.3272	0.776754	0
4.75314	0.0062837	54.4574	0.780847	0
4.73405	0.00626249	53.7062	0.746393	0
4.72794	0.00610093	53.7229	0.755604	0
4.71439	0.00598518	52.3372	0.751169	0
4.70944	0.00611524	54.1736	0.788011	0
4.70472	0.00610711	50.6344	0.762426	0
4.68724	0.00591471	51.8698	0.75151	0
4.67911	0.0060099	51.0017	0.743664	0
4.66638	0.00582479	48.8815	0.742982	0
4.64374	0.00581477	49.1987	0.749463	0
4.63558	0.00570566	48.5309	0.744005	0
4.62665	0.00587814	47.4791	0.741276	0
4.61349	0.00576545	48.1302	0.737865	0
4.60918	0.00568874	47.4791	0.745711	0
4.59251	0.00554618	44.9416	0.732407	0
4.58359	0.00552302	45.2588	0.720467	0
4.58728	0.00551456	46.1102	0.725925	0
4.56653	0.00539276	44.3907	0.719785	0
4.55053	0.00532678	43.5392	0.720126	0
4.55564	0.00540447	44.424	0.712621	0
4.54342	0.00530544	43.2053	0.714327	0
4.52533	0.00529002	42.0701	0.717056	0
4.51974	0.00523998	41.7696	0.706481	0
4.51358	0.00530999	42.7045	0.712963	0
4.50213	0.00511512	41.0017	0.711939	0
4.49134	0.00506105	40.0167	0.701364	0
4.48178	0.00517836	40.5676	0.693518	0
4.47219	0.00498024	39.0651	0.697953	0
4.46714	0.00493235	39.3656	0.668957	0
4.45853	0.00489227	38.8147	0.674756	0
4.44597	0.00497952	38.197	0.686695	0
4.44269	0.00481654	36.611	0.683966	0
4.4398	0.00488186	38.1803	0.668616	0
4.43235	0.00487093	36.8614	0.680214	0
4.41968	0.00473722	36.1603	0.675779	0
4.41019	0.00467853	35.9599	0.664181	0
4.40884	0.00466227	34.7579	0.663157	0
4.40424	0.00469994	34.9583	0.671345	0
4.39581	0.00458484	35.2755	0.651218	0
4.38656	0.00463312	34.0401	0.64883	0
4.37619	0.00444221	33.99	0.677144	0
4.37174	0.00456629	34.1068	0.663157	0
4.36849	0.00451379	33.4224	0.65497	0
4.36308	0.00454046	32.0367	0.658723	0
4.34993	0.0044806	31.8364	0.639278	0
4.33919	0.00435594	30.9516	0.647807	0
4.33597	0.00434813	31.1018	0.631091	0
4.32525	0.0042452	31.4858	0.641666	0
4.31513	0.00419256	29.5159	0.613011	0
4.31326	0.00417701	30.0334	0.628362	0
4.31315	0.00422067	30.1503	0.645419	0
4.30495	0.00417798	28.7813	0.6096	0
4.29625	0.0040556	28.2304	0.623245	0
4.29159	0.00405332	29.3489	0.624269	0
4.28992	0.00412398	28.1636	0.613011	0
4.28512	0.00411162	28.1135	0.612329	0
4.27116	0.00403068	26.227	0.596637	0
4.26213	0.00387348	27.3289	0.611306	0
4.26847	0.00398845	27.7462	0.613352	0
4.26161	0.00391837	27.4457	0.613352	0
4.25011	0.00395299	26.4942	0.605165	0
4.2462	0.00378369	24.9416	0.582992	0
4.24424	0.00385506	26.3606	0.595955	0
4.23878	0.00389866	25.9599	0.602095	0
4.22885	0.00393666	23.606	0.57651	0
4.22124	0.0037669	24.374	0.579581	0
4.22232	0.00378278	24.6077	0.569006	0
4.22123	0.00372591	24.2905	0.580604	0
4.21509	0.00377594	23.5893	0.574464	0
4.209	0.00376417	23.8898	0.584356	0
4.20336	0.00370444	22.9716	0.554678	0
4.20218	0.00367438	23.8063	0.573099	0
4.19724	0.0036682	22.3372	0.562865	0
4.19076	0.00356233	23.2053	0.576852	0
4.19063	0.00364328	23.0384	0.575487	0
4.18562	0.00353436	21.4357	0.555701	0
4.17931	0.00357372	21.9032	0.554678	0
4.17881	0.00357326	23.4891	0.571735	0
4.17796	0.00351776	22.4541	0.55843	0
4.16712	0.00340956	20.6678	0.545126	0
4.1614	0.00342635	21.4691	0.542397	0
4.16107	0.00335582	21.1686	0.553655	0
4.15728	0.00338588	21.0017	0.551608	0
4.15596	0.00346448	21.3189	0.533869	0
4.15204	0.00343129	20.5342	0.542397	0
4.14359	0.00341288	20.5008	0.551608	0
4.1427	0.00331821	20.1336	0.540351	0
4.1434	0.00338913	20.2504	0.538645	0
4.13714	0.00338054	19.9499	0.531481	0
4.13322	0.00330077	20.1836	0.532846	0
4.1341	0.00332608	20.2003	0.538304	0
4.12573	0.00334671	19.182	0.525341	0
4.12227	0.00324826	19.6828	0.525682	0
4.12118	0.00318313	19.1653	0.513401	0
4.11048	0.00318977	17.1619	0.502144	0
4.10999	0.00318853	19.1319	0.518859	0
4.11607	0.0032618	17.7129	0.513742	0
4.10599	0.00316218	18.0467	0.505896	0
4.09975	0.00307278	16.8948	0.501121	0
4.09942	0.00302854	17.7462	0.511696	0
4.09859	0.00319966	17.9299	0.514766	0
4.09896	0.00318261	18.0801	0.510672	0
4.09426	0.00311182	17.0451	0.504873	0
4.08793	0.00299171	17.379	0.509308	0
4.08951	0.00318567	17.2621	0.505214	0
4.08882	0.00315951	17.6127	0.514766	0
4.08091	0.00311189	17.0451	0.516813	0
4.07451	0.00311833	16.1603	0.493957	0
4.07214	0.00297557	16.2771	0.487475	0
4.07303	0.0030029	16.3606	0.491228	0
4.07045	0.00295879	16.1937	0.477241	0
4.06534	0.00300368	16.1436	0.480653	0
4.06624	0.00295358	15.2755	0.485087	0
4.0675	0.00298709	15.9766	0.484746	0
4.06538	0.00297056	16.2771	0.47997	0
4.06067	0.00290992	15.1252	0.475195	0
4.05671	0.00296445	15.1419	0.486111	0
4.05084	0.00280679	14.8581	0.463937	0
4.04391	0.00281655	14.1402	0.456091	0
4.04621	0.00291253	14.7245	0.467349	0
4.04889	0.00296211	15.5593	0.487134	0
4.04469	0.00291318	14.6578	0.472807	0
4.04023	0.00292606	14.9249	0.472466	0
4.03491	0.00282189	14.2404	0.467349	0
4.03286	0.00284876	14.1736	0.462232	0
4.03303	0.0027034	13.6561	0.459844	0
4.03188	0.00278858	14.1402	0.461891	0
4.03143	0.00279157	14.1569	0.459162	0
4.02547	0.00273874	13.5225	0.449269	0
4.02086	0.00266274	12.5876	0.438353	0
4.02267	0.00270952	13.8898	0.459503	0
4.0222	0.00271453	13.6394	0.447563	0
4.01372	0.0026561	12.788	0.440399	0
4.01037	0.00265376	12.621	0.441082	0
4.01673	0.00270048	14.0735	0.459162	0
4.0135	0.00265597	13.4391	0.454386	0
4.0098	0.00269787	13.3389	0.450633	0
4.0078	0.00264615	12.4875	0.434941	0
4.00452	0.00259579	13.0885	0.440399	0
4.00463	0.00258889	12.8047	0.433236	0
4.00126	0.00260171	12.6377	0.440399	0
3.99797	0.00268278	12.3873	0.432212	0
3.99658	0.00253918	12.7212	0.439717	0
3.99107	0.00263964	11.3689	0.410039	0
3.98301	0.00251302	10.6511	0.40424	0
3.98102	0.00246299	10.6177	0.405263	0
3.98038	0.00247294	10.5843	0.404922	0
3.97305	0.00243839	10.6511	0.402193	0
3.96501	0.00242232	9.79967	0.387183	0
3.9633	0.00238133	10.0668	0.39844	0
3.96363	0.00247457	10.5342	0.405945	0
3.95702	0.00229362	8.98164	0.372173	0
3.95147	0.00227365	9.73289	0.384795	0
3.95261	0.00221847	9.13189	0.374902	0
3.94864	0.00223435	8.83139	0.36808	0
3.94537	0.0022104	8.71452	0.366715	0
3.94616	0.00224164	8.38063	0.353752	0
3.94289	0.00213597	8.54758	0.369103	0
3.93964	0.00218679	8.19699	0.36228	0
3.9382	0.00213278	7.79633	0.34693	0
3.93664	0.00213089	8.36394	0.36501	0
3.93782	0.00212113	8.23038	0.359551	0
3.93614	0.00213389	8.23038	0.363304	0
3.93147	0.00221685	8.13022	0.358869	0
3.92796	0.00207904	7.59599	0.350341	0
3.92568	0.00210754	7.36227	0.340448	0
3.92247	0.00205223	6.86144	0.331579	0
3.92421	0.00206798	8.28047	0.357846	0
3.92525	0.00203154	7.19533	0.327826	0
3.92258	0.00207325	7.62938	0.343859	0
3.92501	0.00208183	8.13022	0.354093	0
3.92637	0.00212517	7.8798	0.348976	0
3.92201	0.00206745	7.5793	0.349318	0
3.91833	0.00202249	6.99499	0.337037	0
3.92072	0.00204117	7.67947	0.346247	0
3.91845	0.00200447	7.24541	0.345224	0
3.91216	0.00198482	6.84474	0.32885	0
3.91326	0.00204143	7.51252	0.343518	0
3.91074	0.0020739	7.29549	0.336013	0
3.90169	0.00192789	6.44407	0.319298	0
3.90175	0.00196537	6.72788	0.326121	0
3.90435	0.00191468	6.72788	0.321004	0
3.90044	0.0018638	6.6611	0.32578	0
3.89653	0.00188417	6.54424	0.319298	0
3.89535	0.00189822	6.24374	0.316569	0
3.89537	0.00192125	6.09349	0.305653	0
3.89622	0.00189614	6.12688	0.312817	0
3.89697	0.00190186	5.95993	0.304971	0
3.89428	0.00188072	5.92654	0.316228	0
3.88956	0.00188787	5.64274	0.306335	0
3.88658	0.0018109	5.1419	0.292349	0
3.88432	0.00176204	5.29215	0.284844	0
3.88467	0.00179834	5.65943	0.296442	0
3.88392	0.00173926	5.35893	0.290984	0
3.88181	0.00178982	5.67613	0.297807	0
3.87885	0.00172098	5.1586	0.288937	0
3.87933	0.00176978	5.49249	0.297807	0
3.87955	0.00172144	5.35893	0.29883	0
3.87875	0.00174284	4.77462	0.276316	0
3.87865	0.00170036	5.00835	0.28075	0
3.87945	0.00175839	5.34224	0.296442	0
3.87928	0.00176041	5.27546	0.285526	0
3.87543	0.00169613	4.45743	0.265741	0
3.87308	0.00169125	4.67446	0.274951	0
3.87383	0.00170198	4.74124	0.278704	0
3.8737	0.00168539	5.10851	0.286891	0
3.87267	0.00175403	5.4591	0.297807	0
3.86958	0.00169704	4.59098	0.267787	0
3.86754	0.0016768	4.79132	0.278704	0
3.86377	0.00164577	4.50751	0.264717	0
3.86121	0.0016269	4.42404	0.269152	0
3.86541	0.00166646	4.60768	0.270516	0
3.86747	0.00168884	4.5409	0.272904	0
3.86577	0.00168441	4.64107	0.278362	0
3.866	0.00168376	4.74124	0.281433	0
3.86606	0.00167036	4.92487	0.28962	0
3.86577	0.00161486	4.97496	0.279045	0
3.86566	0.00167784	4.94157	0.285185	0
3.86079	0.00158031	4.07346	0.256189	0
3.856	0.00158356	4.14023	0.255507	0
3.85727	0.00158382	4.12354	0.255166	0
3.85546	0.00161115	3.98998	0.260282	0
3.85563	0.00162384	4.42404	0.26267	0
3.85642	0.00165858	4.39065	0.264035	0
3.85616	0.00163705	4.40735	0.270858	0
3.85472	0.00163952	4.07346	0.259259	0
3.85398	0.00157361	4.12354	0.257212	0
3.85394	0.00160614	4.15693	0.262329	0
3.85306	0.00158109	3.95659	0.255166	0
3.85317	0.00160087	4.22371	0.264035	0
3.85607	0.00161876	4.72454	0.276316	0
3.854	0.00158727	4.09015	0.254142	0
3.84883	0.0015416	4.04007	0.255166	0
3.84735	0.00157309	3.55593	0.244249	0
3.84956	0.00155012	4.34057	0.265058	0
3.84888	0.00155344	3.82304	0.249366	0
3.84484	0.00154849	3.78965	0.24732	0
3.84377	0.00156684	3.68948	0.243567	0
3.84491	0.00155604	4.15693	0.256189	0
3.84489	0.00153158	4.05676	0.258918	0
3.84414	0.00153899	3.78965	0.249707	0
3.8448	0.00154635	3.52254	0.243226	0
3.84548	0.00158955	4.47412	0.270175	0
3.84554	0.00157419	3.72287	0.247661	0
3.84296	0.00155324	3.87312	0.250731	0
3.84257	0.00158643	3.77295	0.245955	0
3.84455	0.00160757	3.90651	0.254824	0
3.84354	0.00157933	3.77295	0.248002	0
3.84125	0.00157543	3.9399	0.251413	0
3.83901	0.00150789	3.82304	0.249366	0
3.83657	0.00150464	3.80634	0.248002	0
3.83852	0.00154218	3.9399	0.253801	0
3.84115	0.00158701	3.87312	0.254142	0
3.83953	0.00153841	4.00668	0.253119	0
3.83829	0.00152683	4.2571	0.258577	0
3.8369	0.00149254	3.50584	0.239474	0
3.83683	0.00157875	3.73957	0.249366	0
3.8374	0.00154316	3.70618	0.242885	0
3.83678	0.00152683	3.75626	0.245273	0
3.83482	0.0015697	3.58932	0.241861	0
3.83359	0.00149898	3.13856	0.224805	0
3.83321	0.00150555	3.58932	0.246296	0
3.83289	0.00148714	3.58932	0.241861	0
3.832	0.00150568	3.42237	0.23231	0
3.83238	0.00149416	3.47245	0.237427	0
3.83087	0.00148453	3.3389	0.230945	0
3.8286	0.00149657	3.6394	0.245614	0
3.82926	0.00150594	3.37229	0.234357	0
3.83097	0.00150041	3.87312	0.24732	0
3.83086	0.00153444	3.57262	0.241179	0
3.82798	0.001525	3.3389	0.228557	0
3.82765	0.00147549	3.3222	0.236403	0
3.82912	0.00145727	3.42237	0.234698	0
3.82755	0.00145525	3.38898	0.23845	0
3.82724	0.00145142	3.22204	0.227534	0
3.82838	0.00146729	3.55593	0.241861	0
3.82798	0.00148076	3.27212	0.235039	0
3.82647	0.00144009	3.3222	0.232992	0
3.82729	0.00146085	3.40568	0.234015	0
3.82744	0.00151986	3.70618	0.249707	0
3.82495	0.00147185	3.22204	0.227534	0
3.82456	0.00151856	3.73957	0.243567	0
3.82351	0.00148278	3.6227	0.239132	0
3.82355	0.00152429	3.70618	0.248343	0
3.82457	0.00149846	3.6394	0.249025	0
3.82254	0.00147555	3.05509	0.224805	0
3.82036	0.00143014	3.12187	0.225487	0
3.82125	0.00144179	3.0384	0.228898	0
3.82174	0.00139969	3.27212	0.228898	0
3.82286	0.00147835	3.48915	0.24459	0
3.82086	0.00148161	3.37229	0.23538	0
3.81919	0.00146423	3.20534	0.230604	0
3.81897	0.00143033	3.10518	0.220029	0
3.82056	0.00149683	3.52254	0.245614	0
3.81833	0.00137321	2.7379	0.211842	0
3.81714	0.00140802	3.17195	0.227193	0
3.81959	0.00150054	3.60601	0.241179	0
3.81808	0.00145532	3.07179	0.221394	0
3.81483	0.00141335	3.12187	0.22924	0
3.81558	0.00140502	3.23873	0.237427	0
3.81901	0.00145408	3.50584	0.239474	0
3.81825	0.00146469	2.93823	0.215936	0
3.81573	0.00142493	3.13856	0.230945	0
3.81482	0.00141582	2.92154	0.219006	0
3.81578	0.00140281	3.15526	0.225487	0
3.81461	0.00142435	2.90484	0.215936	0
3.81355	0.00139884	2.90484	0.215936	0
3.81296	0.00136013	3.18865	0.227534	0
3.81162	0.00137392	3.05509	0.22344	0
3.81286	0.00142734	3.13856	0.22344	0
3.81181	0.0013639	2.70451	0.210477	0
3.8085	0.00133482	2.60434	0.202973	0
3.81116	0.00137503	3.05509	0.225828	0
3.81149	0.00135753	2.92154	0.217982	0
3.80997	0.0013909	2.75459	0.210819	0
3.8112	0.00138036	3.12187	0.227875	0
3.81131	0.00139539	2.92154	0.215253	0
3.81083	0.00141342	2.93823	0.22344	0
3.80903	0.00136247	2.4207	0.200585	0
3.80693	0.00134237	2.65442	0.207407	0
3.80819	0.00135551	2.85476	0.216959	0
3.80845	0.00137112	2.90484	0.214571	0
3.80532	0.00135141	2.47078	0.20229	0
3.80331	0.00135128	2.33723	0.201608	0
3.80419	0.00132974	2.4207	0.203314	0
3.80364	0.00132031	2.30384	0.194785	0
3.80333	0.00131178	2.4374	0.202631	0
3.80449	0.00132213	2.57095	0.203314	0
3.80543	0.00137815	2.55426	0.201267	0
3.80483	0.00132877	2.4207	0.19615	0
3.80293	0.00133612	2.82137	0.218323	0
3.8043	0.00132551	2.58765	0.206384	0
3.80482	0.00134367	2.62104	0.203655	0
3.80308	0.001322	2.68781	0.210136	0
3.80307	0.00133007	2.38731	0.196491	0
3.80273	0.00132694	2.90484	0.221052	0
3.80193	0.00138323	2.52087	0.206725	0
3.79962	0.00133931	2.4374	0.199902	0
3.79895	0.0012799	2.27045	0.192056	0
3.79831	0.0013354	2.40401	0.198538	0
3.79791	0.00130879	2.08681	0.184893	0
3.79638	0.00127092	2.40401	0.195809	0
3.79762	0.0012596	2.4207	0.19922	0
3.7962	0.00122427	2.25376	0.191374	0
3.7959	0.00129279	2.27045	0.192056	0
3.79566	0.00125902	2.10351	0.186939	0
3.7959	0.00125531	2.10351	0.185575	0
3.79512	0.00122935	2.30384	0.191715	0
3.79401	0.00121926	1.88648	0.176364	0
3.79162	0.00120761	1.71953	0.167495	0
3.79184	0.00122512	2.15359	0.190351	0
3.79336	0.0012	2.02003	0.182164	0
3.79404	0.00123227	2.32053	0.195468	0
3.78971	0.00119252	1.55259	0.159649	0
3.78833	0.00117176	1.56928	0.158626	0
3.78964	0.00123058	1.93656	0.178752	0
3.7884	0.00119011	1.55259	0.161355	0
3.78607	0.00116838	1.68614	0.165789	0
3.78692	0.0011376	1.46912	0.155555	0
3.78635	0.0011501	1.58598	0.159649	0
3.78601	0.00115888	1.76962	0.169883	0
3.78536	0.00109492	1.16861	0.137817	0
3.78535	0.00110663	1.58598	0.161355	0
3.78664	0.00114873	1.78631	0.16886	0
3.78644	0.00114951	1.33556	0.148733	0
3.78486	0.00112127	1.63606	0.165448	0
3.78446	0.00111379	1.28548	0.144298	0
3.78285	0.00108048	1.2187	0.142593	0
3.78233	0.00111821	1.5025	0.157261	0
3.78199	0.00108419	1.28548	0.144298	0
3.78148	0.00108796	1.33556	0.150439	0
3.78271	0.00109173	1.31886	0.147709	0
3.78327	0.00107319	1.30217	0.14498	0
3.78222	0.00112082	1.43573	0.155555	0
3.78225	0.00111405	1.46912	0.157261	0
3.78162	0.00105705	1.35225	0.149756	0
3.78298	0.00113884	1.60267	0.162037	0
3.78159	0.0010631	1.18531	0.138499	0
3.78052	0.00109447	1.5192	0.156238	0
3.78364	0.00108965	1.48581	0.154532	0
3.78333	0.00107443	1.30217	0.147027	0
3.77984	0.00105126	1.202	0.139522	0
3.78095	0.00113786	1.55259	0.161355	0
3.7799	0.00107404	1.16861	0.137817	0
3.77732	0.00107267	1.25209	0.148051	0
3.77938	0.00108028	1.35225	0.147709	0
3.77869	0.00108275	1.30217	0.14498	0
3.77851	0.00110533	1.45242	0.154873	0
3.77978	0.00109707	1.2187	0.142593	0
3.77703	0.00107996	1.25209	0.142251	0
3.77716	0.00104905	1.18531	0.138499	0
3.77899	0.00109603	1.41903	0.162037	0
3.7796	0.00110045	1.26878	0.147027	0
3.77738	0.00105426	1.36895	0.150439	0
3.77699	0.00106727	1.13523	0.13577	0
3.7777	0.00109134	1.202	0.139522	0
3.7764	0.00105966	1.31886	0.151462	0
3.77587	0.00105087	1.05175	0.130653	0
3.77699	0.00105497	1.26878	0.143275	0
3.77855	0.00107189	1.31886	0.149756	0
3.77808	0.00106766	1.46912	0.15385	0
3.77685	0.00104502	1.08514	0.1327	0
3.7759	0.00105998	1.05175	0.133041	0
3.77573	0.00105744	1.13523	0.13577	0
3.77585	0.00109063	1.16861	0.137817	0
3.77638	0.00104632	1.08514	0.134747	0
3.77546	0.00104033	1.202	0.141569	0
3.77419	0.00104476	1.15192	0.13884	0
3.77291	0.0010389	1.16861	0.139522	0
3.77309	0.00103799	1.01836	0.128606	0
3.7747	0.00104703	1.15192	0.136793	0
3.77506	0.00107039	1.202	0.139522	0
3.77352	0.00105855	1.08514	0.1327	0
3.77295	0.00105315	1.05175	0.130653	0
3.77412	0.00104254	1.03506	0.12963	0
3.77425	0.00106089	1.16861	0.141569	0
3.77401	0.00109837	1.31886	0.147709	0
3.77517	0.00109095	1.18531	0.142593	0
3.77399	0.00107352	1.00167	0.129971	0
3.77297	0.00108347	1.08514	0.134747	0
3.77286	0.00104463	1.00167	0.127583	0
3.77377	0.00104437	1.18531	0.138499	0
3.77334	0.0010147	0.984975	0.126559	0
3.77212	0.00102979	1.13523	0.13577	0
3.77318	0.00105393	1.10184	0.13577	0
3.7728	0.00100429	0.901503	0.123489	0
3.77109	0.00103766	0.951586	0.124513	0
3.77058	0.0010024	0.834725	0.119055	0
3.77075	0.00102934	1.11853	0.136793	0
3.77097	0.00101866	1.01836	0.128606	0
3.76976	0.00102276	0.767947	0.112232	0
3.76946	0.00104222	1.00167	0.129971	0
3.77041	0.00105953	1.202	0.141569	0
3.76955	0.00103077	1.03506	0.132017	0
3.76886	0.000985677	1.13523	0.137817	0
3.77056	0.0010212	0.934891	0.125877	0
3.77181	0.00101632	1.202	0.141569	0
3.77124	0.00102211	0.984975	0.126559	0
3.76977	0.00100019	0.901503	0.123489	0
3.76938	0.00101203	1.05175	0.133041	0
3.77069	0.00102296	0.934891	0.125877	0
3.76973	0.00101222	0.96828	0.125536	0
3.76867	0.000976502	1.00167	0.127583	0
3.76971	0.00100168	0.96828	0.125536	0
3.76913	0.00100012	0.918197	0.124513	0
3.7684	0.000994265	0.851419	0.118031	0
3.76907	0.000985351	0.901503	0.121442	0
3.76852	0.000985481	0.868114	0.119055	0
3.76854	0.00101691	0.868114	0.121442	0
3.769	0.00101261	1.11853	0.134747	0
3.76934	0.00102563	1.05175	0.133041	0
3.76866	0.00101483	0.868114	0.12383	0
3.76761	0.00101593	1.06845	0.136111	0
3.76864	0.00100877	0.96828	0.125536	0
3.76731	0.000983269	0.81803	0.115643	0
3.76737	0.00100298	0.81803	0.115643	0
3.76831	0.00105263	1.10184	0.13577	0
3.76795	0.00102296	0.984975	0.128947	0
3.76625	0.00101047	0.834725	0.116667	0
3.76515	0.000970647	0.801336	0.11462	0
3.76636	0.000984831	1.03506	0.12963	0
3.76687	0.000997258	0.934891	0.123489	0
3.76555	0.000966808	0.567613	0.0965399	0
3.76496	0.000921392	0.767947	0.112232	0
3.76661	0.000976437	0.784641	0.113255	0
3.76586	0.000988474	0.751252	0.110867	0
3.76641	0.000979105	0.884808	0.120078	0
3.76855	0.000976893	0.984975	0.126559	0
3.76827	0.000973444	0.96828	0.127924	0
3.76625	0.000980016	0.767947	0.112232	0
3.76622	0.000967133	0.868114	0.12383	0
3.76712	0.000970061	0.918197	0.122466	0
3.7656	0.00100142	0.901503	0.121442	0
3.76533	0.00101925	0.834725	0.119055	0
3.76606	0.00102107	1.11853	0.134747	0
3.76446	0.00097904	0.751252	0.110867	0
3.763	0.000982749	0.717863	0.111209	0
3.76532	0.00100604	1.06845	0.131676	0
3.76607	0.0010212	0.984975	0.126559	0
3.76396	0.000985807	0.634391	0.101998	0
3.76462	0.000975071	0.901503	0.123489	0
3.76607	0.000991207	0.834725	0.119055	0
3.76433	0.000965767	0.751252	0.115984	0
3.76428	0.000970842	0.734558	0.109844	0
3.76466	0.00094963	0.868114	0.119055	0
3.76376	0.000983009	0.801336	0.11462	0
3.76321	0.000995371	0.751252	0.110867	0
3.762	0.000939936	0.584307	0.0979044	0
3.76378	0.000965051	0.884808	0.120078	0
3.76383	0.000993745	0.701169	0.107115	0
3.76259	0.000972729	0.734558	0.112232	0
3.76223	0.000944685	0.734558	0.109844	0
3.76441	0.000992118	0.717863	0.108479	0
3.76442	0.000989385	0.717863	0.108479	0
3.76299	0.000972338	0.651085	0.103363	0
3.76422	0.000969996	0.834725	0.116667	0
3.76448	0.000971427	0.884808	0.122466	0
3.7646	0.000988605	0.651085	0.108821	0
3.76516	0.001013	1.06845	0.131676	0
3.76264	0.000980992	0.751252	0.115984	0
3.76194	0.000970972	0.834725	0.116667	0
3.76299	0.000982554	0.934891	0.123489	0
3.76228	0.000946247	0.651085	0.103363	0
3.76148	0.000969215	0.834725	0.116667	0
3.76186	0.000952949	0.834725	0.116667	0
3.76347	0.000958544	0.834725	0.116667	0
3.76274	0.000956723	0.834725	0.116667	0
3.7619	0.000992899	0.684474	0.108479	0
3.76237	0.000990231	0.751252	0.110867	0
3.76269	0.000986783	0.751252	0.113596	0
3.7622	0.000990882	0.767947	0.112232	0
3.76179	0.000965767	0.617696	0.100633	0
3.76175	0.000989776	0.734558	0.11462	0
3.76173	0.000949826	0.717863	0.108479	0
3.76143	0.000981643	0.868114	0.119055	0
3.76172	0.000990557	0.734558	0.109844	0
3.76222	0.00100084	0.901503	0.121442	0
3.7614	0.000963099	0.66778	0.104727	0
3.76072	0.000940586	0.534224	0.0938109	0
3.76263	0.000952493	1.05175	0.130653	0
3.76261	0.000941302	0.617696	0.100633	0
3.76052	0.00096375	0.81803	0.115643	0
3.76127	0.000960106	0.801336	0.11462	0
3.76142	0.000948069	0.617696	0.100633	0
3.76126	0.000937008	0.767947	0.112232	0
3.76214	0.000948719	0.734558	0.112232	0
3.76098	0.000948199	0.634391	0.101998	0
3.76115	0.000967979	0.701169	0.107115	0
3.76115	0.000988084	0.717863	0.108479	0
3.76101	0.000947939	0.601002	0.0992689	0
3.76114	0.000987824	0.81803	0.115643	0
3.76027	0.00095874	0.717863	0.108479	0
3.76006	0.00094898	0.751252	0.110867	0
3.76014	0.000915861	0.601002	0.102339	0
3.75952	0.000926597	0.584307	0.0979044	0
3.76012	0.000967523	0.717863	0.108479	0
3.75946	0.000884109	0.417362	0.0828947	0
3.75865	0.000890681	0.617696	0.103363	0
3.76091	0.000940066	0.784641	0.113255	0
3.76046	0.000956788	0.767947	0.112232	0
3.76039	0.000928224	0.534224	0.0938109	0
3.75916	0.000946963	0.651085	0.106092	0
3.75975	0.000911112	0.550918	0.0951754	0
3.75959	0.000915601	0.634391	0.101998	0
3.7593	0.000943644	0.684474	0.106092	0
3.75961	0.000930436	0.784641	0.115643	0
3.75953	0.000926727	0.717863	0.108479	0
3.75981	0.000961277	0.651085	0.103363	0
3.76066	0.000944425	0.951586	0.126901	0
3.76042	0.000985286	0.751252	0.110867	0
3.75955	0.000929525	0.634391	0.101998	0
3.7595	0.000946117	0.550918	0.0951754	0
3.75878	0.00092393	0.684474	0.106092	0
3.7593	0.000941367	0.684474	0.106092	0
3.75959	0.000926272	0.467446	0.0876705	0
3.75917	0.000936292	0.66778	0.104727	0
3.76021	0.000962448	0.584307	0.0979044	0
3.75847	0.000946442	0.751252	0.113596	0
3.7591	0.00097917	0.66778	0.109844	0
3.75919	0.000968239	0.767947	0.112232	0
3.75779	0.000930241	0.634391	0.101998	0
3.75782	0.000938179	0.651085	0.108821	0
3.7585	0.000955942	0.751252	0.113596	0
3.7599	0.000945141	0.734558	0.109844	0
3.75857	0.00094384	0.48414	0.0893762	0
3.75822	0.00094937	0.751252	0.110867	0
3.75964	0.000956657	0.651085	0.103363	0
3.75799	0.0009495	0.601002	0.0992689	0
3.75782	0.000929785	0.567613	0.0965399	0
3.75826	0.000905711	0.48414	0.0893762	0
3.75802	0.000920026	0.500835	0.0907407	0
3.75841	0.000940326	0.684474	0.108479	0
3.75865	0.000907858	0.684474	0.106092	0
3.75801	0.000959781	0.684474	0.108479	0
3.75745	0.000914625	0.467446	0.0876705	0
3.75722	0.000922433	0.584307	0.0979044	0
3.75779	0.000931672	0.634391	0.101998	0
3.75786	0.000922238	0.450751	0.086306	0
3.75891	0.000923279	0.651085	0.103363	0
3.75956	0.000933494	0.734558	0.109844	0
3.7591	0.000911307	0.550918	0.0982456	0
3.75746	0.00093935	0.550918	0.0951754	0
3.758	0.00092445	0.684474	0.106092	0
3.75848	0.000944425	0.651085	0.103363	0
3.759	0.000977804	0.567613	0.0965399	0
3.75773	0.0009441	0.634391	0.101998	0
3.75725	0.000895496	0.601002	0.0992689	0
3.75665	0.000872007	0.434057	0.0846003	0
3.75572	0.000877408	0.517529	0.0924463	0
3.75646	0.000920351	0.584307	0.0979044	0
3.75735	0.00092946	0.584307	0.0979044	0
3.75676	0.000930241	0.684474	0.106092	0
3.75744	0.000936878	0.734558	0.11462	0
3.75867	0.000931607	0.617696	0.100633	0
3.75879	0.000907208	0.584307	0.0979044	0
3.75748	0.000900116	0.584307	0.0979044	0
3.7586	0.00090428	0.601002	0.0992689	0
3.75808	0.000905256	0.617696	0.100633	0
3.75679	0.000886192	0.534224	0.0938109	0
3.75779	0.000900311	0.784641	0.113255	0
3.75769	0.000941172	0.434057	0.0880116	0
3.75678	0.000905061	0.550918	0.0951754	0
3.75774	0.000905646	0.651085	0.103363	0
3.75711	0.000913844	0.517529	0.0924463	0
3.75694	0.000931087	0.601002	0.0992689	0
3.75829	0.000950411	0.801336	0.11462	0
3.75802	0.000920546	0.584307	0.0979044	0
3.75791	0.00093883	0.684474	0.106092	0
3.7583	0.000960366	0.734558	0.109844	0
3.75631	0.000905971	0.584307	0.100975	0
3.7568	0.000886972	0.450751	0.086306	0
3.75872	0.000973379	0.851419	0.122466	0
3.75749	0.000971232	0.48414	0.0893762	0
3.75489	0.000914495	0.434057	0.0846003	0
3.75702	0.000900051	0.48414	0.0893762	0
3.75792	0.000912478	0.701169	0.107115	0
3.75657	0.000932974	0.567613	0.0965399	0
3.75676	0.000951843	0.450751	0.086306	0
3.75837	0.000927964	0.567613	0.0965399	0
3.75775	0.000913454	0.434057	0.0846003	0
3.75698	0.000905906	0.467446	0.0876705	0
3.75747	0.000898359	0.517529	0.0924463	0
3.75733	0.000892243	0.450751	0.086306	0
3.75666	0.000916187	0.634391	0.104727	0
3.75707	0.000903369	0.500835	0.0907407	0
3.75779	0.000924515	0.651085	0.103363	0
3.75781	0.000961082	0.767947	0.112232	0
3.75638	0.000893088	0.367279	0.0781189	0
3.75549	0.00090968	0.500835	0.0907407	0
3.75695	0.000928484	0.534224	0.0938109	0
3.75655	0.00092894	0.651085	0.103363	0
3.75693	0.000943449	0.517529	0.0924463	0
3.75663	0.000940001	0.517529	0.0951754	0
3.75632	0.000890681	0.500835	0.0907407	0
3.75688	0.000922498	0.550918	0.0951754	0
3.75656	0.000938439	0.617696	0.100633	0
3.75717	0.000893154	0.66778	0.107456	0
3.75732	0.000896797	0.434057	0.0846003	0
3.75792	0.000921002	0.584307	0.100975	0
3.75846	0.000942278	0.651085	0.103363	0
3.75653	0.000913975	0.534224	0.0938109	0
3.75595	0.000900571	0.48414	0.0893762	0
3.7558	0.000890226	0.517529	0.0951754	0
3.75595	0.000903499	0.400668	0.0815302	0
3.75554	0.000881767	0.367279	0.0781189	0
3.75657	0.000940131	0.701169	0.107115	0
3.75683	0.000909485	0.383973	0.0798245	0
3.75648	0.000910461	0.601002	0.102339	0
3.75822	0.000917683	0.617696	0.100633	0
3.7571	0.00092458	0.550918	0.0951754	0
3.75548	0.000906687	0.417362	0.0828947	0
3.75631	0.000905581	0.517529	0.0951754	0
3.7567	0.000892828	0.500835	0.0907407	0
3.75493	0.00087422	0.267112	0.0665204	0
3.75665	0.000897968	0.550918	0.0951754	0
3.75645	0.000903824	0.400668	0.0815302	0
3.75518	0.000905386	0.567613	0.0965399	0
3.75541	0.000891006	0.283806	0.0685672	0
3.75538	0.000891722	0.467446	0.0876705	0
3.75619	0.000883849	0.584307	0.0979044	0
3.75495	0.000871942	0.467446	0.0876705	0
3.75516	0.000905906	0.500835	0.0907407	0
3.75766	0.00090903	0.517529	0.0924463	0
3.75679	0.00088502	0.534224	0.0938109	0
3.75586	0.000882873	0.450751	0.086306	0
3.75677	0.000875781	0.467446	0.0876705	0
3.75661	0.000888144	0.48414	0.0893762	0
3.75607	0.000890486	0.467446	0.0876705	0
3.75625	0.000906037	0.517529	0.0924463	0
3.75673	0.000887363	0.450751	0.086306	0
3.75705	0.000934991	0.684474	0.106092	0
3.75637	0.000893609	0.417362	0.086306	0
3.75584	0.000874805	0.434057	0.0846003	0
3.75655	0.000860361	0.317195	0.0726608	0
3.75742	0.000891852	0.550918	0.0951754	0
3.75785	0.000888599	0.434057	0.0846003	0
3.75676	0.000854114	0.500835	0.0907407	0
3.75641	0.000893739	0.450751	0.086306	0
3.75572	0.000900766	0.48414	0.0893762	0
3.7559	0.000887753	0.467446	0.0876705	0
3.75659	0.000878189	0.400668	0.0815302	0
3.75559	0.000887233	0.467446	0.0876705	0
3.75559	0.000881572	0.434057	0.0846003	0
3.7568	0.000887298	0.550918	0.0951754	0
3.75714	0.000908314	0.48414	0.0924463	0
3.75566	0.000903824	0.500835	0.0938109	0
3.75549	0.000887558	0.450751	0.086306	0
3.75575	0.000872593	0.434057	0.0846003	0
3.75599	0.000872658	0.48414	0.0893762	0
3.75542	0.000879815	0.300501	0.070614	0
3.75602	0.000888274	0.450751	0.086306	0
3.75731	0.000872528	0.450751	0.086306	0
3.75675	0.000863093	0.400668	0.0815302	0
3.75711	0.000892113	0.517529	0.0924463	0
3.75789	0.000903044	0.517529	0.0924463	0
3.7566	0.000892893	0.383973	0.0798245	0
3.75601	0.0008845	0.367279	0.0781189	0
3.75659	0.000908314	0.400668	0.0815302	0
3.75659	0.000886452	0.367279	0.0781189	0
3.75551	0.000857368	0.33389	0.0743664	0
3.75537	0.000856196	0.400668	0.0815302	0
3.75652	0.000883654	0.48414	0.0924463	0
3.75778	0.000890161	0.350584	0.0798245	0
3.75706	0.000871031	0.383973	0.0798245	0
3.75779	0.000882548	0.467446	0.0876705	0
3.75808	0.000888209	0.467446	0.0876705	0
3.75561	0.000871877	0.317195	0.0726608	0
3.75502	0.000893088	0.33389	0.0743664	0
3.75668	0.000862313	0.467446	0.0876705	0
3.75566	0.000880856	0.317195	0.0726608	0
3.75625	0.000903759	0.617696	0.100633	0
3.75549	0.000869209	0.450751	0.086306	0
3.75544	0.000892243	0.417362	0.0828947	0
3.7571	0.000893154	0.400668	0.0815302	0
3.75556	0.000853008	0.350584	0.0760721	0
3.7549	0.00086498	0.283806	0.0685672	0
3.75666	0.000850666	0.400668	0.0815302	0
3.75669	0.000835961	0.400668	0.0815302	0
3.75542	0.000848454	0.417362	0.0828947	0
3.75538	0.000844094	0.267112	0.0665204	0
3.75606	0.000857823	0.383973	0.0798245	0
3.75565	0.000839149	0.33389	0.0743664	0
3.75614	0.000862443	0.434057	0.0846003	0
3.7565	0.00086511	0.350584	0.0760721	0
3.75679	0.000875	0.400668	0.0846003	0
3.75543	0.000866477	0.434057	0.0846003	0
3.75579	0.000862247	0.317195	0.0726608	0
3.7564	0.000846892	0.517529	0.0924463	0
3.7578	0.000859385	0.400668	0.0815302	0
3.75723	0.000874024	0.500835	0.0907407	0
3.75658	0.000835245	0.33389	0.0781189	0
3.75593	0.000841622	0.300501	0.070614	0
3.75662	0.000845851	0.350584	0.0760721	0
3.75683	0.000873048	0.400668	0.0815302	0
3.75691	0.000845265	0.300501	0.070614	0
3.75617	0.00087949	0.33389	0.0743664	0
3.75671	0.000880726	0.400668	0.0815302	0
3.7571	0.000891006	0.33389	0.0743664	0
3.75697	0.000863028	0.383973	0.0798245	0
3.75693	0.000854114	0.300501	0.070614	0
3.75718	0.00086511	0.317195	0.0726608	0
3.75637	0.000854505	0.434057	0.0846003	0
3.75736	0.000847738	0.317195	0.0726608	0
3.75671	0.000860881	0.317195	0.0726608	0
3.7561	0.000853919	0.300501	0.070614	0
3.75782	0.00084019	0.33389	0.0743664	0
3.75727	0.000855416	0.317195	0.0726608	0
3.75819	0.000856977	0.467446	0.0876705	0
3.75712	0.000862833	0.317195	0.0726608	0
3.75634	0.000841427	0.33389	0.0743664	0
3.75701	0.000828674	0.33389	0.0743664	0
3.75719	0.000872593	0.300501	0.070614	0
3.7564	0.00086524	0.283806	0.0685672	0
3.75581	0.00084533	0.317195	0.0764132	0
3.75673	0.000852943	0.350584	0.0798245	0
3.75726	0.000865696	0.383973	0.0798245	0
3.75854	0.000863484	0.450751	0.0893762	0
3.75785	0.000870251	0.434057	0.0846003	0
3.75794	0.00087975	0.300501	0.070614	0
3.75576	0.000858018	0.450751	0.086306	0
3.7565	0.00084533	0.33389	0.0743664	0
3.75763	0.00086973	0.400668	0.0815302	0
3.75604	0.000879685	0.383973	0.0832358	0
3.75623	0.000851447	0.317195	0.0726608	0
3.75647	0.000868364	0.467446	0.0876705	0
3.75716	0.00085984	0.400668	0.0815302	0
3.75688	0.000851382	0.317195	0.0726608	0
3.75675	0.000867062	0.300501	0.070614	0
3.75718	0.000849885	0.300501	0.070614	0
3.75644	0.000841231	0.317195	0.0726608	0
3.75724	0.000835245	0.317195	0.0726608	0
3.75773	0.000819955	0.250417	0.0644736	0
3.75722	0.000837458	0.250417	0.0644736	0
3.75842	0.000872268	0.467446	0.0910818	0
3.7593	0.000843704	0.434057	0.0846003	0
3.75858	0.000864264	0.367279	0.0781189	0
3.75815	0.000881442	0.267112	0.0665204	0
3.75823	0.000863223	0.367279	0.0781189	0
3.75627	0.000820085	0.267112	0.0665204	0
3.75785	0.000841687	0.217028	0.0600389	0
3.7586	0.000847738	0.383973	0.0798245	0
3.75714	0.000847022	0.300501	0.070614	0
3.75767	0.000855806	0.400668	0.0815302	0
3.75699	0.000875195	0.350584	0.0760721	0
3.75752	0.000857563	0.317195	0.0726608	0
3.75721	0.000828283	0.267112	0.0665204	0
3.75686	0.000823468	0.300501	0.070614	0
3.75769	0.000857107	0.283806	0.0685672	0
3.75864	0.000856457	0.33389	0.0743664	0
3.75758	0.000835245	0.317195	0.0726608	0
3.75662	0.000833814	0.267112	0.070614	0
3.7572	0.000847347	0.33389	0.0743664	0
3.75782	0.000853008	0.383973	0.0798245	0
3.75899	0.000860686	0.434057	0.0846003	0
3.7592	0.000868429	0.400668	0.0815302	0
3.75723	0.000856392	0.267112	0.070614	0
3.75815	0.000849495	0.350584	0.0760721	0
3.76054	0.000862833	0.550918	0.0951754	0
3.75943	0.000873048	0.300501	0.070614	0
3.75809	0.000876952	0.350584	0.0798245	0
3.75877	0.000858669	0.300501	0.070614	0
3.75818	0.000851707	0.267112	0.0665204	0
3.75852	0.00084982	0.217028	0.0600389	0
3.7589	0.00086498	0.400668	0.0815302	0
3.75799	0.000865371	0.317195	0.0726608	0
3.7588	0.000855611	0.417362	0.0828947	0
3.75887	0.000847087	0.250417	0.0644736	0
3.75749	0.000862052	0.250417	0.0644736	0
3.75886	0.000860426	0.400668	0.0815302	0
3.75875	0.00084507	0.250417	0.0644736	0
3.75798	0.000850015	0.400668	0.0815302	0
3.75924	0.000891527	0.500835	0.0907407	0
3.75942	0.000882743	0.417362	0.0828947	0
3.75878	0.000841036	0.217028	0.0600389	0
3.75899	0.000857042	0.367279	0.0781189	0
3.7599	0.00086023	0.33389	0.0743664	0
3.7592	0.000866151	0.183639	0.0552631	0
3.75901	0.000827503	0.300501	0.070614	0
3.75889	0.000816506	0.317195	0.0764132	0
3.7585	0.000818068	0.267112	0.0665204	0
3.75906	0.000821321	0.367279	0.0781189	0
3.75828	0.000828088	0.166945	0.0525341	0
3.75736	0.000818133	0.217028	0.0600389	0
3.758	0.000815205	0.300501	0.070614	0
3.7592	0.00084468	0.317195	0.0726608	0
3.75876	0.00084995	0.434057	0.0846003	0
3.75892	0.000849755	0.283806	0.0685672	0
3.75922	0.000853008	0.350584	0.0760721	0
3.75986	0.000838564	0.317195	0.0726608	0
3.75896	0.0008547	0.283806	0.0685672	0
3.75821	0.000834465	0.250417	0.0644736	0
3.75856	0.000830365	0.217028	0.0600389	0
3.75974	0.000843378	0.300501	0.070614	0
3.75923	0.000853594	0.434057	0.0846003	0
3.75978	0.000849234	0.300501	0.070614	0
3.75885	0.000851251	0.283806	0.0685672	0
3.75901	0.000839019	0.283806	0.0726608	0
3.75985	0.000839995	0.283806	0.0685672	0
3.76005	0.000857953	0.300501	0.070614	0
3.75902	0.000815661	0.250417	0.0644736	0
3.75966	0.000832578	0.267112	0.0665204	0
3.7607	0.000861532	0.350584	0.0760721	0
3.76046	0.000841427	0.300501	0.070614	0
3.76055	0.000845656	0.400668	0.0815302	0
3.76102	0.000825551	0.217028	0.0600389	0
3.75899	0.000826917	0.283806	0.0685672	0
3.75865	0.000815726	0.250417	0.0644736	0
3.76022	0.000825095	0.233723	0.0624269	0
3.7599	0.000821516	0.300501	0.0743664	0
3.75958	0.000848258	0.250417	0.0644736	0
3.75982	0.000863874	0.183639	0.0552631	0
3.75972	0.000849104	0.250417	0.0644736	0
3.75974	0.000839995	0.283806	0.0685672	0
3.75921	0.000825876	0.33389	0.0743664	0
3.76	0.000839735	0.317195	0.0726608	0
3.76116	0.00086485	0.383973	0.0798245	0
3.76077	0.000841817	0.367279	0.0781189	0
3.75975	0.000842728	0.250417	0.0644736	0
3.75912	0.000831797	0.200334	0.057651	0
3.75949	0.00082002	0.183639	0.0552631	0
3.76033	0.000836351	0.33389	0.0781189	0
3.76045	0.000836677	0.350584	0.0760721	0
3.76101	0.000845396	0.250417	0.0644736	0
3.76019	0.000814034	0.283806	0.0685672	0
3.75972	0.000808308	0.300501	0.070614	0
3.76065	0.000825811	0.300501	0.070614	0
3.76115	0.000857433	0.300501	0.070614	0
3.7607	0.000864785	0.317195	0.0726608	0
3.76112	0.000831797	0.317195	0.0726608	0
3.76073	0.000806551	0.267112	0.0665204	0
3.76111	0.000826461	0.317195	0.0726608	0
3.76161	0.000853984	0.383973	0.0832358	0
3.76178	0.000848714	0.33389	0.0743664	0
3.76172	0.000836351	0.183639	0.0552631	0
3.76126	0.000857107	0.300501	0.070614	0
3.76074	0.000839409	0.300501	0.070614	0
3.76011	0.000819955	0.267112	0.0665204	0
3.76138	0.000832773	0.267112	0.0665204	0
3.76206	0.000841036	0.33389	0.0743664	0
3.76082	0.000828348	0.300501	0.070614	0
3.76103	0.000828869	0.350584	0.0760721	0
3.76088	0.000843769	0.217028	0.0600389	0
3.76032	0.000819044	0.217028	0.0600389	0
3.76126	0.000806356	0.250417	0.0644736	0
3.76228	0.000852292	0.350584	0.0760721	0
3.7621	0.000832513	0.350584	0.0798245	0
3.76199	0.000845526	0.300501	0.070614	0
3.7607	0.000811822	0.217028	0.0600389	0
3.76093	0.000832252	0.267112	0.0665204	0
3.76226	0.000839214	0.300501	0.0743664	0
3.76136	0.00083004	0.217028	0.0600389	0
3.76089	0.00083967	0.283806	0.0685672	0
3.76244	0.0008398	0.400668	0.0846003	0
3.7629	0.000851642	0.233723	0.0624269	0
3.76306	0.000833163	0.33389	0.0743664	0
3.76275	0.000822037	0.267112	0.0665204	0
3.76284	0.000813644	0.367279	0.0781189	0
3.763	0.000824705	0.283806	0.0726608	0
3.76218	0.000811106	0.15025	0.0501462	0
3.7626	0.000824965	0.300501	0.070614	0
3.76332	0.000835831	0.250417	0.0644736	0
3.76215	0.000831732	0.283806	0.0685672	0
3.76241	0.000817613	0.317195	0.0726608	0
3.76303	0.000816181	0.250417	0.0644736	0
3.76319	0.000847217	0.283806	0.0685672	0
3.7625	0.000835115	0.183639	0.0552631	0
3.76151	0.000804925	0.183639	0.0552631	0
3.76179	0.000805185	0.183639	0.0552631	0
3.76317	0.000823403	0.267112	0.0665204	0
3.76306	0.000830365	0.300501	0.070614	0
3.76275	0.000807853	0.116861	0.0440058	0
3.76226	0.000791847	0.317195	0.0726608	0
3.7616	0.000801216	0.166945	0.0525341	0
3.76227	0.000808113	0.300501	0.070614	0
3.76296	0.000828348	0.317195	0.0726608	0
3.76358	0.000822948	0.250417	0.0644736	0
3.76342	0.000814229	0.250417	0.0644736	0
3.76295	0.00081	0.166945	0.0525341	0
3.76321	0.000832057	0.267112	0.0665204	0
3.76368	0.000828739	0.267112	0.0665204	0
3.76404	0.000864785	0.300501	0.070614	0
3.76259	0.000847673	0.233723	0.0624269	0
3.76289	0.000816897	0.183639	0.0552631	0
3.76464	0.000834139	0.367279	0.0781189	0
3.76469	0.000839409	0.400668	0.0815302	0
3.7636	0.000845851	0.317195	0.0726608	0
3.76306	0.000816767	0.217028	0.0600389	0
3.76352	0.000837002	0.367279	0.0781189	0
3.76341	0.000829194	0.183639	0.0552631	0
3.76237	0.000819109	0.250417	0.0685672	0
3.76305	0.000836482	0.267112	0.0665204	0
3.76346	0.000832773	0.233723	0.0624269	0
3.76314	0.000839084	0.250417	0.0644736	0
3.76357	0.000837848	0.367279	0.0781189	0
3.76457	0.000833423	0.267112	0.0665204	0
3.76421	0.000839995	0.300501	0.070614	0
3.76499	0.000821451	0.15025	0.0501462	0
3.76301	0.000819239	0.15025	0.0501462	0
3.76309	0.000799004	0.250417	0.0644736	0
3.76412	0.000829389	0.166945	0.0525341	0
3.76442	0.000801476	0.217028	0.0600389	0
3.76435	0.00081501	0.33389	0.0743664	0
3.76412	0.000810195	0.166945	0.0525341	0
3.76336	0.000829194	0.300501	0.070614	0
3.76407	0.000846957	0.317195	0.0726608	0
3.76409	0.000815596	0.217028	0.0600389	0
3.76442	0.000808503	0.116861	0.0440058	0
3.76449	0.000807723	0.300501	0.070614	0
3.76479	0.0008154	0.183639	0.0552631	0
3.76424	0.000811887	0.166945	0.0525341	0
3.76505	0.00081963	0.217028	0.0600389	0
3.76499	0.000814034	0.233723	0.0624269	0
3.76393	0.000811431	0.250417	0.0644736	0
3.76491	0.000829194	0.233723	0.0624269	0
3.76471	0.000828934	0.166945	0.0525341	0
3.76422	0.000826852	0.15025	0.0501462	0
3.76435	0.000825746	0.133556	0.047076	0
3.76462	0.000838303	0.267112	0.0665204	0
3.76414	0.000820996	0.217028	0.0600389	0
3.76441	0.000849299	0.250417	0.0644736	0
3.76478	0.000836742	0.317195	0.0726608	0
3.76463	0.000791326	0.116861	0.0440058	0
3.76472	0.000834204	0.183639	0.0552631	0
3.76517	0.000843509	0.200334	0.057651	0
3.76542	0.00082477	0.200334	0.057651	0
3.7657	0.00084481	0.367279	0.0781189	0
3.7662	0.000841947	0.350584	0.0760721	0
3.7657	0.000832773	0.317195	0.0726608	0
3.76789	0.000841752	0.33389	0.0743664	0
3.7682	0.000834985	0.250417	0.0644736	0
3.7667	0.000834595	0.233723	0.0624269	0
3.76635	0.000807137	0.233723	0.0624269	0
3.7664	0.000818654	0.15025	0.0501462	0
3.76645	0.000807918	0.317195	0.0726608	0
3.76673	0.000837458	0.283806	0.0685672	0
3.76653	0.000836026	0.200334	0.057651	0
3.76529	0.000816702	0.200334	0.057651	0
3.766	0.000810325	0.267112	0.0665204	0
3.76732	0.000799524	0.200334	0.057651	0
3.76649	0.000811692	0.233723	0.0624269	0
3.76599	0.00080538	0.183639	0.0552631	0
3.76599	0.000793148	0.133556	0.047076	0
3.76582	0.000804339	0.233723	0.0624269	0
3.76651	0.000803623	0.250417	0.0644736	0
3.76604	0.000820606	0.233723	0.0624269	0
3.76669	0.000823534	0.166945	0.0525341	0
3.76739	0.000821842	0.217028	0.0600389	0
3.76748	0.000809544	0.283806	0.0685672	0
3.76631	0.000813969	0.15025	0.0552631	0
3.76618	0.000811822	0.183639	0.0552631	0
3.76654	0.00080486	0.116861	0.0440058	0
3.76654	0.000810911	0.200334	0.057651	0
3.7673	0.000786902	0.217028	0.0600389	0
3.76727	0.000828544	0.133556	0.047076	0
3.76883	0.000831472	0.283806	0.0726608	0
3.76691	0.000799134	0.233723	0.0624269	0
3.76706	0.000818263	0.183639	0.0552631	0
3.7683	0.000808829	0.166945	0.0525341	0
3.76785	0.000817743	0.200334	0.057651	0
3.76777	0.000812993	0.250417	0.0685672	0
3.76793	0.000806226	0.217028	0.0600389	0
3.76756	0.000803884	0.116861	0.0440058	0
3.76676	0.000784494	0.15025	0.0501462	0
3.76827	0.000832382	0.283806	0.0726608	0
3.76764	0.000820931	0.15025	0.0501462	0
3.76617	0.000807527	0.166945	0.0525341	0
3.76709	0.000791326	0.166945	0.0525341	0
3.76799	0.000825941	0.183639	0.0552631	0
3.76794	0.000825616	0.283806	0.0685672	0
3.76736	0.000803558	0.200334	0.057651	0
3.76655	0.00080486	0.133556	0.047076	0
3.76859	0.000816311	0.200334	0.057651	0
3.76952	0.000822297	0.250417	0.0644736	0
3.76856	0.000829129	0.166945	0.0525341	0
3.76785	0.000795816	0.200334	0.057651	0
3.76871	0.000797182	0.233723	0.0624269	0
3.76831	0.000799004	0.217028	0.0600389	0
3.76887	0.000813513	0.183639	0.0552631	0
3.76923	0.00080512	0.166945	0.0525341	0
3.76896	0.000794905	0.183639	0.0552631	0
3.76911	0.000782282	0.133556	0.047076	0
3.76921	0.000803038	0.217028	0.0600389	0
3.76991	0.000804925	0.200334	0.057651	0
3.76978	0.000809675	0.217028	0.0600389	0
3.76893	0.000814685	0.133556	0.047076	0
3.76896	0.000799264	0.300501	0.070614	0
3.76889	0.000814294	0.200334	0.057651	0
3.7689	0.000826006	0.233723	0.0624269	0
3.7695	0.000818133	0.300501	0.070614	0
3.76976	0.000831406	0.317195	0.0726608	0
3.76919	0.000824314	0.217028	0.0600389	0
3.76813	0.000806226	0.133556	0.047076	0
3.76815	0.000807658	0.233723	0.0624269	0
3.76975	0.000814359	0.166945	0.0525341	0
3.76965	0.000826266	0.267112	0.0665204	0
3.76931	0.000810846	0.0834725	0.0371832	0
3.76995	0.000800045	0.133556	0.047076	0
3.77001	0.000828218	0.133556	0.0528752	0
3.76992	0.000819825	0.217028	0.0600389	0
3.77014	0.000802843	0.116861	0.0440058	0
3.77099	0.000818654	0.233723	0.0624269	0
3.77002	0.000804925	0.250417	0.0644736	0
3.77063	0.000802908	0.217028	0.0600389	0
3.77097	0.000803233	0.15025	0.0501462	0
3.77074	0.000799654	0.133556	0.047076	0
3.77113	0.000806942	0.233723	0.0624269	0
3.7717	0.000811301	0.233723	0.0624269	0
3.77074	0.000815465	0.116861	0.0440058	0
3.77044	0.00080538	0.183639	0.0552631	0
3.77104	0.000803233	0.233723	0.0624269	0
3.7714	0.000847608	0.250417	0.0685672	0
3.77005	0.000802062	0.133556	0.047076	0
3.77022	0.000813709	0.133556	0.047076	0
3.77018	0.000793668	0.100167	0.0409356	0
3.77011	0.000797312	0.200334	0.057651	0
3.77117	0.000790545	0.15025	0.0501462	0
3.77062	0.00082464	0.283806	0.0685672	0
3.77061	0.000816897	0.217028	0.0600389	0
3.77182	0.000815986	0.300501	0.070614	0
3.77143	0.000795751	0.183639	0.0552631	0
3.7712	0.000819695	0.217028	0.0600389	0
3.77084	0.000799134	0.116861	0.0440058	0
3.771	0.000765951	0.133556	0.047076	0
3.77111	0.000795686	0.217028	0.0600389	0
3.7717	0.000798809	0.200334	0.057651	0
3.77059	0.000813969	0.15025	0.0501462	0
3.77068	0.000808829	0.116861	0.0440058	0
3.77259	0.000832122	0.33389	0.0743664	0
3.77278	0.000816181	0.15025	0.0501462	0
3.77143	0.000802062	0.183639	0.0552631	0
3.77313	0.000812798	0.15025	0.0501462	0
3.77248	0.000803298	0.166945	0.0525341	0
3.77167	0.000796206	0.15025	0.0501462	0
3.77184	0.000791326	0.116861	0.0440058	0
3.77187	0.000802648	0.166945	0.0525341	0
3.77149	0.000798353	0.133556	0.047076	0
3.77236	0.000801216	0.200334	0.057651	0
3.77263	0.000828283	0.200334	0.057651	0
3.77263	0.000806551	0.133556	0.047076	0
3.77274	0.000821582	0.250417	0.0644736	0
3.77317	0.000804144	0.15025	0.0501462	0
3.77271	0.000806617	0.15025	0.0501462	0
3.77283	0.000780916	0.200334	0.057651	0
3.77241	0.000808438	0.250417	0.0644736	0
3.77223	0.000787682	0.100167	0.0409356	0
3.7725	0.000787357	0.166945	0.0525341	0
3.7731	0.000811757	0.133556	0.047076	0
3.77338	0.000790871	0.100167	0.0409356	0
3.77219	0.000765755	0.100167	0.0409356	0
3.77188	0.000776036	0.116861	0.0440058	0
3.7717	0.000796661	0.15025	0.0501462	0
3.77143	0.00079562	0.166945	0.0525341	0
3.77166	0.000791391	0.183639	0.0552631	0
3.77267	0.000784039	0.15025	0.0501462	0
3.77335	0.000793799	0.300501	0.070614	0
3.77294	0.000796206	0.133556	0.047076	0
3.77355	0.000799199	0.233723	0.0624269	0
3.77416	0.000796792	0.066778	0.0334308	0
3.77394	0.00079471	0.0834725	0.0371832	0
3.77418	0.000821451	0.250417	0.0644736	0
3.77351	0.00080525	0.183639	0.0552631	0
3.7735	0.000797572	0.15025	0.0501462	0
3.77447	0.000797898	0.100167	0.0409356	0
3.77361	0.000797898	0.15025	0.0501462	0
3.77356	0.000789895	0.200334	0.057651	0
3.77392	0.000795295	0.100167	0.0409356	0
3.77385	0.000796727	0.183639	0.0552631	0
3.77368	0.000819044	0.133556	0.047076	0
3.77389	0.000774669	0.200334	0.057651	0
3.77344	0.000792302	0.15025	0.0501462	0
3.77436	0.000784885	0.133556	0.047076	0
3.77496	0.00081501	0.217028	0.0600389	0
3.77482	0.000797312	0.317195	0.0726608	0
3.77479	0.000810846	0.116861	0.0440058	0
3.77462	0.000820671	0.15025	0.0501462	0
3.77446	0.000805901	0.166945	0.0525341	0
3.77519	0.000829715	0.183639	0.0552631	0
3.7742	0.000803103	0.0834725	0.0371832	0
3.77501	0.000787292	0.183639	0.0552631	0
3.77664	0.00079562	0.15025	0.0501462	0
3.77608	0.000803754	0.183639	0.0552631	0
3.77376	0.000801476	0.133556	0.047076	0
3.77467	0.000788463	0.166945	0.0525341	0
3.77604	0.000797247	0.15025	0.0501462	0
3.7761	0.000810065	0.233723	0.0624269	0
3.7767	0.000822037	0.116861	0.0440058	0
3.77621	0.000805185	0.250417	0.0644736	0
3.77519	0.000793929	0.15025	0.0501462	0
3.77474	0.000802452	0.183639	0.0552631	0
3.77638	0.000811627	0.200334	0.057651	0
3.77581	0.000789895	0.233723	0.0624269	0
3.77645	0.000817287	0.200334	0.057651	0
3.77605	0.000811561	0.200334	0.057651	0
3.77588	0.000790155	0.116861	0.0440058	0
3.7764	0.000790415	0.200334	0.057651	0
3.77632	0.000804209	0.166945	0.0525341	0
3.77694	0.000799134	0.166945	0.0525341	0
3.77724	0.000788984	0.100167	0.0409356	0
3.77632	0.000804469	0.116861	0.0440058	0
3.77626	0.000774019	0.15025	0.0501462	0
3.77693	0.000774409	0.100167	0.0409356	0
3.77735	0.000784755	0.166945	0.0525341	0
3.77763	0.000809089	0.250417	0.0644736	0
3.7771	0.000813709	0.166945	0.0525341	0
3.77746	0.000788723	0.100167	0.0409356	0
3.77739	0.000781631	0.183639	0.0552631	0
3.7779	0.000793668	0.166945	0.0525341	0
3.77768	0.00080486	0.15025	0.0501462	0
3.7792	0.00079985	0.300501	0.070614	0
3.77786	0.000796271	0.15025	0.0501462	0
3.77672	0.000771872	0.100167	0.0409356	0
3.77726	0.000788658	0.183639	0.0552631	0
3.77837	0.000819109	0.15025	0.0501462	0
3.77725	0.000792888	0.116861	0.0440058	0
3.77653	0.000784689	0.166945	0.0525341	0
3.77687	0.000789895	0.300501	0.070614	0
3.77712	0.000788984	0.116861	0.0440058	0
3.77679	0.000790025	0.15025	0.0501462	0
3.77784	0.000786381	0.166945	0.0525341	0
3.778	0.000778053	0.066778	0.0334308	0
3.77851	0.000773498	0.133556	0.047076	0
3.77827	0.000783518	0.200334	0.057651	0
3.77846	0.000803168	0.0834725	0.0371832	0
3.7786	0.000781631	0.166945	0.0525341	0
3.77833	0.00077506	0.166945	0.0525341	0
3.77885	0.00079035	0.133556	0.047076	0
3.77877	0.000781827	0.116861	0.0440058	0
3.77874	0.000781566	0.200334	0.057651	0
3.77806	0.000777793	0.133556	0.047076	0
3.77867	0.000790806	0.15025	0.0501462	0
3.77978	0.000790025	0.166945	0.0525341	0
3.77932	0.000794644	0.15025	0.0501462	0
3.77894	0.000798874	0.100167	0.0409356	0
3.77918	0.00079985	0.133556	0.047076	0
3.77923	0.000781501	0.15025	0.0501462	0
3.77953	0.000796727	0.133556	0.047076	0
3.77898	0.000787487	0.116861	0.0440058	0
3.77906	0.000781436	0.15025	0.0501462	0
3.77919	0.000779679	0.0500835	0.0289961	0
3.77916	0.000811171	0.217028	0.0600389	0
3.77927	0.000793734	0.15025	0.0501462	0
3.77868	0.000783518	0.066778	0.0334308	0
3.77914	0.000798874	0.133556	0.047076	0
3.77957	0.000807592	0.250417	0.0685672	0
3.77919	0.000790285	0.133556	0.047076	0
3.77933	0.000776556	0.166945	0.0525341	0
3.7803	0.000801606	0.183639	0.0552631	0
3.77966	0.000786902	0.0834725	0.0371832	0
3.77998	0.000801021	0.183639	0.0552631	0
3.78097	0.00079009	0.15025	0.0501462	0
3.78052	0.000779159	0.15025	0.0501462	0
3.78032	0.000774995	0.217028	0.0600389	0
3.78026	0.000781371	0.200334	0.057651	0
3.78074	0.000788073	0.066778	0.0334308	0
3.77999	0.000772652	0.100167	0.0409356	0
3.78051	0.000766406	0.133556	0.047076	0
3.78162	0.00078059	0.100167	0.0409356	0
3.78081	0.000767447	0.116861	0.0440058	0
3.78063	0.000799915	0.200334	0.057651	0
3.78046	0.000782347	0.15025	0.0501462	0
3.78042	0.000788073	0.233723	0.0624269	0
3.78078	0.000793668	0.183639	0.0552631	0
3.78115	0.00080974	0.116861	0.0440058	0
3.7804	0.000779744	0.133556	0.047076	0
3.78201	0.000798353	0.166945	0.0525341	0
3.78219	0.000795751	0.250417	0.0644736	0
3.78195	0.00079009	0.116861	0.0440058	0
3.78062	0.000776947	0.033389	0.023538	0
3.78049	0.000770896	0.116861	0.0440058	0
3.78243	0.000768033	0.116861	0.0440058	0
3.78142	0.000773824	0.033389	0.023538	0
3.78146	0.000783974	0.15025	0.0501462	0
3.78246	0.000793018	0.166945	0.0525341	0
3.78154	0.000767837	0.133556	0.047076	0
3.78244	0.000763348	0.15025	0.0501462	0
3.78266	0.000797377	0.133556	0.047076	0
3.78191	0.000785145	0.116861	0.0440058	0
3.7816	0.000766146	0.100167	0.0409356	0
3.78255	0.000779484	0.100167	0.0409356	0
3.78256	0.000784104	0.0834725	0.0371832	0
3.78296	0.000786967	0.233723	0.0624269	0
3.78337	0.000776166	0.15025	0.0501462	0
3.78239	0.000783648	0.15025	0.0501462	0
3.78277	0.000782347	0.15025	0.0501462	0
3.78248	0.000795751	0.116861	0.0440058	0
3.78157	0.000776296	0.133556	0.047076	0
3.78269	0.000789374	0.133556	0.047076	0
3.78261	0.00079022	0.116861	0.0440058	0
3.7835	0.000782998	0.217028	0.0600389	0
3.78276	0.00078059	0.066778	0.0334308	0
3.78286	0.000802713	0.15025	0.0501462	0
3.78274	0.000782542	0.116861	0.0440058	0
3.78191	0.000771937	0.0500835	0.0289961	0
3.78201	0.000766341	0.0834725	0.0371832	0
3.78295	0.000776751	0.116861	0.0440058	0
3.78347	0.000807202	0.267112	0.0665204	0
3.78391	0.000788203	0.166945	0.0525341	0
3.78379	0.000792758	0.133556	0.047076	0
3.78317	0.000788919	0.116861	0.0440058	0
3.78367	0.000752872	0.0834725	0.0371832	0
3.78411	0.000764519	0.133556	0.047076	0
3.78418	0.000772197	0.066778	0.0334308	0
3.78379	0.000804599	0.116861	0.0440058	0
3.78367	0.000786056	0.133556	0.047076	0
3.78494	0.000804795	0.200334	0.057651	0
3.78484	0.000785145	0.0500835	0.0289961	0
3.78393	0.000791651	0.15025	0.0501462	0
3.78443	0.000773954	0.15025	0.0501462	0
3.78346	0.00078983	0.116861	0.0440058	0
3.78401	0.000759119	0.15025	0.0501462	0
3.78473	0.000783388	0.166945	0.0525341	0
3.78491	0.000794775	0.183639	0.0552631	0
3.78478	0.000792562	0.116861	0.0440058	0
3.78407	0.000769399	0.066778	0.0334308	0
3.78508	0.000776036	0.100167	0.0409356	0
3.78538	0.000775125	0.100167	0.0409356	0
3.7854	0.000771741	0.133556	0.047076	0
3.78587	0.000791196	0.15025	0.0501462	0
3.78638	0.000797182	0.183639	0.0552631	0
3.78558	0.000774799	0.066778	0.0334308	0
3.78558	0.000776947	0.15025	0.0501462	0
3.78617	0.000769855	0.0834725	0.0371832	0
3.78588	0.000770765	0.133556	0.047076	0
3.78559	0.000776491	0.183639	0.0552631	0
3.78466	0.00077506	0.166945	0.0525341	0
3.78593	0.000787292	0.133556	0.047076	0
3.78603	0.000766992	0.0500835	0.0289961	0
3.78589	0.000793343	0.15025	0.0501462	0
3.78639	0.000788463	0.15025	0.0501462	0
3.78665	0.000773108	0.15025	0.0501462	0
3.78695	0.000756906	0.116861	0.0440058	0
3.78657	0.000765951	0.133556	0.047076	0
3.78606	0.000773824	0.116861	0.0440058	0
3.78597	0.00079022	0.100167	0.0409356	0
3.78653	0.000788073	0.200334	0.057651	0
3.78619	0.000807853	0.100167	0.0409356	0
3.78734	0.000802648	0.233723	0.0624269	0
3.78747	0.000791261	0.133556	0.047076	0
3.78691	0.000798939	0.15025	0.0501462	0
3.78705	0.000792497	0.100167	0.0409356	0
3.78784	0.000788203	0.183639	0.0552631	0
3.78715	0.000773433	0.0500835	0.0289961	0
3.78724	0.000791847	0.166945	0.0525341	0
3.78702	0.000811301	0.250417	0.0644736	0
3.7865	0.000777858	0.066778	0.0334308	0
3.78652	0.000773108	0.0834725	0.0371832	0
3.78797	0.000777727	0.166945	0.0525341	0
3.78737	0.000773368	0.116861	0.0440058	0
3.78684	0.000758989	0.066778	0.0334308	0
3.78768	0.000761136	0.116861	0.0440058	0
3.7877	0.000765886	0.133556	0.047076	0
3.78753	0.000754824	0.0834725	0.0371832	0
3.78783	0.000754304	0.0834725	0.0371832	0
3.7891	0.000772262	0.100167	0.0409356	0
3.7891	0.000766927	0.100167	0.0409356	0
3.78817	0.000769334	0.15025	0.0501462	0
3.78881	0.00076068	0.116861	0.0440058	0
3.78847	0.000756256	0.100167	0.0409356	0
3.78836	0.000751376	0.033389	0.023538	0
3.78965	0.000788398	0.116861	0.0440058	0
3.7892	0.000792107	0.133556	0.047076	0
3.78781	0.000771026	0.066778	0.0334308	0
3.78833	0.000782803	0.183639	0.0552631	0
3.78898	0.000762307	0.0500835	0.0289961	0
3.78945	0.000771156	0.066778	0.0334308	0
3.78928	0.000773758	0.133556	0.047076	0
3.78847	0.00079022	0.133556	0.047076	0
3.78698	0.000809284	0.066778	0.0334308	0
3.78786	0.000772848	0.100167	0.0409356	0
3.78776	0.000789374	0.133556	0.047076	0
3.78892	0.000759639	0.133556	0.047076	0
3.78845	0.000799264	0.183639	0.0552631	0
3.7884	0.000780655	0.15025	0.0501462	0
3.78851	0.000764584	0.116861	0.0440058	0
3.78942	0.000771416	0.100167	0.0409356	0
3.78977	0.000757297	0.15025	0.0501462	0
3.78937	0.000762893	0.133556	0.047076	0
3.78977	0.000758208	0.100167	0.0409356	0
3.79012	0.000767122	0.15025	0.0501462	0
3.78932	0.000791521	0.066778	0.0334308	0
3.78997	0.000797182	0.133556	0.047076	0
3.79048	0.000782998	0.116861	0.0440058	0
3.79087	0.000798613	0.100167	0.0409356	0
3.79084	0.000772067	0.0500835	0.0289961	0
3.79048	0.000779679	0.166945	0.0525341	0
3.79107	0.000777467	0.100167	0.0409356	0
3.7912	0.000785405	0.250417	0.0644736	0
3.79077	0.000795946	0.100167	0.0409356	0
3.79043	0.000773238	0.0834725	0.0371832	0
3.7909	0.000770505	0.15025	0.0501462	0
3.79098	0.00077571	0.100167	0.0409356	0
3.78964	0.000789049	0.0834725	0.0371832	0
3.79057	0.000769464	0.166945	0.0525341	0
3.79086	0.000760225	0.0834725	0.0371832	0
3.79001	0.000769789	0.133556	0.047076	0
3.79081	0.000768423	0.033389	0.023538	0
3.79049	0.000761331	0.0834725	0.0371832	0
3.79043	0.000766992	0.15025	0.0501462	0
3.79098	0.000786186	0.166945	0.0525341	0
3.79124	0.000772978	0.0834725	0.0371832	0
3.79244	0.000767317	0.166945	0.0525341	0
3.7927	0.000786186	0.116861	0.0440058	0
3.79292	0.000765365	0.0834725	0.0371832	0
3.79164	0.000790871	0.183639	0.0552631	0
3.7925	0.000763088	0.116861	0.0440058	0
3.7925	0.000772652	0.066778	0.0334308	0
3.79186	0.00079035	0.116861	0.0501462	0
3.79172	0.00079549	0.100167	0.0409356	0
3.79267	0.000784104	0.116861	0.0440058	0
3.79244	0.000777597	0.0834725	0.0371832	0
3.79214	0.000802908	0.100167	0.0409356	0
3.79231	0.000782347	0.133556	0.047076	0
3.79274	0.000772262	0.0834725	0.0371832	0
3.79258	0.000758533	0.100167	0.0409356	0
3.7934	0.000781176	0.15025	0.0501462	0
3.79283	0.000790806	0.0834725	0.0371832	0
3.79291	0.000766146	0.116861	0.0440058	0
3.79182	0.000759965	0.0500835	0.0289961	0
3.79182	0.000748383	0.0500835	0.0289961	0
3.79233	0.000758858	0.0834725	0.0371832	0
3.79239	0.000763153	0.0834725	0.0371832	0
3.79286	0.000766862	0.100167	0.0409356	0
3.7932	0.000760225	0.066778	0.0334308	0
3.79378	0.000767317	0.0500835	0.0289961	0
3.7938	0.000778768	0.100167	0.0409356	0
3.79288	0.000778703	0.15025	0.0501462	0
3.79353	0.000783128	0.116861	0.0440058	0
3.79332	0.000769724	0.0834725	0.0371832	0
0	0	0	0	0
0	0	0	0	0
0	0	0	0	0
0	0	0	0	0
0	0	0	0	0
0	0	0	0	0
0	0	0	0	0
0	0	0	0	0
0	0	0	0	0
0	0	0	0	0
0	0	0	0	0
0	0	0	0	0
0	0	0	0	0
0	0	0	0	0
0	0	0	0	0
0	0	0	0	0
0	0	0	0	0
0	0	0	0	0
0	0	0	0	0
0	0	0	0	0
0	0	0	0	0
0	0	0	0	0
0	0	0	0	0
0	0	0	0	0
0	0	0	0	0
0	0	0	0	0
0	0	0	0	0
0	0	0	0	0
0	0	0	0	0
0	0	0	0	0
0	0	0	0	0
0	0	0	0	0
0	0	0	0	0
0	0	0	0	0
0	0	0	0	0
0	0	0	0	0
0	0	0	0	0
0	0	0	0	0
0	0	0	0	0
0	0	0	0	0
0	0	0	0	0
0	0	0	0	0
0	0	0	0	0
0	0	0	0	0
0	0	0	0	0
0	0	0	0	0
0	0	0	0	0
0	0	0	0	0
0	0	0	0	0
0	0	0	0	0
0	0	0	0	0
0	0	0	0	0
0	0	0	0	0
0	0	0	0	0
0	0	0	0	0
0	0	0	0	0
0	0	0	0	0
0	0	0	0	0
0	0	0	0	0
0	0	0	0	0
0	0	0	0	0
0	0	0	0	0
0	0	0	0	0
0	0	0	0	0
0	0	0	0	0
0	0	0	0	0
0	0	0	0	0
0	0	0	0	0
0	0	0	0	0
0	0	0	0	0
0	0	0	0	0
0	0	0	0	0
0	0	0	0	0
0	0	0	0	0
0	0	0	0	0
0	0	0	0	0
0	0	0	0	0
0	0	0	0	0
0	0	0	0	0
0	0	0	0	0
0	0	0	0	0
0	0	0	0	0
0	0	0	0	0
0	0	0	0	0
0	0	0	0	0
0	0	0	0	0
0	0	0	0	0
0	0	0	0	0
0	0	0	0	0
0	0	0	0	0
0	0	0	0	0
0	0	0	0	0
0	0	0	0	0
0	0	0	0	0
0	0	0	0	0
0	0	0	0	0
0	0	0	0	0
0	0	0	0	0
0	0	0	0	0
0	0	0	0	0
0	0	0	0	0
0	0	0	0	0
0	0	0	0	0
0	0	0	0	0
0	0	0	0	0
0	0	0	0	0
0	0	0	0	0
0	0	0	0	0
0	0	0	0	0
0	0	0	0	0
0	0	0	0	0
0	0	0	0	0
0	0	0	0	0
0	0	0	0	0
0	0	0	0	0
0	0	0	0	0
0	0	0	0	0
0	0	0	0	0
0	0	0	0	0
0	0	0	0	0
0	0	0	0	0
0	0	0	0	0
0	0	0	0	0
0	0	0	0	0
0	0	0	0	0
0	0	0	0	0
0	0	0	0	0
0	0	0	0	0
0	0	0	0	0
0	0	0	0	0
0	0	0	0	0
0	0	0	0	0
0	0	0	0	0
0	0	0	0	0
0	0	0	0	0
0	0	0	0	0
0	0	0	0	0
0	0	0	0	0
0	0	0	0	0
0	0	0	0	0
0	0	0	0	0
0	0	0	0	0
0	0	0	0	0
0	0	0	0	0
0	0	0	0	0
0	0	0	0	0
0	0	0	0	0
0	0	0	0	0
0	0	0	0	0
0	0	0	0	0
0	0	0	0	0
0	0	0	0	0
0	0	0	0	0
0	0	0	0	0
0	0	0	0	0
0	0	0	0	0
0	0	0	0	0
0	0	0	0	0
0	0	0	0	0
0	0	0	0	0
0	0	0	0	0
0	0	0	0	0
0	0	0	0	0
0	0	0	0	0
0	0	0	0	0
0	0	0	0	0
0	0	0	0	0
0	0	0	0	0
0	0	0	0	0
0	0	0	0	0
0	0	0	0	0
0	0	0	0	0
0	0	0	0	0
0	0	0	0	0
0	0	0	0	0
0	0	0	0	0
0	0	0	0	0
0	0	0	0	0
0	0	0	0	0
0	0	0	0	0
0	0	0	0	0
0	0	0	0	0
0	0	0	0	0
0	0	0	0	0
0	0	0	0	0
0	0	0	0	0
0	0	0	0	0
0	0	0	0	0
0	0	0	0	0
0	0	0	0	0
0	0	0	0	0
0	0	0	0	0
0	0	0	0	0
0	0	0	0	0
0	0	0	0	0
0	0	0	0	0
0	0	0	0	0
0	0	0	0	0
0	0	0	0	0
0	0	0	0	0
0	0	0	0	0
0	0	0	0	0
0	0	0	0	0
0	0	0	0	0
0	0	0	0	0
0	0	0	0	0
0	0	0	0	0
0	0	0	0	0
0	0	0	0	0
0	0	0	0	0
0	0	0	0	0
0	0	0	0	0
0	0	0	0	0
0	0	0	0	0
0	0	0	0	0
0	0	0	0	0
0	0	0	0	0
0	0	0	0	0
0	0	0	0	0
0	0	0	0	0
0	0	0	0	0
0	0	0	0	0
0	0	0	0	0
0	0	0	0	0
0	0	0	0	0
0	0	0	0	0
0	0	0	0	0
0	0	0	0	0
0	0	0	0	0
0	0	0	0	0
0	0	0	0	0
0	0	0	0	0
0	0	0	0	0
0	0	0	0	0
0	0	0	0	0
0	0	0	0	0
0	0	0	0	0
0	0	0	0	0
0	0	0	0	0
0	0	0	0	0
0	0	0	0	0
0	0	0	0	0
0	0	0	0	0
0	0	0	0	0
0	0	0	0	0
0	0	0	0	0
0	0	0	0	0
0	0	0	0	0
0	0	0	0	0
0	0	0	0	0
0	0	0	0	0
0	0	0	0	0
0	0	0	0	0
0	0	0	0	0
0	0	0	0	0
0	0	0	0	0
0	0	0	0	0
0	0	0	0	0
0	0	0	0	0
0	0	0	0	0
0	0	0	0	0
0	0	0	0	0
0	0	0	0	0
0	0	0	0	0
0	0	0	0	0
0	0	0	0	0
0	0	0	0	0
0	0	0	0	0
0	0	0	0	0
0	0	0	0	0
0	0	0	0	0
0	0	0	0	0
0	0	0	0	0
0	0	0	0	0
0	0	0	0	0
0	0	0	0	0
0	0	0	0	0
0	0	0	0	0
0	0	0	0	0
0	0	0	0	0
0	0	0	0	0
0	0	0	0	0
0	0	0	0	0
0	0	0	0	0
0	0	0	0	0
0	0	0	0	0
0	0	0	0	0
0	0	0	0	0
0	0	0	0	0
0	0	0	0	0
0	0	0	0	0
0	0	0	0	0
0	0	0	0	0
0	0	0	0	0
0	0	0	0	0
0	0	0	0	0
0	0	0	0	0
0	0	0	0	0
0	0	0	0	0
0	0	0	0	0
0	0	0	0	0
0	0	0	0	0
0	0	0	0	0
0	0	0	0	0
0	0	0	0	0
0	0	0	0	0
0	0	0	0	0
0	0	0	0	0
0	0	0	0	0
0	0	0	0	0
0	0	0	0	0
0	0	0	0	0
0	0	0	0	0
0	0	0	0	0
0	0	0	0	0
0	0	0	0	0
0	0	0	0	0
0	0	0	0	0
0	0	0	0	0
0	0	0	0	0
0	0	0	0	0
0	0	0	0	0
0	0	0	0	0
0	0	0	0	0
0	0	0	0	0
0	0	0	0	0
0	0	0	0	0
0	0	0	0	0
0	0	0	0	0
0	0	0	0	0
0	0	0	0	0
0	0	0	0	0
0	0	0	0	0
0	0	0	0	0
0	0	0	0	0
0	0	0	0	0
0	0	0	0	0
0	0	0	0	0
0	0	0	0	0
0	0	0	0	0
0	0	0	0	0
0	0	0	0	0
0	0	0	0	0
0	0	0	0	0
0	0	0	0	0
0	0	0	0	0
0	0	0	0	0
0	0	0	0	0
0	0	0	0	0
0	0	0	0	0
0	0	0	0	0
0	0	0	0	0
0	0	0	0	0
0	0	0	0	0
0	0	0	0	0
0	0	0	0	0
0	0	0	0	0
0	0	0	0	0
0	0	0	0	0
0	0	0	0	0
0	0	0	0	0
0	0	0	0	0
0	0	0	0	0
0	0	0	0	0
0	0	0	0	0
0	0	0	0	0
0	0	0	0	0
0	0	0	0	0
0	0	0	0	0
0	0	0	0	0
0	0	0	0	0
0	0	0	0	0
0	0	0	0	0
0	0	0	0	0
0	0	0	0	0
0	0	0	0	0
0	0	0	0	0
0	0	0	0	0
0	0	0	0	0
0	0	0	0	0
0	0	0	0	0
0	0	0	0	0
0	0	0	0	0
0	0	0	0	0
0	0	0	0	0
0	0	0	0	0
0	0	0	0	0
0	0	0	0	0
0	0	0	0	0
0	0	0	0	0
0	0	0	0	0
0	0	0	0	0
0	0	0	0	0
0	0	0	0	0
0	0	0	0	0
0	0	0	0	0
0	0	0	0	0
0	0	0	0	0
0	0	0	0	0
0	0	0	0	0
