a2610522.350167
Narit-cm 05/01/2026 22:05:02 05/01/2026 22:35:01 0045 0013.384714 0052.542598 00.0 00.0
0002385 0010 0000000 0010 05 0000000 0010 0000000 0010
1 0 1 01600 1 0000 3.75 00000.o 0 0 01 000 16 002385 0.500 BT0
1 2 1 02000 1 0000 3.75 00000.o 0 0 01 000 16 002385 0.500 S2A0
1 1 1 01600 1 0000 3.75 00000.o 0 0 00 000 00 002385 3.1746 BC0
1 3 1 02000 1 0000 3.75 00000.o 0 0 00 000 00 002385 3.1746 S2P0
1 5 0 01600 0 0000 1.00 00000.o 0 0 00 000 00 000000 0.000 OF0
0.000 .o Analog 0 	0.000 .o Analog StErr 0 	0.000 .o Photon Counting 0 	0.000 .o PC StErr 0 	0.000 .o Overflow Info 0 
34.2622	0.206664	173.501	0.883465	0
77.6237	0.444899	197.149	0.897205	0
295.172	2.27878	111.648	1.36092	0
473.995	0.0377266	0.587002	0.0985826	0
473.457	0	0	0	0
473.457	0	1.92872	0.203692	0
473.457	1.10722E-5	45.4172	0.938768	0
473.457	6.42059E-6	29.5178	0.792096	0
473.457	9.04123E-6	3.77358	0.292313	0
473.457	6.42059E-6	9.72746	0.420093	0
473.457	0	35.4382	0.772517	0
473.457	6.42059E-6	110.675	1.06826	0
473.457	0	156.512	1.03804	0
473.457	6.42059E-6	133.551	1.05762	0
473.457	0	92.6289	0.953881	0
473.457	0	93.7358	0.925028	0
473.457	6.42059E-6	87.0776	0.890335	0
473.457	0	94.4906	0.921249	0
473.457	0	109.3	0.952851	0
473.457	0	116.562	0.921936	0
473.457	0	117.065	0.947355	0
473.457	6.42059E-6	128.285	0.937737	0
473.457	0	148.461	0.911288	0
473.457	0	167.296	0.925028	0
473.457	0	181.736	0.902014	0
473.457	0	189.92	0.891022	0
473.457	0	198.055	0.895144	0
473.457	0	202.566	0.891709	0
473.457	0	204.042	0.902701	0
473.457	0	204.428	0.892053	0
473.457	0	201.509	0.878656	0
473.457	0	202.834	0.893427	0
473.457	0	202.734	0.878313	0
473.476	0.0123852	200.151	0.89377	1
475.258	0.123219	200.05	0.882091	1
488.644	0.26002	199.748	0.892053	1
495.851	0.191951	201.208	0.899266	1
499.131	0.0931162	199.899	0.902014	1
500	0	201.61	0.919189	1
499.999	0.00121238	200.553	0.873847	1
499.638	0.0508146	203.388	0.875908	1
489.964	0.318432	200.956	0.871443	1
460.849	0.651382	201.845	0.883122	1
424.974	0.879073	202.868	0.891022	1
385.785	0.955846	201.124	0.862512	1
345.212	0.963364	201.543	0.877969	0
306.028	0.966928	201.66	0.898235	0
268.705	0.9732	201.358	0.897548	0
232.963	0.984485	202.13	0.901327	0
199.012	0.978487	201.895	0.892053	0
167.381	0.936276	203.371	0.882091	0
138.808	0.87122	201.493	0.88003	0
113.734	0.803329	201.208	0.881061	0
92.1157	0.724139	199.631	0.871443	0
73.9281	0.630649	200.201	0.87213	0
59.3534	0.5406	198.172	0.890335	0
47.8776	0.457218	196.411	0.861825	0
38.4771	0.373256	196.428	0.881061	0
30.7054	0.297618	196.78	0.888618	0
24.4731	0.235688	193.627	0.878656	0
19.6177	0.18262	193.577	0.85736	0
15.9131	0.13991	190.809	0.859077	0
13.0316	0.107677	190.038	0.846368	0
10.928	0.0832156	187.505	0.845681	0
9.47963	0.0646651	186.449	0.859077	0
8.39005	0.0505675	183.128	0.869725	0
7.59082	0.0414616	182.289	0.845681	0
6.93974	0.0346119	179.69	0.854612	0
6.35749	0.0308011	176.453	0.834002	0
5.95252	0.027697	176.268	0.869038	0
5.66993	0.0255076	172.646	0.837094	0
5.41614	0.0234592	172.008	0.861825	0
5.21778	0.0231961	167.883	0.854268	0
5.05831	0.0223766	166.507	0.819232	0
4.89895	0.0218127	165.149	0.846711	0
4.73381	0.021387	163.002	0.847742	0
4.55306	0.0201585	159.564	0.846368	0
4.42617	0.0192938	159.363	0.835376	0
4.3791	0.0192724	156.881	0.834002	0
4.39563	0.0191119	157.166	0.820262	0
4.47247	0.0189593	156.176	0.852207	0
4.54796	0.0189285	153.375	0.849803	0
4.62064	0.0183469	153.509	0.872817	0
4.73732	0.0180828	152.201	0.849116	0
4.83896	0.0186422	152	0.852207	0
4.89248	0.020973	150.306	0.82988	0
4.95897	0.0190271	151.866	0.832972	0
5.03313	0.0181424	149.015	0.852207	1
5.08556	0.0178966	149.099	0.856329	0
5.15463	0.0176999	148.998	0.830911	0
5.24533	0.01754	149.82	0.872473	0
5.30159	0.0174196	147.22	0.839155	0
5.35433	0.0172218	145.677	0.84465	0
5.42671	0.0171104	145.426	0.842933	0
5.5028	0.0170569	146.952	0.853925	0
5.58336	0.0169511	146.901	0.833315	0
5.63512	0.0169184	144.034	0.852551	0
5.69986	0.0162577	144.134	0.847398	0
5.79611	0.016458	143.547	0.846368	0
5.83711	0.0165186	143.765	0.822667	0
5.87879	0.0163279	144.939	0.852551	0
5.95882	0.0160805	144.117	0.853238	0
5.98569	0.0161037	142.474	0.837437	0
5.99164	0.0159172	141.971	0.838811	0
6.00937	0.0159644	142.205	0.833315	0
6.03819	0.0158934	141.602	0.832285	0
6.06117	0.0157722	140.176	0.862856	0
6.0491	0.0153957	139.639	0.865604	0
6.02378	0.0151637	137.761	0.841216	0
5.99105	0.0155564	136.872	0.833659	0
5.99939	0.0152237	137.509	0.868695	0
6.04837	0.0151749	137.258	0.825758	0
6.04939	0.0151346	136.151	0.852894	0
6.06074	0.0148291	135.849	0.839498	0
6.1027	0.01428	134.977	0.838124	0
6.12559	0.0150155	133.937	0.852207	0
6.11263	0.0146518	135.614	0.850833	0
6.09465	0.0142057	133.182	0.841216	0
6.12217	0.0145917	131.237	0.872817	0
6.15657	0.0147894	131.69	0.868351	0
6.16528	0.0144786	132.377	0.855299	0
6.16717	0.0139692	130.767	0.837437	0
6.1738	0.0139708	130.398	0.859421	0
6.18017	0.0140653	130.784	0.85736	0
6.18218	0.0143039	130.465	0.851864	0
6.17856	0.0138691	128.872	0.826102	0
6.18599	0.0139175	126.826	0.858047	0
6.22227	0.0139216	129.124	0.837437	0
6.23155	0.0137401	126.759	0.842933	0
6.21138	0.0136944	127.933	0.846368	0
6.23982	0.0135932	127.648	0.820606	0
6.27786	0.0136357	125.904	0.84362	0
6.25706	0.0133203	127.296	0.848772	0
6.24438	0.0132867	126.004	0.856329	0
6.2596	0.0130732	124.914	0.842246	0
6.26652	0.0127912	126.088	0.853925	0
6.27151	0.0128455	126.558	0.853238	0
6.26544	0.0131521	123.874	0.836407	0
6.24484	0.012866	122.784	0.836063	0
6.25003	0.0128408	125.518	0.872473	0
6.25473	0.0124249	124.092	0.85049	0
6.24715	0.012552	122.969	0.843276	0
6.25474	0.0123202	121.945	0.840872	0
6.2534	0.012531	123.589	0.841216	0
6.24813	0.0125378	120.956	0.830567	0
6.25728	0.0125587	120.839	0.852894	0
6.25941	0.0121859	121.241	0.831254	0
6.26239	0.0120674	119.665	0.853925	0
6.27992	0.0122163	121.493	0.861482	0
6.28693	0.0120333	119.229	0.837094	0
6.27304	0.0117928	120.906	0.837781	0
6.26494	0.0119002	118.893	0.828506	0
6.24585	0.0117746	118.876	0.846024	0
6.23739	0.0119313	117.987	0.802401	0
6.23016	0.0114683	117.266	0.853581	0
6.22349	0.0115493	117.937	0.846711	0
6.23362	0.011533	116.595	0.850146	0
6.21525	0.0110133	116.411	0.839498	0
6.19624	0.011568	115.539	0.851177	0
6.20706	0.0114717	116.361	0.85152	0
6.20271	0.0111036	116.662	0.831254	0
6.19312	0.0112953	114.532	0.847742	0
6.19119	0.0112583	115.254	0.831941	0
6.16757	0.0110606	112.52	0.855299	0
6.12033	0.0110842	111.094	0.826102	0
6.1051	0.0108533	114.432	0.82885	0
6.11667	0.010845	112.738	0.83675	0
6.1175	0.0109637	112.436	0.834002	0
6.08751	0.0110065	111.765	0.820262	0
6.06408	0.0109255	110.289	0.815797	0
6.05632	0.0109075	110.356	0.846024	0
6.05133	0.0108694	108.629	0.82988	0
6.0405	0.0107105	108.847	0.849459	0
6.02456	0.0107258	107.656	0.831598	0
6.00862	0.0104974	109.417	0.843963	0
5.99766	0.0106957	107.438	0.831941	0
5.99542	0.0105935	107.925	0.842246	0
5.97918	0.0105877	105.392	0.84362	0
5.95456	0.0112187	107.941	0.858734	0
5.93514	0.0105114	106.164	0.824041	0
5.91436	0.0106285	105.057	0.84362	0
5.87545	0.0103436	103.665	0.830224	0
5.84562	0.0102834	103.48	0.841559	0
5.84945	0.0102388	103.665	0.831598	0
5.83866	0.0101692	102.826	0.841902	0
5.81179	0.0101781	102.172	0.868008	0
5.80174	0.0102454	102.222	0.844994	0
5.7916	0.0100413	100.847	0.827132	0
5.76688	0.0101631	99.8239	0.843963	0
5.75306	0.0101485	99.9078	0.847742	0
5.73601	0.00982205	99.7736	0.846711	0
5.7033	0.00986202	97.6436	0.837781	0
5.69798	0.00953247	97.9119	0.82988	0
5.69895	0.00955848	99.3543	0.85839	0
5.67849	0.0094853	98.0126	0.822323	0
5.64932	0.00994706	96.4864	0.85736	0
5.62367	0.01004	95.2453	0.835033	0
5.60147	0.00981891	96.369	0.83675	0
5.58959	0.0096846	94.8763	0.849116	0
5.57416	0.00981865	93.3669	0.842246	0
5.55484	0.00961411	94.1216	0.839498	0
5.53652	0.00957755	91.6394	0.85049	0
5.51824	0.00979283	92.4948	0.830224	0
5.49499	0.0099255	91.3711	0.858047	0
5.46938	0.00985075	91.1866	0.859421	0
5.45398	0.00992177	89.4423	0.826789	0
5.44524	0.00947226	89.3082	0.83675	0
5.42397	0.00953765	88.4025	0.811332	0
5.40127	0.00950234	87.3124	0.861482	0
5.38847	0.00939024	85.9539	0.831254	0
5.37042	0.00944711	85.7862	0.843276	0
5.34363	0.00950122	85.6688	0.840185	0
5.32741	0.00935316	84.6122	0.821293	0
5.30626	0.00930009	83.8407	0.83675	0
5.28438	0.00914848	84.2935	0.837781	0
5.26833	0.00911363	83.8407	0.82198	0
5.25813	0.0086651	82.1971	0.838468	0
5.25115	0.00886997	83.4046	0.835033	0
5.23919	0.00881101	81.4088	0.842589	0
5.2256	0.00839747	81.7945	0.854612	0
5.22071	0.00873409	80.7212	0.852894	0
5.202	0.00876947	80.4193	0.832628	0
5.19427	0.00884285	79.2453	0.827819	0
5.21321	0.00884842	81.0398	0.811675	0
5.19826	0.00859952	78.1551	0.827819	0
5.17347	0.00881304	79.9832	0.832972	0
5.174	0.00879719	79.4633	0.829537	0
5.17027	0.00860942	78.8092	0.836407	0
5.16963	0.00883597	78.7589	0.828506	0
5.14916	0.0089104	78.3229	0.832285	0
5.11548	0.00889782	77.0818	0.829193	0
5.10971	0.00881337	76.1761	0.810301	0
5.10753	0.00878867	76.847	0.833315	0
5.09459	0.00869098	76.4444	0.831941	0
5.07833	0.0089195	75.6394	0.833315	0
5.06865	0.00866825	75.1698	0.825415	0
5.0594	0.00864211	74.8344	0.824384	0
5.04383	0.00855438	73.2243	0.83572	0
5.03896	0.00865311	74.7505	0.842246	0
5.0334	0.0085952	74.0964	0.814767	0
5.01119	0.00852261	73.5262	0.834689	0
4.99691	0.00881474	72.8889	0.825071	0
4.99205	0.00882575	71.4633	0.825758	0
4.97468	0.00855065	71.9161	0.82301	0
4.94452	0.00833281	68.4109	0.80824	0
4.93324	0.00832553	69.5849	0.838811	0
4.93896	0.00851756	69.6688	0.822667	0
4.92105	0.00842839	69.652	0.822667	0
4.89329	0.00835469	67.2201	0.83572	0
4.89073	0.00813619	68.6792	0.808927	0
4.89036	0.00815047	67.74	0.798279	0
4.85405	0.00811896	65.4759	0.817858	0
4.83124	0.0080524	65.3249	0.815797	0
4.83241	0.00813875	64.956	0.810301	0
4.82416	0.00815041	65.0231	0.817171	0
4.80318	0.00810016	64.3857	0.820262	0
4.77659	0.00783816	62.4906	0.809614	0
4.7629	0.00790433	61.6352	0.796561	0
4.76452	0.00812204	61.3333	0.81511	0
4.7525	0.00789883	61.5178	0.807553	0
4.74368	0.00790407	61.3501	0.814767	0
4.73297	0.0078831	61.0985	0.816484	0
4.70629	0.00774578	59.6562	0.809958	0
4.69233	0.00771866	58.3145	0.806179	0
4.68971	0.0075379	59.5891	0.803775	0
4.68297	0.00748562	58.6331	0.789691	0
4.65867	0.00740713	57.6436	0.795187	0
4.63941	0.00739396	56.587	0.791065	0
4.64371	0.00745915	56.2348	0.791065	0
4.64101	0.00756306	55.4969	0.795874	0
4.61532	0.00741696	54.3899	0.806523	0
4.601	0.00730656	54.9099	0.773547	0
4.60835	0.00719092	54.6751	0.781104	0
4.59582	0.00712737	53.5178	0.770112	0
4.57495	0.00712298	53.5514	0.788661	0
4.56625	0.00714624	53.2159	0.809614	0
4.55612	0.00710457	51.2537	0.759808	0
4.54272	0.00686171	51.7065	0.783509	0
4.532	0.00699261	50.7002	0.753281	0
4.52082	0.00677896	50.3312	0.760495	0
4.5139	0.00672517	50.8512	0.776982	0
4.51599	0.00674797	50.1803	0.747785	0
4.50858	0.00678957	49.5597	0.771143	0
4.49898	0.00668521	50.13	0.760838	0
4.49762	0.00681624	49.2243	0.769425	0
4.49017	0.00674882	49.2914	0.748816	0
4.47729	0.00657573	49.7275	0.775265	0
4.47749	0.00661478	48.9895	0.777669	0
4.46159	0.00659964	46.7589	0.754655	0
4.43275	0.00653747	44.7296	0.726832	0
4.43375	0.00654317	44.9811	0.732672	0
4.43806	0.00662421	45.0482	0.75706	0
4.42188	0.00659604	44.6625	0.747098	0
4.41375	0.00639471	45.1656	0.739541	0
4.41243	0.00620163	45.7358	0.746755	0
4.4008	0.00632677	44.6792	0.759808	0
4.39486	0.00634708	43.7904	0.747442	0
4.39451	0.00626859	45.1321	0.73645	0
4.38499	0.0061466	42.8176	0.75019	0
4.38059	0.00621008	44.0419	0.740915	0
4.38251	0.00619881	43.2201	0.734733	0
4.36195	0.00613847	41.0566	0.737137	0
4.34891	0.00615977	42.0964	0.742976	0
4.35417	0.00598772	42.3816	0.733015	0
4.35134	0.00604688	42.4151	0.727519	0
4.34211	0.00605003	40.7715	0.721336	0
4.33453	0.00600456	40.6038	0.730611	0
4.33149	0.00599984	41.4591	0.731985	0
4.32598	0.00583173	40.3522	0.722023	0
4.31378	0.00594867	39.9329	0.722367	0
4.30447	0.0057951	38.4403	0.696261	0
4.3004	0.00581574	39.9832	0.724428	0
4.2965	0.00582472	38.3732	0.716184	0
4.29163	0.0059452	39.3627	0.725458	0
4.29089	0.00589063	37.7358	0.705192	0
4.28185	0.00557575	37.7358	0.697292	0
4.27659	0.00563741	37.1488	0.706223	0
4.28232	0.00574413	39.044	0.711718	0
4.27172	0.0057442	37.2495	0.706223	0
4.25796	0.00575167	38.1887	0.712062	0
4.25483	0.00582793	37.0482	0.713092	0
4.24331	0.00560425	35.9916	0.692826	0
4.23249	0.00540089	35.8407	0.6942	0
4.23505	0.00543398	35.8574	0.693513	0
4.22987	0.00543686	34.717	0.683209	0
4.21675	0.00528132	35.8071	0.685956	0
4.21812	0.00526481	34.7673	0.6784	0
4.21922	0.00533865	35.6394	0.692483	0
4.21438	0.0053188	35.0021	0.694544	0
4.20695	0.00527497	33.9623	0.672904	0
4.19368	0.00517159	32.2851	0.667064	0
4.19614	0.00516104	33.543	0.683209	0
4.19812	0.00520978	33.392	0.689391	0
4.18469	0.00507429	32.956	0.670156	0
4.18139	0.00499712	34.13	0.676682	0
4.17867	0.00502771	32.6205	0.67256	0
4.16856	0.00510437	32.6373	0.67943	0
4.16352	0.00508805	32.0335	0.677026	0
4.15931	0.00499672	31.4801	0.668782	0
4.15565	0.00503754	31.0105	0.676339	0
4.1542	0.00498912	31.3627	0.661568	0
4.14828	0.00501638	31.195	0.666721	0
4.14413	0.0049582	30.5409	0.646455	0
4.14027	0.00477469	31.1447	0.660194	0
4.13287	0.00477816	30.4738	0.642333	0
4.13185	0.00490015	29.4507	0.643363	0
4.13217	0.00487205	30.3899	0.668782	0
4.12834	0.00472031	30.2222	0.655042	0
4.12146	0.00467012	29.3669	0.652981	0
4.11881	0.00477102	29.0314	0.639928	0
4.11279	0.00474835	28.7799	0.639928	0
4.10766	0.00481184	29.5346	0.653668	0
4.10181	0.00452533	27.9581	0.624815	0
4.09391	0.00459085	27.74	0.632371	0
4.09532	0.00465021	28.4444	0.62825	0
4.10312	0.00466763	30.021	0.646798	0
4.09145	0.00453634	28.4277	0.627219	0
4.07954	0.00450574	27.0189	0.624128	0
4.08097	0.00447639	27.086	0.623441	0
4.08159	0.00461365	27.4717	0.637524	0
4.08351	0.00454997	27.74	0.638211	0
4.08183	0.00449697	26.8512	0.631341	0
4.07193	0.00441061	26.6164	0.623441	0
4.06633	0.00442372	27.74	0.639585	0
4.06546	0.00434805	27.0692	0.618975	0
4.05709	0.00439777	25.2746	0.603175	0
4.05425	0.00446277	26.9182	0.635119	0
4.04624	0.00437327	25.2075	0.614166	0
4.03789	0.00422239	25.7275	0.612105	0
4.04316	0.00434425	25.1405	0.610731	0
4.03605	0.0042425	24.9895	0.592526	0
4.02063	0.00421695	23.5472	0.603175	0
4.01359	0.00419526	22.8092	0.581191	0
4.01113	0.00405709	23.7149	0.590465	0
4.00633	0.0040225	23.2117	0.588061	0
3.99923	0.00405624	21.3501	0.566764	0
3.99331	0.0039482	21.7191	0.555772	0
3.98865	0.00376096	21.4004	0.548903	0
3.98344	0.00371876	21.7191	0.572604	0
3.97866	0.00372538	21.1488	0.564016	0
3.97481	0.00374445	20.9644	0.562986	0
3.97089	0.00369315	20.327	0.549246	0
3.97044	0.00369216	21.5681	0.562642	0
3.96955	0.00381481	20.109	0.541689	0
3.96197	0.00372014	20.4948	0.551307	0
3.95888	0.00366504	20.0587	0.554055	0
3.9552	0.0034854	18.5996	0.533445	0
3.95375	0.00337932	19.7233	0.543063	0
3.95574	0.00347118	19.8071	0.546155	0
3.9497	0.00352497	19.0189	0.523828	0
3.94408	0.00353362	18.5828	0.544437	0
3.94202	0.00358616	18.4151	0.544094	0
3.94154	0.00339086	18.3648	0.523484	0
3.942	0.00357889	18.4151	0.542033	0
3.93498	0.00341444	18.1468	0.524858	0
3.9294	0.00344812	18.7002	0.540315	0
3.93224	0.00349372	17.7945	0.521767	0
3.93185	0.00350597	19.1866	0.536537	0
3.92406	0.00332606	17.5765	0.520049	0
3.91647	0.00338679	17.7945	0.523828	0
3.91717	0.00336498	18.2138	0.531384	0
3.91737	0.00330889	17.2746	0.513523	0
3.91372	0.00329501	18.2809	0.527262	0
3.9107	0.00330274	17.3585	0.525545	0
3.90894	0.00329926	17.4759	0.520393	0
3.9097	0.0032724	16.7715	0.49944	0
3.90424	0.0032462	16.4696	0.510775	0
3.90129	0.00323755	16.9392	0.510431	0
3.90115	0.0032629	16.6709	0.523484	0
3.89174	0.00315893	15.3627	0.47883	0
3.88377	0.00310232	15.8155	0.504935	0
3.88114	0.00304362	14.9769	0.479517	0
3.87754	0.00303353	15.6478	0.490165	0
3.87535	0.00302246	14.6751	0.479173	0
3.87266	0.00294482	14.3732	0.47196	0
3.87105	0.00302914	15.1614	0.491883	0
3.87101	0.00299953	14.2222	0.469212	0
3.86865	0.00294816	14.2558	0.476082	0
3.86664	0.00290944	13.8532	0.471617	0
3.86734	0.00297863	14.2893	0.479173	0
3.86599	0.00293519	14.021	0.469899	0
3.86103	0.00295013	14.021	0.46406	0
3.85743	0.00284275	13.0147	0.457877	0
3.85421	0.00284877	13.8365	0.467838	0
3.84582	0.00267227	12.8637	0.446542	0
3.84464	0.00275692	13.4172	0.462342	0
3.84468	0.00287085	12.4109	0.446542	0
3.8421	0.00282073	13.0482	0.45135	0
3.83898	0.00270038	12.3941	0.446885	0
3.83591	0.00270909	12.7799	0.448946	0
3.83499	0.00270857	11.8071	0.440702	0
3.83441	0.00269239	12.3941	0.43555	0
3.83274	0.0025892	11.2537	0.428336	0
3.83144	0.00261966	12.0419	0.436237	0
3.82934	0.00260217	11.2369	0.42284	0
3.82696	0.00261947	11.6394	0.424901	0
3.82446	0.00253783	11.3711	0.422153	0
3.82563	0.00262595	12.0252	0.444137	0
3.82362	0.00254838	11.0524	0.417345	0
3.81689	0.00250318	11.2872	0.419406	0
3.81477	0.00254059	10.8847	0.418375	0
3.81809	0.00260283	11.7568	0.434519	0
3.81746	0.0025457	11.3878	0.430054	0
3.81318	0.00257904	10.717	0.417001	0
3.81101	0.00251766	10.6331	0.419406	0
3.81259	0.00254419	11.522	0.430741	0
3.80823	0.00244467	9.96226	0.399139	0
3.80417	0.00246144	10.0126	0.406009	0
3.80319	0.00239599	9.81132	0.394674	0
3.80462	0.002441	10.4654	0.411162	0
3.80448	0.00243144	10.8679	0.399139	0
3.79762	0.00230931	9.00629	0.377499	0
3.79225	0.00240326	10.0964	0.410131	0
3.79414	0.00235871	9.67715	0.398109	0
3.7921	0.00232635	10.0964	0.397765	0
3.79282	0.00237712	10.2138	0.396735	0
3.79322	0.00237614	9.19078	0.387117	0
3.79172	0.00233015	9.99581	0.388835	0
3.78951	0.0022379	9.25786	0.375095	0
3.78683	0.00225435	10.1132	0.401544	0
3.78672	0.00230964	9.00629	0.3854	0
3.78938	0.00231508	9.54298	0.389522	0
3.78999	0.00235	10.2306	0.40807	0
3.78898	0.00232347	9.09015	0.381965	0
3.78597	0.00227741	9.07338	0.384713	0
3.78135	0.00221405	8.85535	0.366508	0
3.77618	0.00220351	8.83857	0.387117	0
3.77706	0.00226247	9.44235	0.391926	0
3.77675	0.00220488	8.48637	0.359981	0
3.77427	0.00222434	8.87212	0.375782	0
3.77091	0.00215116	8.10063	0.361012	0
3.7696	0.00216053	8.73795	0.377843	0
3.77136	0.00216	8.40252	0.365821	0
3.77049	0.00211106	8.2348	0.358264	0
3.7685	0.0021429	8.65409	0.369255	0
3.76829	0.0021089	8.38574	0.370286	0
3.76441	0.00210726	7.83229	0.351737	0
3.76067	0.00212076	7.31237	0.347272	0
3.76498	0.00210667	8.05031	0.353111	0
3.76289	0.00202222	7.31237	0.337998	0
3.75613	0.00201973	7.21174	0.341433	0
3.75658	0.00201423	7.34591	0.340402	0
3.75756	0.00197865	7.6478	0.346585	0
3.75253	0.00202281	6.826	0.331815	0
3.75057	0.00203624	7.0608	0.340746	0
3.75203	0.00202432	7.39623	0.35002	0
3.75161	0.00196083	7.34591	0.338685	0
3.75054	0.00203624	6.72537	0.331128	0
3.74764	0.00200597	6.72537	0.323227	0
3.74932	0.00194255	6.67505	0.32838	0
3.74963	0.00197223	7.42977	0.353798	0
3.74812	0.0020255	7.22851	0.35002	0
3.74485	0.00196725	6.42348	0.312579	0
3.74645	0.0019797	7.36268	0.344524	0
3.74876	0.00195205	6.30608	0.316014	0
3.74183	0.00192893	6.15514	0.314984	0
3.74046	0.0019039	6.69182	0.335593	0
3.74363	0.00195278	6.60797	0.32838	0
3.73911	0.00190062	6.49057	0.323571	0
3.73732	0.0019001	6.65828	0.334906	0
3.73946	0.00186944	6.44025	0.318418	0
3.73945	0.00191956	6.69182	0.333876	0
3.73987	0.00194314	6.40671	0.32838	0
3.73932	0.00190514	6.22222	0.311549	0
3.73981	0.00193751	6.80922	0.330784	0
3.73898	0.00190161	6.49057	0.321853	0
3.73311	0.00187134	5.87002	0.308801	0
3.7343	0.00180432	6.59119	0.328036	0
3.73738	0.00182351	6.22222	0.312579	0
3.73422	0.00182915	6.33962	0.320823	0
3.73295	0.00192565	5.97065	0.308801	0
3.73293	0.0018526	6.17191	0.317044	0
3.73226	0.00185267	5.98742	0.315327	0
3.73106	0.00192487	6.50734	0.322197	0
3.72928	0.00183832	6.35639	0.321166	0
3.72805	0.00184467	6.07128	0.314297	0
3.72694	0.00185018	5.78616	0.312579	0
3.72783	0.00185542	6.90985	0.32838	0
3.72952	0.00182829	6.08805	0.32254	0
3.72807	0.00180929	6.18868	0.321853	0
3.72806	0.001841	5.95388	0.31464	0
3.72762	0.00182083	5.98742	0.309144	0
3.72649	0.00189401	5.93711	0.310862	0
3.72456	0.00188176	5.80294	0.301931	0
3.72504	0.00187134	5.81971	0.309488	0
3.72395	0.00182607	5.56813	0.302618	0
3.72022	0.00179842	6.10482	0.316701	0
3.72075	0.00180052	5.78616	0.306053	0
3.72151	0.00177156	6.17191	0.311549	0
3.72002	0.00182069	6.28931	0.31464	0
3.71881	0.00180104	5.50105	0.303305	0
3.7214	0.00181368	6.17191	0.312579	0
3.72179	0.00180019	5.55136	0.298839	0
3.72049	0.00177077	5.56813	0.298152	0
3.7197	0.0017561	5.88679	0.311892	0
3.71998	0.00179069	5.68553	0.303305	0
3.71542	0.00175033	5.36688	0.302274	0
3.71454	0.00176271	5.51782	0.296091	0
3.71418	0.00177621	4.67925	0.276856	0
3.71376	0.00175996	5.71908	0.305709	0
3.71492	0.00176101	5.50105	0.297809	0
3.71265	0.00176592	5.28302	0.290252	0
3.71175	0.00177261	5.56813	0.301931	0
3.71382	0.00183223	5.41719	0.304335	0
3.70998	0.00172937	4.84696	0.281665	0
3.70661	0.00170237	5.1153	0.296435	0
3.70772	0.00166156	4.59539	0.277886	0
3.70937	0.0017293	4.74633	0.27823	0
3.70662	0.0017234	4.69602	0.281321	0
3.70941	0.00171541	5.43396	0.300213	0
3.70937	0.00170906	4.98113	0.282695	0
3.70607	0.00173271	4.61216	0.274108	0
3.70412	0.00172052	4.89727	0.285787	0
3.70518	0.00171941	4.84696	0.276512	0
3.70276	0.00166483	4.72956	0.278917	0
3.69946	0.00167217	4.1761	0.267925	0
3.70114	0.00163784	4.71279	0.276512	0
3.70164	0.00166824	4.32704	0.264146	0
3.70184	0.00166706	5.06499	0.284413	0
3.70547	0.00168626	5.09853	0.29403	0
3.70295	0.00175433	4.81342	0.286817	0
3.70115	0.00167833	4.77987	0.28613	0
3.70158	0.00169261	4.83019	0.280291	0
3.69935	0.00160023	4.00839	0.257277	0
3.69629	0.00158785	4.32704	0.263116	0
3.69817	0.00160685	4.4109	0.273421	0
3.69827	0.00162585	4.22642	0.261742	0
3.6965	0.00158051	4.49476	0.274451	0
3.69566	0.00157167	4.19287	0.265177	0
3.69571	0.00160364	4.15933	0.268612	0
3.69367	0.00162022	4.04193	0.253498	0
3.69198	0.00156269	4.15933	0.261055	0
3.69025	0.00152816	3.80713	0.244911	0
3.68927	0.00151827	3.74004	0.253498	0
3.68963	0.00155621	4.0587	0.257277	0
3.69014	0.00157173	3.90776	0.258994	0
3.68786	0.00158176	3.77358	0.245254	0
3.6854	0.0015072	3.90776	0.249033	0
3.68389	0.001507	3.38784	0.232889	0
3.68325	0.00141338	3.8239	0.250063	0
3.68266	0.00142078	3.18658	0.222927	0
3.68026	0.00141489	3.22013	0.233919	0
3.67951	0.00139556	3.15304	0.228423	0
3.6791	0.00136031	3.10273	0.225332	0
3.67735	0.00140853	2.73375	0.214683	0
3.67743	0.00141993	3.0021	0.22224	0
3.6758	0.00137676	2.75052	0.217775	0
3.67393	0.0013347	2.53249	0.200944	0
3.67519	0.00133817	2.93501	0.217431	0
3.67509	0.00137905	2.53249	0.207814	0
3.67142	0.00132952	2.46541	0.201287	0
3.6713	0.00131825	2.43187	0.202661	0
3.67343	0.00132526	2.95178	0.220523	0
3.67268	0.00129951	2.48218	0.201974	0
3.67409	0.00139084	3.28721	0.233576	0
3.67375	0.00137938	2.6499	0.209188	0
3.66989	0.00139962	2.68344	0.212966	0
3.66836	0.00133352	2.44864	0.201974	0
3.66901	0.00128733	2.33124	0.197852	0
3.66889	0.0012851	2.78407	0.211248	0
3.66795	0.00127947	2.18029	0.190295	0
3.66765	0.00128268	2.54927	0.201631	0
3.66779	0.00131923	2.71698	0.212966	0
3.66914	0.00129814	2.59958	0.201974	0
3.66741	0.00130043	2.04612	0.183426	0
3.66648	0.00132336	2.48218	0.204722	0
3.66718	0.00129748	2.58281	0.204035	0
3.6685	0.00127409	2.06289	0.182739	0
3.66842	0.0013081	2.61635	0.209531	0
3.66779	0.00129119	2.26415	0.195104	0
3.66661	0.0012661	2.36478	0.197509	0
3.66831	0.00131936	2.7673	0.211935	0
3.66944	0.00131989	2.81761	0.218805	0
3.66625	0.00129532	2.26415	0.190639	0
3.66363	0.00125129	2.34801	0.198196	0
3.66281	0.00122555	1.92872	0.180334	0
3.6619	0.00125477	2.14675	0.187547	0
3.66275	0.00126348	2.19706	0.189608	0
3.66386	0.00128838	2.21384	0.193387	0
3.66498	0.00130449	2.19706	0.188234	0
3.66296	0.0012359	2.06289	0.184112	0
3.66078	0.00123432	1.94549	0.17793	0
3.66345	0.00123734	2.12998	0.189952	0
3.66291	0.0012397	2.21384	0.190295	0
3.66019	0.00125863	1.92872	0.178617	0
3.66066	0.00122902	2.18029	0.192013	0
3.66386	0.00127455	2.46541	0.201287	0
3.66354	0.00127534	2.28092	0.197165	0
3.66209	0.00126879	2.36478	0.198883	0
3.662	0.00128628	2.29769	0.197852	0
3.66224	0.0012796	2.26415	0.19373	0
3.66195	0.00126662	2.26415	0.190639	0
3.65973	0.00123885	1.99581	0.184456	0
3.65913	0.00121041	1.81132	0.175182	0
3.65924	0.00123085	1.79455	0.172777	0
3.65891	0.00119482	2.24738	0.193043	0
3.65953	0.00120884	2.04612	0.185143	0
3.66086	0.00126112	2.01258	0.180678	0
3.6595	0.00126315	1.89518	0.177243	0
3.6569	0.00119076	1.61006	0.172777	0
3.65727	0.00119954	1.81132	0.173464	0
3.65875	0.00123282	2.12998	0.184112	0
3.65742	0.00119639	1.72746	0.168312	0
3.65763	0.00121185	2.04612	0.186517	0
3.65537	0.00120209	1.62683	0.16522	0
3.65693	0.0012321	2.11321	0.190639	0
3.65781	0.00124461	1.91195	0.181021	0
3.65549	0.00123747	1.81132	0.17209	0
3.65583	0.00127265	2.26415	0.195104	0
3.65735	0.00124566	1.99581	0.183082	0
3.65509	0.00123164	1.72746	0.166594	0
3.65559	0.00123111	2.12998	0.189952	0
3.6582	0.00122332	2.09644	0.188578	0
3.65701	0.00123544	1.92872	0.178617	0
3.65443	0.00118709	1.67715	0.165907	0
3.65475	0.00120039	1.39203	0.15732	0
3.65576	0.00121913	2.07966	0.184799	0
3.65403	0.00117438	1.62683	0.163503	0
3.65352	0.00118217	1.82809	0.175869	0
3.6547	0.00120923	1.50943	0.161442	0
3.65375	0.00121709	1.97904	0.177586	0
3.65455	0.00119272	1.72746	0.170029	0
3.65338	0.00123701	1.97904	0.185486	0
3.65312	0.00123282	1.74423	0.167281	0
3.65322	0.00120687	1.84486	0.175182	0
3.65215	0.00116141	1.82809	0.17106	0
3.65191	0.00121159	1.77778	0.173808	0
3.65359	0.00120845	1.94549	0.181021	0
3.65317	0.0012148	1.99581	0.183082	0
3.65312	0.0012359	1.74423	0.170716	0
3.65127	0.00118525	1.64361	0.16419	0
3.65012	0.00122194	1.74423	0.170716	0
3.65203	0.00120399	1.82809	0.172777	0
3.65148	0.00119305	1.76101	0.167968	0
3.65035	0.00121441	1.91195	0.176212	0
3.65153	0.0012222	1.81132	0.173464	0
3.65149	0.00122679	1.64361	0.165907	0
3.65134	0.00122902	1.67715	0.16419	0
3.65227	0.00119803	2.19706	0.189608	0
3.6522	0.00123007	1.54298	0.157664	0
3.65056	0.00121316	1.81132	0.176899	0
3.65036	0.0011525	1.47589	0.15629	0
3.65108	0.00117556	1.59329	0.165564	0
3.6511	0.00122063	1.77778	0.170373	0
3.6518	0.00117379	1.64361	0.167625	0
3.65179	0.00120537	1.96226	0.183082	0
3.65062	0.0012055	1.55975	0.158694	0
3.64754	0.00118499	1.45912	0.155259	0
3.64851	0.00117149	1.54298	0.157664	0
3.64866	0.0011768	1.82809	0.175869	0
3.64761	0.0011525	1.62683	0.163503	0
3.64846	0.00118958	1.91195	0.179647	0
3.64778	0.0011808	1.67715	0.17106	0
3.64736	0.00119095	1.52621	0.156977	0
3.64752	0.00113762	1.50943	0.158007	0
3.64732	0.00116442	1.45912	0.15732	0
3.64661	0.00118099	1.64361	0.16419	0
3.64777	0.00114856	1.62683	0.161785	0
3.64792	0.00120229	1.82809	0.177586	0
3.64911	0.0011941	1.77778	0.17209	0
3.64773	0.00117484	1.52621	0.158694	0
3.64567	0.00114011	1.40881	0.151137	0
3.64673	0.00116553	1.40881	0.154572	0
3.64695	0.00116082	1.55975	0.162129	0
3.64614	0.00117215	1.52621	0.156977	0
3.64647	0.00114883	1.52621	0.158694	0
3.64617	0.00113166	1.59329	0.165564	0
3.64614	0.00111889	1.25786	0.142893	0
3.64521	0.0011259	1.2914	0.144954	0
3.64636	0.00116363	1.84486	0.175182	0
3.64697	0.00115367	1.54298	0.157664	0
3.64474	0.00115512	1.44235	0.152855	0
3.64557	0.00114738	1.54298	0.157664	0
3.6458	0.00113978	1.49266	0.156977	0
3.6461	0.00114254	1.2914	0.146672	0
3.64701	0.00115597	1.62683	0.161785	0
3.64682	0.00116114	1.82809	0.174495	0
3.64399	0.00113061	1.22432	0.143237	0
3.64451	0.00116553	1.57652	0.162816	0
3.64583	0.00115538	1.42558	0.15732	0
3.64458	0.00114286	1.71069	0.165907	0
3.64401	0.00115479	1.40881	0.152855	0
3.64392	0.00117333	1.62683	0.163503	0
3.64277	0.0011483	1.32495	0.148389	0
3.64234	0.00109183	1.15723	0.137397	0
3.64361	0.00112006	1.24109	0.145985	0
3.64438	0.00113389	1.32495	0.15045	0
3.64385	0.00110434	1.35849	0.150107	0
3.64344	0.00110591	1.39203	0.152168	0
3.64295	0.00109301	1.00629	0.128123	0
3.64278	0.00108862	1.32495	0.148389	0
3.64437	0.00111194	1.55975	0.158694	0
3.64456	0.00111312	1.45912	0.153542	0
3.64315	0.00112491	1.59329	0.160068	0
3.64186	0.00112282	1.12369	0.137397	0
3.6423	0.0011048	1.20755	0.142206	0
3.64296	0.0011238	1.32495	0.148389	0
3.64284	0.00115145	1.30818	0.145641	0
3.64195	0.00112963	1.34172	0.14942	0
3.64261	0.00109333	1.30818	0.145641	0
3.6435	0.00110768	1.57652	0.161098	0
3.64216	0.00112026	1.22432	0.143237	0
3.6395	0.00107637	1.25786	0.142893	0
3.64038	0.00104872	1.07338	0.134649	0
3.64045	0.00108397	1.20755	0.140145	0
3.64187	0.00111476	1.44235	0.158007	0
3.64228	0.00108894	1.25786	0.147015	0
3.64192	0.00114136	1.27463	0.145985	0
3.64019	0.00109143	1.19078	0.139115	0
3.6407	0.00110179	1.14046	0.136367	0
3.64076	0.00109202	1.03983	0.134649	0
3.63925	0.00105514	1.03983	0.132588	0
3.64033	0.00110709	1.14046	0.138428	0
3.64101	0.00111921	1.24109	0.147702	0
3.642	0.00107663	1.30818	0.145641	0
3.64167	0.00109851	1.19078	0.143237	0
3.64067	0.00109255	1.0566	0.133619	0
3.64136	0.00111522	1.35849	0.152168	0
3.64063	0.00107296	1.00629	0.128123	0
3.64087	0.00110873	1.42558	0.151824	0
3.64164	0.00107925	1.15723	0.139458	0
3.64039	0.00110866	1.32495	0.146672	0
3.63908	0.00112255	1.0566	0.133619	0
3.6387	0.00108449	1.174	0.138428	0
3.63921	0.0011048	1.00629	0.128123	0
3.63942	0.00112059	1.35849	0.150107	0
3.6404	0.00108383	1.22432	0.143237	0
3.63898	0.00108796	1.24109	0.143924	0
3.63747	0.00107722	0.939203	0.128467	0
3.63744	0.00107695	0.888889	0.12091	0
3.63835	0.00110362	1.15723	0.137397	0
3.63951	0.00109288	1.2914	0.144954	0
3.64154	0.00112943	1.45912	0.155259	0
3.63992	0.00112039	1.35849	0.150107	0
3.63911	0.00111319	1.37526	0.14942	0
3.6404	0.00108901	1.12369	0.135336	0
3.63879	0.00107237	1.39203	0.152168	0
3.6378	0.00108338	0.955975	0.127436	0
3.63854	0.00110559	1.0566	0.133619	0
3.63846	0.00110683	1.19078	0.141176	0
3.63797	0.00105409	0.888889	0.12091	0
3.63816	0.00107342	1.19078	0.145298	0
3.63906	0.00109137	1.14046	0.136367	0
3.64019	0.00107885	1.30818	0.151481	0
3.64048	0.00110467	1.39203	0.152168	0
3.63981	0.00113834	1.24109	0.145985	0
3.6379	0.00108554	1.15723	0.139458	0
3.63783	0.00108842	1.174	0.144267	0
3.63884	0.0011008	1.15723	0.139458	0
3.6372	0.00106483	1.07338	0.132245	0
3.63622	0.00108829	1.14046	0.138428	0
3.63788	0.00106673	1.02306	0.129497	0
3.63607	0.00103876	0.771488	0.112666	0
3.63545	0.00107846	1.0566	0.133619	0
3.63807	0.00107532	1.09015	0.135336	0
3.63753	0.00106863	1.0566	0.131215	0
3.63819	0.00108737	1.12369	0.141519	0
3.6389	0.00109294	1.24109	0.143924	0
3.6377	0.00108298	1.09015	0.137397	0
3.63755	0.00105606	1.02306	0.129497	0
3.63708	0.00107008	0.955975	0.127436	0
3.63692	0.00110159	1.20755	0.142206	0
3.63664	0.00107669	0.90566	0.12194	0
3.63534	0.00101694	0.855346	0.12091	0
3.63657	0.0010096	0.888889	0.12091	0
3.63741	0.00100069	0.989518	0.131558	0
3.6383	0.00107479	1.22432	0.143237	0
3.63728	0.00108292	0.922432	0.125375	0
3.63616	0.00106444	0.821803	0.118505	0
3.63597	0.00104407	0.855346	0.12091	0
3.63655	0.0010305	1.00629	0.128123	0
3.63773	0.00109491	1.24109	0.145985	0
3.6373	0.00108377	0.838574	0.117475	0
3.63667	0.00103522	0.989518	0.127093	0
3.63771	0.00107283	1.07338	0.134649	0
3.63832	0.00108023	1.22432	0.141176	0
3.6367	0.00107283	1.07338	0.132245	0
3.63543	0.00108973	0.972746	0.130528	0
3.63509	0.00106785	0.821803	0.116101	0
3.63489	0.0010461	0.90566	0.126406	0
3.63607	0.00104053	0.989518	0.127093	0
3.63678	0.00101576	1.10692	0.136367	0
3.63552	0.0010495	1.25786	0.142893	0
3.63672	0.00106746	0.888889	0.122971	0
3.63493	0.00102893	0.888889	0.122971	0
3.63448	0.00103502	0.888889	0.12091	0
3.63604	0.00103424	0.737945	0.112666	0
3.63619	0.00103791	0.955975	0.127436	0
3.6358	0.00103922	0.972746	0.126062	0
3.63634	0.00106804	1.02306	0.129497	0
3.63495	0.00105789	1.24109	0.142206	0
3.63516	0.00108364	0.821803	0.118505	0
3.63539	0.0010324	0.872117	0.119536	0
3.63469	0.0010552	0.78826	0.113696	0
3.63446	0.00104852	0.754717	0.111292	0
3.63508	0.00104662	1.03983	0.130528	0
3.63628	0.00103005	1.02306	0.131558	0
3.63551	0.00104793	0.888889	0.12091	0
3.63538	0.00105946	0.922432	0.122971	0
3.6363	0.00104118	0.754717	0.11404	0
3.63564	0.00106031	0.872117	0.119536	0
3.63514	0.00101085	0.754717	0.116444	0
3.63468	0.00102212	0.821803	0.116101	0
3.63498	0.00104066	0.838574	0.117475	0
3.63394	0.00103162	0.855346	0.12091	0
3.63424	0.0010134	1.10692	0.136367	0
3.63362	0.00106215	0.771488	0.11507	0
3.63211	0.00102245	0.721174	0.108887	0
3.63314	0.000989753	0.754717	0.111292	0
3.63456	0.00101576	0.872117	0.119536	0
3.6344	0.00106051	1.10692	0.140489	0
3.63406	0.00103457	0.805031	0.11507	0
3.63442	0.00103103	0.771488	0.112666	0
3.63574	0.00104466	0.922432	0.122971	0
3.63476	0.00103267	0.855346	0.118505	0
3.63626	0.00108731	0.821803	0.116101	0
3.63681	0.00105186	0.955975	0.125032	0
3.63547	0.00102389	0.888889	0.12091	0
3.63551	0.00103378	0.78826	0.113696	0
3.63567	0.00107637	1.00629	0.128123	0
3.63486	0.00103273	1.0566	0.131215	0
3.63352	0.00102978	0.922432	0.125375	0
3.63477	0.00104498	0.90566	0.12194	0
3.63401	0.0010305	0.955975	0.125032	0
3.633	0.0010195	0.855346	0.118505	0
3.63433	0.00100921	0.771488	0.112666	0
3.63531	0.00105402	1.15723	0.137397	0
3.63478	0.00103247	0.67086	0.105109	0
3.63374	0.00102467	0.90566	0.12194	0
3.63401	0.00105592	0.771488	0.112666	0
3.63325	0.00104891	0.603774	0.0999566	0
3.63382	0.00103024	0.721174	0.108887	0
3.63442	0.00100187	0.838574	0.119879	0
3.63387	0.00101327	0.872117	0.12194	0
3.63425	0.00102487	0.721174	0.108887	0
3.63284	0.00101537	0.838574	0.12194	0
3.63337	0.00106503	0.771488	0.112666	0
3.63504	0.00104891	0.955975	0.129497	0
3.63433	0.00102382	0.872117	0.12194	0
3.63372	0.001002	0.721174	0.108887	0
3.63444	0.00102788	0.90566	0.12194	0
3.6356	0.00100521	0.805031	0.11507	0
3.63395	0.000989032	0.637317	0.102705	0
3.63266	0.000995453	0.888889	0.122971	0
3.63469	0.00102369	0.754717	0.111292	0
3.63484	0.00102926	0.737945	0.110261	0
3.63308	0.000976191	0.721174	0.111635	0
3.63361	0.000999449	0.805031	0.117475	0
3.63486	0.00103037	0.872117	0.12194	0
3.63416	0.000997222	0.637317	0.102705	0
3.63384	0.00101851	0.90566	0.126406	0
3.6341	0.00106798	0.687631	0.106483	0
3.63357	0.00102526	0.821803	0.116101	0
3.63375	0.00103869	0.704403	0.107857	0
3.63285	0.00102572	0.821803	0.12091	0
3.63343	0.000992636	0.805031	0.11507	0
3.63433	0.00100521	0.704403	0.107857	0
3.63329	0.00101485	0.805031	0.119879	0
3.63403	0.00103483	0.737945	0.112666	0
3.63412	0.00101203	0.888889	0.12091	0
3.63265	0.00101373	0.637317	0.107857	0
3.63232	0.00103633	0.90566	0.12194	0
3.63461	0.00103208	0.754717	0.11404	0
3.63458	0.000985232	0.67086	0.110261	0
3.63323	0.000983332	0.704403	0.107857	0
3.6336	0.00099578	0.687631	0.106483	0
3.63454	0.00100744	0.687631	0.111635	0
3.63309	0.00096145	0.536688	0.0941172	0
3.63257	0.000992374	0.654088	0.103735	0
3.63396	0.00100482	0.771488	0.112666	0
3.6338	0.000996632	0.771488	0.112666	0
3.63373	0.000990867	0.687631	0.106483	0
3.63326	0.00100816	0.78826	0.113696	0
3.63212	0.00100463	0.519916	0.0927432	0
3.63197	0.00102428	0.754717	0.11404	0
3.63358	0.00100784	0.754717	0.111292	0
3.63483	0.00102985	0.90566	0.124001	0
3.63389	0.00100187	0.687631	0.106483	0
3.63317	0.00104498	0.955975	0.125032	0
3.63416	0.00106542	0.721174	0.108887	0
3.63366	0.0010081	0.704403	0.110261	0
3.63271	0.00101498	0.704403	0.107857	0
3.63283	0.000973767	0.67086	0.105109	0
3.63324	0.000978812	0.587002	0.101331	0
3.63439	0.000979401	0.67086	0.105109	0
3.63363	0.00101216	0.587002	0.101331	0
3.63387	0.000975339	0.587002	0.0985826	0
3.63447	0.00100436	0.637317	0.102705	0
3.63376	0.000999449	0.570231	0.0972087	0
3.63376	0.000996436	0.704403	0.107857	0
3.63463	0.000980122	0.687631	0.106483	0
3.63508	0.00100915	0.754717	0.111292	0
3.63477	0.0010079	0.654088	0.103735	0
3.6349	0.00101806	0.704403	0.110261	0
3.63339	0.00100934	0.654088	0.106483	0
3.63466	0.00100508	0.687631	0.106483	0
3.63399	0.00098117	0.469602	0.0913693	0
3.63253	0.000959157	0.33543	0.0745381	0
3.63422	0.000975012	0.486373	0.0927432	0
3.63421	0.000994339	0.654088	0.103735	0
3.63236	0.000981694	0.503145	0.0913693	0
3.63319	0.000991849	0.587002	0.0985826	0
3.63414	0.000968591	0.67086	0.105109	0
3.63378	0.00102068	0.805031	0.11507	0
3.63206	0.000987656	0.503145	0.0913693	0
3.63226	0.0010005	0.704403	0.107857	0
3.63366	0.000983463	0.603774	0.0999566	0
3.63223	0.000971277	0.603774	0.0999566	0
3.63224	0.00094946	0.503145	0.0913693	0
3.63384	0.000942778	0.570231	0.0972087	0
3.63364	0.000970295	0.687631	0.106483	0
3.6342	0.000962826	0.603774	0.0999566	0
3.63518	0.000973046	0.67086	0.110261	0
3.63354	0.000953391	0.637317	0.102705	0
3.63327	0.00098307	0.687631	0.106483	0
3.63387	0.000973898	0.587002	0.101331	0
3.63354	0.00096335	0.587002	0.101331	0
3.633	0.000982088	0.536688	0.0941172	0
3.63349	0.000978419	0.503145	0.0913693	0
3.63337	0.000964922	0.419287	0.0834689	0
3.63505	0.000979467	0.620545	0.106826	0
3.63473	0.00098556	0.704403	0.107857	0
3.63412	0.00101412	0.754717	0.111292	0
3.63366	0.00100587	0.368973	0.0783165	0
3.63415	0.000982808	0.67086	0.105109	0
3.63381	0.000980908	0.620545	0.101331	0
3.63427	0.000971736	0.620545	0.101331	0
3.63392	0.000963219	0.570231	0.0972087	0
3.63391	0.00098687	0.872117	0.119536	0
3.63422	0.000959484	0.637317	0.102705	0
3.63313	0.000982088	0.603774	0.0999566	0
3.6331	0.00097606	0.637317	0.102705	0
3.63389	0.000971474	0.436059	0.0851864	0
3.6333	0.000960336	0.603774	0.0999566	0
3.63343	0.000992898	0.687631	0.106483	0
3.63346	0.000966233	0.603774	0.0999566	0
3.63415	0.000971998	0.536688	0.0941172	0
3.63418	0.00101334	0.721174	0.111635	0
3.63476	0.00100646	0.570231	0.0972087	0
3.63424	0.00100266	0.587002	0.0985826	0
3.63392	0.00100731	0.737945	0.110261	0
3.63503	0.000986346	0.704403	0.107857	0
3.63496	0.000945267	0.587002	0.0985826	0
3.63459	0.00099637	0.687631	0.109231	0
3.63307	0.000988574	0.519916	0.0958347	0
3.63371	0.00095896	0.553459	0.0958347	0
3.6337	0.000968067	0.519916	0.0927432	0
3.63365	0.000933343	0.419287	0.0834689	0
3.63326	0.000961188	0.603774	0.0999566	0
3.63464	0.000968067	0.603774	0.0999566	0
3.63457	0.000975274	0.570231	0.0972087	0
3.6336	0.000957716	0.436059	0.0851864	0
3.63367	0.000947954	0.436059	0.0882778	0
3.63537	0.000998598	0.654088	0.106483	0
3.63548	0.00103031	0.570231	0.0972087	0
3.63433	0.00098805	0.737945	0.112666	0
3.63441	0.000988901	0.620545	0.101331	0
3.63382	0.000980253	0.469602	0.0882778	0
3.63346	0.00097095	0.654088	0.103735	0
3.63359	0.000952474	0.587002	0.0985826	0
3.63329	0.000965905	0.587002	0.0985826	0
3.63406	0.000956274	0.553459	0.0985826	0
3.63434	0.000981891	0.486373	0.0896518	0
3.63474	0.000968657	0.620545	0.101331	0
3.63455	0.000961581	0.45283	0.0865604	0
3.63481	0.000980974	0.654088	0.103735	0
3.63507	0.000962957	0.587002	0.0985826	0
3.63542	0.000962433	0.570231	0.0999566	0
3.63473	0.000952147	0.687631	0.106483	0
3.63494	0.000957978	0.503145	0.0944607	0
3.63518	0.000996436	0.519916	0.0958347	0
3.63457	0.000959026	0.436059	0.0851864	0
3.63365	0.000968133	0.368973	0.0783165	0
3.63417	0.000975405	0.486373	0.0896518	0
3.63475	0.000951229	0.469602	0.0882778	0
3.63405	0.000987656	0.587002	0.0985826	0
3.6354	0.000982088	0.503145	0.0913693	0
3.63478	0.000903468	0.469602	0.0882778	0
3.63478	0.000934719	0.469602	0.0882778	0
3.63637	0.000967608	0.67086	0.107857	0
3.63648	0.000956667	0.368973	0.0783165	0
3.63508	0.000971801	0.553459	0.0985826	0
3.63451	0.000947429	0.469602	0.0882778	0
3.63425	0.000976912	0.570231	0.0972087	0
3.63413	0.00101393	0.587002	0.0985826	0
3.63446	0.000978877	0.536688	0.0999566	0
3.63484	0.000925219	0.637317	0.102705	0
3.63563	0.000957519	0.436059	0.0851864	0
3.63503	0.000951688	0.570231	0.0972087	0
3.63518	0.000936881	0.45283	0.0865604	0
3.63654	0.000975012	0.687631	0.106483	0
3.6362	0.000939174	0.436059	0.0851864	0
3.63469	0.000939371	0.436059	0.0882778	0
3.63547	0.000962957	0.503145	0.0913693	0
3.63708	0.000958698	0.536688	0.0972087	0
3.6371	0.000967019	0.754717	0.111292	0
3.63491	0.000921878	0.352201	0.076599	0
3.63478	0.000955357	0.402516	0.0817514	0
3.63583	0.000990998	0.519916	0.0927432	0
3.63661	0.000964922	0.436059	0.0882778	0
3.6356	0.000969574	0.553459	0.0958347	0
3.635	0.000991915	0.519916	0.0958347	0
3.63444	0.000956274	0.536688	0.0972087	0
3.6346	0.000947692	0.385744	0.080034	0
3.6356	0.00096466	0.737945	0.112666	0
3.63614	0.00097285	0.519916	0.0927432	0
3.63465	0.000943564	0.45283	0.0865604	0
3.63527	0.000977501	0.469602	0.0882778	0
3.63604	0.000934785	0.385744	0.080034	0
3.6359	0.00097036	0.486373	0.0958347	0
3.63626	0.000975077	0.503145	0.0913693	0
3.63631	0.000981694	0.503145	0.0913693	0
3.63598	0.000949067	0.419287	0.0834689	0
3.63621	0.000953981	0.368973	0.0783165	0
3.63572	0.000966953	0.419287	0.0834689	0
3.63554	0.000953981	0.45283	0.0865604	0
3.63648	0.000945923	0.587002	0.0985826	0
3.63584	0.000929544	0.536688	0.0941172	0
3.63706	0.000969902	0.45283	0.0865604	0
3.63619	0.000962629	0.503145	0.0913693	0
3.63538	0.000947167	0.352201	0.080034	0
3.63577	0.000954702	0.45283	0.0865604	0
3.63641	0.00095706	0.519916	0.0927432	0
3.63579	0.000963088	0.352201	0.076599	0
3.63603	0.000953129	0.620545	0.101331	0
3.63593	0.000960467	0.469602	0.0882778	0
3.63442	0.000940419	0.352201	0.076599	0
3.6337	0.000919126	0.33543	0.0745381	0
3.63562	0.000936619	0.45283	0.0865604	0
3.63574	0.000932164	0.45283	0.0865604	0
3.637	0.000992046	0.620545	0.101331	0
3.63706	0.000965381	0.419287	0.0834689	0
3.63702	0.000992439	0.654088	0.103735	0
3.6381	0.000969181	0.519916	0.0927432	0
3.63793	0.000973046	0.436059	0.0882778	0
3.6379	0.00096335	0.469602	0.0882778	0
3.63751	0.000950181	0.486373	0.0896518	0
3.6374	0.000955226	0.402516	0.0817514	0
3.63778	0.000944088	0.469602	0.0882778	0
3.63853	0.000945726	0.570231	0.0972087	0
3.63748	0.000951688	0.385744	0.080034	0
3.63659	0.000924368	0.318658	0.0728206	0
3.63724	0.000947167	0.486373	0.0896518	0
3.63757	0.000921223	0.385744	0.080034	0
3.63714	0.000955816	0.486373	0.0927432	0
3.63864	0.000973505	0.620545	0.101331	0
3.63872	0.000972784	0.436059	0.0882778	0
3.63797	0.00096715	0.368973	0.0783165	0
3.63745	0.000957912	0.436059	0.0851864	0
3.63642	0.000973636	0.368973	0.0783165	0
3.63532	0.00093033	0.285115	0.0690422	0
3.63551	0.000909103	0.368973	0.0783165	0
3.63734	0.000955553	0.368973	0.0783165	0
3.63697	0.000945136	0.45283	0.0865604	0
3.63742	0.00096525	0.486373	0.0896518	0
3.63732	0.000939699	0.45283	0.0865604	0
3.63728	0.00095765	0.503145	0.0913693	0
3.63784	0.000960729	0.301887	0.0707597	0
3.63613	0.000947561	0.33543	0.0745381	0
3.63821	0.000943695	0.436059	0.0851864	0
3.63937	0.000962236	0.486373	0.0896518	0
3.63778	0.00094625	0.368973	0.0783165	0
3.63732	0.000931706	0.318658	0.0728206	0
3.63858	0.000904189	0.368973	0.0783165	0
3.63889	0.000941271	0.45283	0.0865604	0
3.6384	0.00096014	0.402516	0.0817514	0
3.63876	0.000971146	0.503145	0.0913693	0
3.63732	0.000926202	0.285115	0.0690422	0
3.63684	0.000912182	0.268344	0.0669812	0
3.63787	0.000934392	0.536688	0.0941172	0
3.63895	0.000974488	0.419287	0.0834689	0
3.63889	0.000955095	0.519916	0.0927432	0
3.63852	0.000950378	0.436059	0.0851864	0
3.63884	0.000951557	0.402516	0.0817514	0
3.63754	0.000926268	0.301887	0.0707597	0
3.63842	0.000919258	0.536688	0.0941172	0
3.64079	0.000954964	0.469602	0.0882778	0
3.63947	0.000949198	0.436059	0.0851864	0
3.63782	0.000924302	0.436059	0.0851864	0
3.63873	0.000956143	0.419287	0.0834689	0
3.63803	0.000923123	0.268344	0.0669812	0
3.63777	0.000926988	0.301887	0.0707597	0
3.63899	0.000940223	0.385744	0.080034	0
3.639	0.000910282	0.402516	0.0817514	0
3.63785	0.000933802	0.33543	0.0745381	0
3.63921	0.000943695	0.436059	0.0851864	0
3.64012	0.000937733	0.419287	0.0834689	0
3.63887	0.000945661	0.352201	0.076599	0
3.63886	0.000930788	0.218029	0.0604549	0
3.63869	0.000930723	0.503145	0.0913693	0
3.63877	0.000927054	0.469602	0.0882778	0
3.63972	0.000934392	0.368973	0.0783165	0
3.63967	0.000936226	0.419287	0.0834689	0
3.63955	0.000936685	0.503145	0.0913693	0
3.63975	0.000917358	0.402516	0.0817514	0
3.6383	0.000900782	0.234801	0.0625158	0
3.63891	0.000902616	0.268344	0.0669812	0
3.63941	0.000913951	0.402516	0.0817514	0
3.63837	0.000914082	0.285115	0.0690422	0
3.6395	0.000914671	0.436059	0.0851864	0
3.64008	0.000972784	0.469602	0.0882778	0
3.63897	0.00094055	0.301887	0.0707597	0
3.63975	0.000946905	0.33543	0.0745381	0
3.64044	0.000962891	0.385744	0.080034	0
3.63929	0.000948019	0.285115	0.0690422	0
3.63977	0.000924237	0.352201	0.076599	0
3.64103	0.000939174	0.436059	0.0851864	0
3.64118	0.000935112	0.318658	0.0728206	0
3.64031	0.000935374	0.419287	0.0834689	0
3.64022	0.000918406	0.268344	0.0669812	0
3.63917	0.000893706	0.402516	0.0817514	0
3.64059	0.000906023	0.469602	0.0882778	0
3.6414	0.000914409	0.167715	0.052898	0
3.64057	0.000904713	0.218029	0.0604549	0
3.64068	0.000889775	0.402516	0.0817514	0
3.64115	0.000926988	0.436059	0.0851864	0
3.64077	0.000916637	0.352201	0.076599	0
3.64087	0.000934719	0.385744	0.080034	0
3.64041	0.000911592	0.402516	0.0817514	0
3.63994	0.000904975	0.234801	0.0625158	0
3.6403	0.000926988	0.45283	0.0865604	0
3.64089	0.000912575	0.33543	0.0745381	0
3.6396	0.000931312	0.201258	0.0580504	0
3.63971	0.00092843	0.301887	0.0707597	0
3.6404	0.000929281	0.318658	0.0728206	0
3.64155	0.000937995	0.368973	0.0783165	0
3.64124	0.000947954	0.368973	0.0783165	0
3.64089	0.000941533	0.419287	0.0834689	0
3.64206	0.000950247	0.45283	0.0865604	0
3.64135	0.000922206	0.301887	0.0707597	0
3.64063	0.000918078	0.318658	0.0728206	0
3.64096	0.000939568	0.385744	0.080034	0
3.64211	0.000937209	0.436059	0.0851864	0
3.64173	0.000931968	0.301887	0.0707597	0
3.64075	0.000917227	0.352201	0.076599	0
3.64069	0.000909823	0.301887	0.0707597	0
3.64128	0.000918668	0.268344	0.0669812	0
3.64083	0.000914737	0.285115	0.0728206	0
3.64063	0.000893837	0.301887	0.0707597	0
3.64112	0.000916113	0.486373	0.0896518	0
3.64208	0.00092024	0.402516	0.0817514	0
3.64144	0.000925351	0.385744	0.080034	0
3.64214	0.000910151	0.268344	0.0669812	0
3.64338	0.000934916	0.419287	0.0834689	0
3.64297	0.000938912	0.318658	0.0728206	0
3.64174	0.000924302	0.419287	0.0834689	0
3.64172	0.000923057	0.251572	0.0649203	0
3.64252	0.000925482	0.385744	0.080034	0
3.64195	0.000921551	0.268344	0.0669812	0
3.64145	0.000922337	0.301887	0.0707597	0
3.64183	0.000942385	0.385744	0.080034	0
3.6429	0.000941795	0.385744	0.080034	0
3.64123	0.000923188	0.33543	0.0745381	0
3.64135	0.000921682	0.285115	0.0690422	0
3.64182	0.000933343	0.268344	0.0669812	0
3.64227	0.000937668	0.368973	0.0783165	0
3.64273	0.00094304	0.385744	0.080034	0
3.64322	0.00094245	0.301887	0.0707597	0
3.6428	0.000928299	0.268344	0.0669812	0
3.64278	0.000892003	0.301887	0.0707597	0
3.64322	0.000918864	0.268344	0.0669812	0
3.64279	0.00091762	0.268344	0.0669812	0
3.64262	0.00090884	0.436059	0.0851864	0
3.64323	0.000944154	0.436059	0.0851864	0
3.64267	0.000927119	0.419287	0.0834689	0
3.64281	0.000919716	0.352201	0.076599	0
3.64272	0.000924302	0.385744	0.080034	0
3.6427	0.000924368	0.234801	0.0625158	0
3.64225	0.000913361	0.301887	0.0707597	0
3.64389	0.000910413	0.234801	0.0625158	0
3.64393	0.000909299	0.436059	0.0851864	0
3.64366	0.000919126	0.301887	0.0707597	0
3.6428	0.000916702	0.268344	0.0669812	0
3.64313	0.000919258	0.285115	0.0690422	0
3.64405	0.000924499	0.33543	0.0745381	0
3.64413	0.000905237	0.218029	0.0604549	0
3.64324	0.000906547	0.268344	0.0669812	0
3.64343	0.000908513	0.33543	0.0745381	0
3.64373	0.000915327	0.301887	0.0707597	0
3.64428	0.000911068	0.33543	0.0745381	0
3.64406	0.000911396	0.352201	0.076599	0
3.64336	0.000933475	0.251572	0.0649203	0
3.64212	0.000937602	0.301887	0.0707597	0
3.64209	0.000911723	0.251572	0.0649203	0
3.64392	0.000916178	0.33543	0.0817514	0
3.64478	0.000927185	0.318658	0.0728206	0
3.64537	0.000933016	0.285115	0.0690422	0
3.64486	0.000929281	0.251572	0.0649203	0
3.64546	0.000920568	0.352201	0.076599	0
3.64582	0.000910282	0.318658	0.0728206	0
3.64468	0.000903075	0.285115	0.0690422	0
3.64432	0.000922926	0.301887	0.0707597	0
3.64582	0.000910347	0.352201	0.076599	0
3.64567	0.000901568	0.285115	0.0690422	0
3.64381	0.000902092	0.218029	0.0604549	0
3.64431	0.000893706	0.234801	0.0625158	0
3.64491	0.000896065	0.218029	0.0604549	0
3.64479	0.000912902	0.285115	0.0690422	0
3.64555	0.000938454	0.285115	0.0690422	0
3.64488	0.000902878	0.268344	0.0669812	0
3.64517	0.000899472	0.33543	0.0745381	0
3.6455	0.000913885	0.201258	0.0580504	0
3.644	0.000917227	0.150943	0.05015	0
3.64441	0.000909758	0.251572	0.0649203	0
3.64546	0.00090052	0.33543	0.0745381	0
3.64522	0.00090242	0.251572	0.0649203	0
3.64512	0.000885058	0.150943	0.05015	0
3.64552	0.000891479	0.352201	0.076599	0
3.64656	0.00090111	0.251572	0.0649203	0
3.64623	0.000896523	0.268344	0.0669812	0
3.64612	0.000889644	0.218029	0.0604549	0
3.64668	0.000902354	0.251572	0.0649203	0
3.64684	0.000912444	0.352201	0.076599	0
3.64574	0.000889513	0.201258	0.0580504	0
3.64615	0.000918471	0.268344	0.0669812	0
3.6466	0.000909365	0.352201	0.076599	0
3.6457	0.000894165	0.0838574	0.0374408	0
3.64626	0.000907792	0.402516	0.0817514	0
3.64798	0.000899734	0.234801	0.0625158	0
3.64744	0.000918078	0.402516	0.0817514	0
3.64643	0.000922664	0.251572	0.0649203	0
3.64597	0.00091074	0.33543	0.0745381	0
3.64648	0.00091572	0.368973	0.0783165	0
3.64772	0.000924695	0.436059	0.0851864	0
3.64715	0.000949067	0.301887	0.0707597	0
3.64653	0.000909561	0.419287	0.0834689	0
3.6465	0.000891217	0.201258	0.0580504	0
3.64604	0.000890365	0.218029	0.0604549	0
3.64634	0.00088342	0.201258	0.0580504	0
3.64658	0.000883158	0.201258	0.0580504	0
3.64752	0.000896458	0.251572	0.0649203	0
3.64798	0.000919258	0.251572	0.0649203	0
3.64787	0.00091264	0.301887	0.0707597	0
3.64748	0.000912378	0.150943	0.05015	0
3.64768	0.000895868	0.268344	0.0669812	0
3.64762	0.000897703	0.184486	0.0556459	0
3.64781	0.000897113	0.251572	0.0649203	0
3.64773	0.000893248	0.268344	0.0669812	0
3.64766	0.000910282	0.385744	0.080034	0
3.64847	0.000889448	0.201258	0.0580504	0
3.64819	0.000893706	0.268344	0.0669812	0
3.64823	0.000922402	0.318658	0.0728206	0
3.64871	0.000916768	0.218029	0.0604549	0
3.64921	0.000922402	0.285115	0.0690422	0
3.64754	0.000907792	0.234801	0.0625158	0
3.64805	0.000920109	0.218029	0.0604549	0
3.64836	0.000888989	0.234801	0.0625158	0
3.64822	0.000893837	0.318658	0.076599	0
3.64817	0.000910282	0.150943	0.05015	0
3.64682	0.000878965	0.201258	0.0580504	0
3.64855	0.000878834	0.150943	0.05015	0
3.64961	0.000901765	0.33543	0.0745381	0
3.64974	0.000921616	0.318658	0.0728206	0
3.64901	0.00091513	0.251572	0.0649203	0
3.6487	0.000931509	0.234801	0.0625158	0
3.64915	0.000894165	0.234801	0.0625158	0
3.65003	0.000905041	0.33543	0.0745381	0
3.64957	0.000916244	0.368973	0.0783165	0
3.64986	0.000925351	0.301887	0.0707597	0
3.64982	0.000909627	0.301887	0.0707597	0
3.6484	0.000872413	0.167715	0.052898	0
3.64846	0.000902747	0.234801	0.0625158	0
3.65071	0.000893903	0.301887	0.0707597	0
3.64982	0.00091192	0.251572	0.0649203	0
3.64882	0.000892592	0.167715	0.052898	0
3.64971	0.000889972	0.352201	0.076599	0
3.6504	0.000888661	0.268344	0.0669812	0
3.64987	0.000925744	0.234801	0.0625158	0
3.65043	0.000914278	0.234801	0.0625158	0
3.65003	0.000923057	0.301887	0.0707597	0
3.65019	0.000922468	0.352201	0.076599	0
3.64996	0.000921682	0.251572	0.0649203	0
3.65071	0.00090432	0.184486	0.0556459	0
3.65028	0.000903403	0.301887	0.0707597	0
3.65051	0.000890168	0.218029	0.0604549	0
3.65183	0.000910675	0.402516	0.0817514	0
3.65035	0.000905958	0.33543	0.0745381	0
3.64993	0.000908316	0.268344	0.0669812	0
3.65075	0.000903403	0.301887	0.0707597	0
3.65111	0.00089803	0.301887	0.0707597	0
3.65042	0.000890496	0.251572	0.0690422	0
3.65029	0.000898882	0.201258	0.0580504	0
3.6505	0.000894165	0.268344	0.0669812	0
3.65103	0.000884337	0.218029	0.0604549	0
3.65166	0.000889775	0.301887	0.0707597	0
3.65171	0.000900258	0.184486	0.0556459	0
3.65178	0.000899996	0.285115	0.0690422	0
3.65227	0.000891348	0.301887	0.0707597	0
3.65239	0.000902158	0.385744	0.080034	0
3.65173	0.000904778	0.251572	0.0649203	0
3.65061	0.000895934	0.251572	0.0690422	0
3.65269	0.000917423	0.301887	0.0707597	0
3.65294	0.000924433	0.167715	0.052898	0
3.65132	0.000897637	0.318658	0.0728206	0
3.6516	0.000900389	0.234801	0.0625158	0
3.65244	0.000870317	0.184486	0.0556459	0
3.65175	0.000896458	0.318658	0.0728206	0
3.6525	0.000917161	0.33543	0.0745381	0
3.65299	0.000898751	0.234801	0.0625158	0
3.65253	0.000893248	0.285115	0.0690422	0
3.65274	0.000891086	0.318658	0.0728206	0
3.65226	0.000887482	0.134172	0.0474021	0
3.65166	0.000884862	0.167715	0.052898	0
3.65154	0.000873069	0.268344	0.0669812	0
3.6522	0.000897703	0.301887	0.0707597	0
3.65219	0.000867303	0.218029	0.0604549	0
3.65249	0.000868876	0.218029	0.0604549	0
3.65364	0.000926006	0.301887	0.0707597	0
3.65257	0.000911658	0.201258	0.0580504	0
3.65143	0.000894689	0.268344	0.0669812	0
3.65287	0.000882437	0.234801	0.0625158	0
3.65317	0.000891217	0.218029	0.0604549	0
3.65259	0.000884337	0.251572	0.0649203	0
3.65297	0.000877393	0.301887	0.0707597	0
3.65307	0.000880472	0.285115	0.0690422	0
3.65386	0.000904058	0.234801	0.0625158	0
3.65313	0.000874248	0.150943	0.05015	0
3.65376	0.000904713	0.201258	0.0580504	0
3.65424	0.00088021	0.352201	0.076599	0
3.65443	0.000900258	0.201258	0.0580504	0
3.65514	0.00092332	0.234801	0.0625158	0
3.6543	0.000898554	0.167715	0.052898	0
3.65373	0.000901961	0.184486	0.0556459	0
3.65399	0.000903861	0.184486	0.0556459	0
3.65387	0.000882437	0.150943	0.05015	0
3.65427	0.000885058	0.268344	0.0669812	0
3.65442	0.000905368	0.268344	0.0669812	0
3.65497	0.000897899	0.167715	0.052898	0
3.65361	0.000882372	0.201258	0.0580504	0
3.65478	0.000903141	0.301887	0.0707597	0
3.65467	0.000892396	0.234801	0.0625158	0
3.65405	0.000915785	0.184486	0.0556459	0
3.65399	0.000888727	0.184486	0.0556459	0
3.65457	0.000892003	0.285115	0.0690422	0
3.65512	0.00090111	0.201258	0.0580504	0
3.65438	0.000866058	0.167715	0.052898	0
3.65458	0.000884534	0.234801	0.0625158	0
3.6555	0.000881455	0.234801	0.0625158	0
3.65495	0.000884403	0.150943	0.05015	0
3.65435	0.000869989	0.218029	0.0604549	0
3.65572	0.000886303	0.184486	0.0556459	0
3.65682	0.000902354	0.234801	0.0625158	0
3.65463	0.00088853	0.100629	0.0408757	0
3.65542	0.000881586	0.201258	0.0580504	0
3.65592	0.000890365	0.318658	0.076599	0
3.6558	0.000928233	0.268344	0.0669812	0
3.65558	0.000911723	0.268344	0.0669812	0
3.65619	0.000880734	0.268344	0.0669812	0
3.65579	0.000902551	0.167715	0.052898	0
3.65474	0.000908316	0.150943	0.05015	0
3.65597	0.000895279	0.33543	0.0745381	0
3.65664	0.000877065	0.234801	0.0625158	0
3.6564	0.000888465	0.201258	0.0580504	0
3.6562	0.000904713	0.268344	0.0669812	0
3.65576	0.000893379	0.251572	0.0649203	0
3.65659	0.000911265	0.167715	0.052898	0
3.65635	0.000888137	0.234801	0.0625158	0
3.6559	0.000896589	0.184486	0.0556459	0
3.65695	0.000861472	0.167715	0.0580504	0
3.6568	0.000890955	0.251572	0.0649203	0
3.65628	0.000899079	0.201258	0.0580504	0
3.65636	0.000889317	0.201258	0.0580504	0
3.65715	0.000885844	0.251572	0.0649203	0
3.65839	0.000875165	0.218029	0.0604549	0
3.65902	0.000898751	0.167715	0.052898	0
3.65831	0.000878637	0.167715	0.052898	0
3.65892	0.000879489	0.201258	0.0580504	0
3.65799	0.000885189	0.184486	0.0556459	0
3.65758	0.000869989	0.251572	0.0649203	0
3.65846	0.000897375	0.285115	0.0690422	0
3.65807	0.000905237	0.184486	0.0556459	0
3.65699	0.000886565	0.234801	0.0625158	0
3.65696	0.000877917	0.218029	0.0604549	0
3.65856	0.000890365	0.251572	0.0649203	0
3.65769	0.000861079	0.251572	0.0649203	0
3.65709	0.000869924	0.134172	0.0474021	0
3.65817	0.000876475	0.218029	0.0604549	0
3.65819	0.000919126	0.150943	0.05015	0
3.65805	0.000896261	0.201258	0.0580504	0
3.6577	0.000877786	0.134172	0.0474021	0
3.65796	0.000882962	0.234801	0.0625158	0
3.6578	0.000891675	0.150943	0.05015	0
3.65811	0.000876213	0.201258	0.0580504	0
3.65918	0.000890889	0.318658	0.0728206	0
3.65884	0.000883224	0.167715	0.052898	0
3.6587	0.000903861	0.167715	0.052898	0
3.65948	0.000882962	0.218029	0.0604549	0
3.65995	0.000909037	0.33543	0.0745381	0
3.66025	0.000876541	0.218029	0.0649203	0
3.65905	0.000871889	0.184486	0.0556459	0
3.65958	0.000876148	0.100629	0.0408757	0
3.66022	0.000872938	0.100629	0.0408757	0
3.66047	0.000890955	0.268344	0.0669812	0
3.66046	0.000905499	0.234801	0.0625158	0
3.6592	0.000889186	0.251572	0.0649203	0
3.65916	0.000885451	0.167715	0.052898	0
3.65984	0.000902682	0.201258	0.0580504	0
3.66036	0.000905761	0.150943	0.05015	0
3.65987	0.000881586	0.318658	0.0728206	0
3.65983	0.000885975	0.184486	0.0556459	0
3.65951	0.000904058	0.301887	0.0707597	0
3.65863	0.000889448	0.218029	0.0604549	0
3.65913	0.000897637	0.100629	0.0408757	0
3.66032	0.000914999	0.251572	0.0649203	0
3.66056	0.000898685	0.234801	0.0625158	0
3.66024	0.000905827	0.184486	0.0556459	0
3.66184	0.000894165	0.184486	0.0556459	0
3.66164	0.000868155	0.167715	0.052898	0
3.66143	0.000903206	0.167715	0.052898	0
3.66145	0.000891413	0.201258	0.0580504	0
3.66088	0.000868679	0.184486	0.0556459	0
3.6622	0.000876869	0.251572	0.0649203	0
3.66206	0.000907203	0.33543	0.0745381	0
3.66122	0.000882241	0.234801	0.0625158	0
3.66115	0.000892461	0.285115	0.0690422	0
3.66203	0.000899341	0.167715	0.052898	0
3.66227	0.000902354	0.218029	0.0604549	0
3.66156	0.00088021	0.184486	0.0556459	0
3.6606	0.00086501	0.100629	0.0408757	0
3.66153	0.000863045	0.0838574	0.0374408	0
3.66194	0.000874444	0.234801	0.0625158	0
3.6624	0.000885517	0.201258	0.0580504	0
3.66182	0.000864814	0.184486	0.0556459	0
3.66104	0.000864289	0.251572	0.0649203	0
3.66138	0.000899275	0.218029	0.0604549	0
3.66269	0.000871824	0.251572	0.0649203	0
3.66188	0.000890889	0.167715	0.052898	0
3.66211	0.000875558	0.1174	0.0443107	0
3.66194	0.000858786	0.167715	0.052898	0
3.66146	0.000878375	0.134172	0.0474021	0
3.66246	0.000887744	0.251572	0.0649203	0
3.66257	0.000880734	0.218029	0.0604549	0
3.66296	0.000887744	0.184486	0.0556459	0
3.6633	0.000880341	0.201258	0.0580504	0
3.66349	0.000911461	0.201258	0.0580504	0
3.66392	0.000895803	0.201258	0.0580504	0
3.66349	0.000874313	0.1174	0.0443107	0
3.6622	0.000875034	0.184486	0.0556459	0
3.66217	0.000861276	0.150943	0.05015	0
3.66276	0.000862652	0.167715	0.052898	0
3.66258	0.000882241	0.184486	0.0556459	0
3.66334	0.000883944	0.234801	0.0625158	0
3.6629	0.000889382	0.218029	0.0604549	0
3.66361	0.000867631	0.167715	0.052898	0
3.66311	0.000871693	0.167715	0.052898	0
3.66286	0.000860686	0.134172	0.0474021	0
3.66425	0.000871758	0.201258	0.0580504	0
3.6638	0.00088781	0.268344	0.0669812	0
3.66313	0.000886761	0.1174	0.0443107	0
3.66351	0.000856821	0.150943	0.05015	0
3.66408	0.000858852	0.201258	0.0580504	0
3.6645	0.000881193	0.184486	0.0556459	0
3.66442	0.000888006	0.167715	0.052898	0
3.66479	0.000862389	0.134172	0.0474021	0
3.66441	0.000880079	0.184486	0.0556459	0
3.66519	0.000899537	0.201258	0.0580504	0
3.66433	0.000866648	0.1174	0.0443107	0
3.66392	0.000864748	0.134172	0.0474021	0
3.66423	0.000853545	0.1174	0.0443107	0
3.66442	0.000872872	0.184486	0.0556459	0
3.6659	0.000878113	0.234801	0.0625158	0
3.66645	0.000862324	0.134172	0.0474021	0
3.66558	0.000871103	0.218029	0.0604549	0
3.666	0.000861276	0.234801	0.0625158	0
3.66616	0.000888596	0.218029	0.0604549	0
3.66639	0.000876803	0.150943	0.05015	0
3.66587	0.000875034	0.134172	0.0474021	0
3.66643	0.000890955	0.234801	0.0625158	0
3.66571	0.000872479	0.1174	0.0443107	0
3.66584	0.000869138	0.150943	0.05015	0
3.66612	0.000900061	0.184486	0.0556459	0
3.66556	0.000897768	0.134172	0.0474021	0
3.6658	0.000898882	0.184486	0.0556459	0
3.66657	0.000898227	0.0503145	0.0291969	0
3.66552	0.00087202	0.100629	0.0408757	0
3.66523	0.000877065	0.167715	0.052898	0
3.66597	0.000870186	0.1174	0.0443107	0
3.66622	0.000851252	0.150943	0.05015	0
3.66649	0.000871562	0.234801	0.0625158	0
3.66666	0.000866779	0.234801	0.0625158	0
3.6666	0.000885713	0.150943	0.05015	0
3.66735	0.000880341	0.201258	0.0580504	0
3.66704	0.000861276	0.100629	0.0408757	0
3.66593	0.00087582	0.100629	0.0408757	0
3.66739	0.000877786	0.234801	0.0625158	0
3.66829	0.00088401	0.167715	0.052898	0
3.66773	0.000881717	0.218029	0.0604549	0
3.6674	0.000880013	0.150943	0.05015	0
3.66793	0.000873658	0.150943	0.05015	0
3.66832	0.000876934	0.134172	0.0474021	0
3.66923	0.000882503	0.150943	0.05015	0
3.66856	0.000897637	0.184486	0.0556459	0
3.66899	0.00090183	0.150943	0.05015	0
3.66787	0.000882765	0.167715	0.052898	0
3.66734	0.000890823	0.167715	0.052898	0
3.66797	0.000882699	0.1174	0.0443107	0
3.66779	0.000895999	0.150943	0.05015	0
3.66775	0.000890299	0.201258	0.0580504	0
3.66861	0.000902616	0.251572	0.0649203	0
3.6683	0.000915261	0.1174	0.0443107	0
3.66727	0.000886434	0.184486	0.0556459	0
3.66761	0.000868614	0.184486	0.0556459	0
3.66807	0.000863831	0.1174	0.0443107	0
3.66821	0.000871496	0.201258	0.0580504	0
3.66813	0.00085479	0.1174	0.0443107	0
3.66865	0.000872938	0.167715	0.052898	0
3.66855	0.000881127	0.134172	0.0474021	0
3.66933	0.000869007	0.167715	0.052898	0
3.66949	0.000879096	0.150943	0.05015	0
3.66789	0.000857738	0.167715	0.052898	0
3.66801	0.000888858	0.134172	0.0474021	0
3.66842	0.000864289	0.1174	0.0443107	0
3.66837	0.000892854	0.0838574	0.0374408	0
3.66861	0.000879293	0.0838574	0.0374408	0
3.66914	0.000858262	0.167715	0.052898	0
3.66928	0.000872282	0.218029	0.0649203	0
3.67017	0.000895541	0.184486	0.0556459	0
3.66921	0.00089233	0.100629	0.0408757	0
3.67009	0.000885255	0.201258	0.0580504	0
3.67094	0.000878179	0.184486	0.0556459	0
3.66908	0.000892461	0.0838574	0.0374408	0
3.67106	0.000884862	0.251572	0.0649203	0
3.67143	0.000872413	0.184486	0.0556459	0
3.67042	0.00088912	0.150943	0.05015	0
3.67096	0.000875493	0.150943	0.05015	0
3.67112	0.00088152	0.1174	0.0443107	0
3.66952	0.000883355	0.0503145	0.0291969	0
3.67009	0.00088342	0.1174	0.0443107	0
3.67106	0.00087641	0.167715	0.052898	0
3.67155	0.000891413	0.134172	0.0474021	0
3.67161	0.000880472	0.150943	0.05015	0
3.67281	0.000893117	0.268344	0.0669812	0
3.67185	0.000910675	0.167715	0.052898	0
3.67177	0.000893772	0.251572	0.0649203	0
3.67115	0.000872872	0.150943	0.05015	0
3.6714	0.000874838	0.251572	0.0649203	0
3.67209	0.000904778	0.184486	0.0556459	0
3.67083	0.000870972	0.150943	0.05015	0
3.67149	0.000882503	0.268344	0.0669812	0
3.67299	0.000893706	0.167715	0.052898	0
3.67285	0.00089233	0.1174	0.0443107	0
3.67258	0.000891282	0.268344	0.0669812	0
3.67201	0.00088532	0.201258	0.0580504	0
3.67106	0.000872741	0.134172	0.0474021	0
3.67217	0.000873462	0.201258	0.0580504	0
3.67305	0.000885124	0.1174	0.0443107	0
3.67227	0.000874444	0.134172	0.0474021	0
3.6721	0.0008675	0.184486	0.0556459	0
3.67307	0.000901961	0.167715	0.052898	0
3.67276	0.000886368	0.234801	0.0625158	0
3.67192	0.000877982	0.134172	0.0474021	0
3.6731	0.000876541	0.234801	0.0625158	0
3.67235	0.000886827	0.1174	0.0443107	0
3.6725	0.000865665	0.167715	0.052898	0
3.67362	0.000851055	0.167715	0.0580504	0
3.67307	0.000889448	0.134172	0.0474021	0
3.67288	0.000891741	0.0838574	0.0374408	0
3.67362	0.000865731	0.1174	0.0443107	0
3.67375	0.000876869	0.150943	0.05015	0
3.67436	0.000855838	0.067086	0.0336624	0
0	0	0	0	0
0	0	0	0	0
0	0	0	0	0
0	0	0	0	0
0	0	0	0	0
0	0	0	0	0
0	0	0	0	0
0	0	0	0	0
0	0	0	0	0
0	0	0	0	0
0	0	0	0	0
0	0	0	0	0
0	0	0	0	0
0	0	0	0	0
0	0	0	0	0
0	0	0	0	0
0	0	0	0	0
0	0	0	0	0
0	0	0	0	0
0	0	0	0	0
0	0	0	0	0
0	0	0	0	0
0	0	0	0	0
0	0	0	0	0
0	0	0	0	0
0	0	0	0	0
0	0	0	0	0
0	0	0	0	0
0	0	0	0	0
0	0	0	0	0
0	0	0	0	0
0	0	0	0	0
0	0	0	0	0
0	0	0	0	0
0	0	0	0	0
0	0	0	0	0
0	0	0	0	0
0	0	0	0	0
0	0	0	0	0
0	0	0	0	0
0	0	0	0	0
0	0	0	0	0
0	0	0	0	0
0	0	0	0	0
0	0	0	0	0
0	0	0	0	0
0	0	0	0	0
0	0	0	0	0
0	0	0	0	0
0	0	0	0	0
0	0	0	0	0
0	0	0	0	0
0	0	0	0	0
0	0	0	0	0
0	0	0	0	0
0	0	0	0	0
0	0	0	0	0
0	0	0	0	0
0	0	0	0	0
0	0	0	0	0
0	0	0	0	0
0	0	0	0	0
0	0	0	0	0
0	0	0	0	0
0	0	0	0	0
0	0	0	0	0
0	0	0	0	0
0	0	0	0	0
0	0	0	0	0
0	0	0	0	0
0	0	0	0	0
0	0	0	0	0
0	0	0	0	0
0	0	0	0	0
0	0	0	0	0
0	0	0	0	0
0	0	0	0	0
0	0	0	0	0
0	0	0	0	0
0	0	0	0	0
0	0	0	0	0
0	0	0	0	0
0	0	0	0	0
0	0	0	0	0
0	0	0	0	0
0	0	0	0	0
0	0	0	0	0
0	0	0	0	0
0	0	0	0	0
0	0	0	0	0
0	0	0	0	0
0	0	0	0	0
0	0	0	0	0
0	0	0	0	0
0	0	0	0	0
0	0	0	0	0
0	0	0	0	0
0	0	0	0	0
0	0	0	0	0
0	0	0	0	0
0	0	0	0	0
0	0	0	0	0
0	0	0	0	0
0	0	0	0	0
0	0	0	0	0
0	0	0	0	0
0	0	0	0	0
0	0	0	0	0
0	0	0	0	0
0	0	0	0	0
0	0	0	0	0
0	0	0	0	0
0	0	0	0	0
0	0	0	0	0
0	0	0	0	0
0	0	0	0	0
0	0	0	0	0
0	0	0	0	0
0	0	0	0	0
0	0	0	0	0
0	0	0	0	0
0	0	0	0	0
0	0	0	0	0
0	0	0	0	0
0	0	0	0	0
0	0	0	0	0
0	0	0	0	0
0	0	0	0	0
0	0	0	0	0
0	0	0	0	0
0	0	0	0	0
0	0	0	0	0
0	0	0	0	0
0	0	0	0	0
0	0	0	0	0
0	0	0	0	0
0	0	0	0	0
0	0	0	0	0
0	0	0	0	0
0	0	0	0	0
0	0	0	0	0
0	0	0	0	0
0	0	0	0	0
0	0	0	0	0
0	0	0	0	0
0	0	0	0	0
0	0	0	0	0
0	0	0	0	0
0	0	0	0	0
0	0	0	0	0
0	0	0	0	0
0	0	0	0	0
0	0	0	0	0
0	0	0	0	0
0	0	0	0	0
0	0	0	0	0
0	0	0	0	0
0	0	0	0	0
0	0	0	0	0
0	0	0	0	0
0	0	0	0	0
0	0	0	0	0
0	0	0	0	0
0	0	0	0	0
0	0	0	0	0
0	0	0	0	0
0	0	0	0	0
0	0	0	0	0
0	0	0	0	0
0	0	0	0	0
0	0	0	0	0
0	0	0	0	0
0	0	0	0	0
0	0	0	0	0
0	0	0	0	0
0	0	0	0	0
0	0	0	0	0
0	0	0	0	0
0	0	0	0	0
0	0	0	0	0
0	0	0	0	0
0	0	0	0	0
0	0	0	0	0
0	0	0	0	0
0	0	0	0	0
0	0	0	0	0
0	0	0	0	0
0	0	0	0	0
0	0	0	0	0
0	0	0	0	0
0	0	0	0	0
0	0	0	0	0
0	0	0	0	0
0	0	0	0	0
0	0	0	0	0
0	0	0	0	0
0	0	0	0	0
0	0	0	0	0
0	0	0	0	0
0	0	0	0	0
0	0	0	0	0
0	0	0	0	0
0	0	0	0	0
0	0	0	0	0
0	0	0	0	0
0	0	0	0	0
0	0	0	0	0
0	0	0	0	0
0	0	0	0	0
0	0	0	0	0
0	0	0	0	0
0	0	0	0	0
0	0	0	0	0
0	0	0	0	0
0	0	0	0	0
0	0	0	0	0
0	0	0	0	0
0	0	0	0	0
0	0	0	0	0
0	0	0	0	0
0	0	0	0	0
0	0	0	0	0
0	0	0	0	0
0	0	0	0	0
0	0	0	0	0
0	0	0	0	0
0	0	0	0	0
0	0	0	0	0
0	0	0	0	0
0	0	0	0	0
0	0	0	0	0
0	0	0	0	0
0	0	0	0	0
0	0	0	0	0
0	0	0	0	0
0	0	0	0	0
0	0	0	0	0
0	0	0	0	0
0	0	0	0	0
0	0	0	0	0
0	0	0	0	0
0	0	0	0	0
0	0	0	0	0
0	0	0	0	0
0	0	0	0	0
0	0	0	0	0
0	0	0	0	0
0	0	0	0	0
0	0	0	0	0
0	0	0	0	0
0	0	0	0	0
0	0	0	0	0
0	0	0	0	0
0	0	0	0	0
0	0	0	0	0
0	0	0	0	0
0	0	0	0	0
0	0	0	0	0
0	0	0	0	0
0	0	0	0	0
0	0	0	0	0
0	0	0	0	0
0	0	0	0	0
0	0	0	0	0
0	0	0	0	0
0	0	0	0	0
0	0	0	0	0
0	0	0	0	0
0	0	0	0	0
0	0	0	0	0
0	0	0	0	0
0	0	0	0	0
0	0	0	0	0
0	0	0	0	0
0	0	0	0	0
0	0	0	0	0
0	0	0	0	0
0	0	0	0	0
0	0	0	0	0
0	0	0	0	0
0	0	0	0	0
0	0	0	0	0
0	0	0	0	0
0	0	0	0	0
0	0	0	0	0
0	0	0	0	0
0	0	0	0	0
0	0	0	0	0
0	0	0	0	0
0	0	0	0	0
0	0	0	0	0
0	0	0	0	0
0	0	0	0	0
0	0	0	0	0
0	0	0	0	0
0	0	0	0	0
0	0	0	0	0
0	0	0	0	0
0	0	0	0	0
0	0	0	0	0
0	0	0	0	0
0	0	0	0	0
0	0	0	0	0
0	0	0	0	0
0	0	0	0	0
0	0	0	0	0
0	0	0	0	0
0	0	0	0	0
0	0	0	0	0
0	0	0	0	0
0	0	0	0	0
0	0	0	0	0
0	0	0	0	0
0	0	0	0	0
0	0	0	0	0
0	0	0	0	0
0	0	0	0	0
0	0	0	0	0
0	0	0	0	0
0	0	0	0	0
0	0	0	0	0
0	0	0	0	0
0	0	0	0	0
0	0	0	0	0
0	0	0	0	0
0	0	0	0	0
0	0	0	0	0
0	0	0	0	0
0	0	0	0	0
0	0	0	0	0
0	0	0	0	0
0	0	0	0	0
0	0	0	0	0
0	0	0	0	0
0	0	0	0	0
0	0	0	0	0
0	0	0	0	0
0	0	0	0	0
0	0	0	0	0
0	0	0	0	0
0	0	0	0	0
0	0	0	0	0
0	0	0	0	0
0	0	0	0	0
0	0	0	0	0
0	0	0	0	0
0	0	0	0	0
0	0	0	0	0
0	0	0	0	0
0	0	0	0	0
0	0	0	0	0
0	0	0	0	0
0	0	0	0	0
0	0	0	0	0
0	0	0	0	0
0	0	0	0	0
0	0	0	0	0
0	0	0	0	0
0	0	0	0	0
0	0	0	0	0
0	0	0	0	0
0	0	0	0	0
0	0	0	0	0
0	0	0	0	0
0	0	0	0	0
0	0	0	0	0
0	0	0	0	0
0	0	0	0	0
0	0	0	0	0
0	0	0	0	0
0	0	0	0	0
0	0	0	0	0
0	0	0	0	0
0	0	0	0	0
0	0	0	0	0
0	0	0	0	0
0	0	0	0	0
0	0	0	0	0
0	0	0	0	0
0	0	0	0	0
0	0	0	0	0
0	0	0	0	0
0	0	0	0	0
0	0	0	0	0
0	0	0	0	0
0	0	0	0	0
0	0	0	0	0
0	0	0	0	0
0	0	0	0	0
0	0	0	0	0
0	0	0	0	0
0	0	0	0	0
0	0	0	0	0
0	0	0	0	0
0	0	0	0	0
0	0	0	0	0
0	0	0	0	0
0	0	0	0	0
0	0	0	0	0
0	0	0	0	0
