a2610523.302386
Narit-cm 05/01/2026 22:35:02 05/01/2026 23:30:23 0045 0013.384714 0052.542598 00.0 00.0
0002363 0010 0000000 0010 05 0000000 0010 0000000 0010
1 0 1 01600 1 0000 3.75 00000.o 0 0 01 000 16 002363 0.500 BT0
1 2 1 02000 1 0000 3.75 00000.o 0 0 01 000 16 002363 0.500 S2A0
1 1 1 01600 1 0000 3.75 00000.o 0 0 00 000 00 002363 3.1746 BC0
1 3 1 02000 1 0000 3.75 00000.o 0 0 00 000 00 002363 3.1746 S2P0
1 5 0 01600 0 0000 1.00 00000.o 0 0 00 000 00 000000 0.000 OF0
0.000 .o Analog 0 	0.000 .o Analog StErr 0 	0.000 .o Photon Counting 0 	0.000 .o PC StErr 0 	0.000 .o Overflow Info 0 
27.2981	0.150827	179.484	0.858217	0
61.8082	0.355815	195.954	0.850206	0
261.039	2.29166	115.277	1.36256	0
472.839	0.0912089	1.11722	0.137579	0
473.457	0	0	0	0
473.457	0	0.0507829	0.0292574	0
473.457	0	16.843	0.575744	0
473.457	6.44404E-6	14.4901	0.563553	0
473.457	0	5.04444	0.309641	0
473.457	0	17.7402	0.552059	0
473.457	6.44404E-6	48.3961	0.843588	0
473.457	6.44404E-6	112.501	1.00381	0
473.457	0	155.904	1.01495	0
473.457	0	137.52	1.05013	0
473.457	0	100.906	0.953652	0
473.457	6.44404E-6	94.5578	0.944944	0
473.457	0	95.4719	0.904193	0
473.457	6.44404E-6	111.621	0.927877	0
473.457	6.44404E-6	126.229	0.948079	0
473.457	0	125.975	0.923001	0
473.457	0	128.311	0.932405	0
473.457	0	144.63	0.947034	0
473.457	0	165.992	0.915338	0
473.457	0	181.786	0.908024	0
473.457	0	191.976	0.896182	0
473.457	6.44404E-6	197.105	0.889564	0
473.457	0	200.999	0.885384	0
473.457	0	204.774	0.919866	0
473.457	0	204.486	0.87807	0
473.457	0	204.317	0.874935	0
473.457	0	202.268	0.891654	0
473.457	9.10137E-6	203.047	0.903844	0
473.78	0.0517785	203.436	0.89862	1
477.521	0.187141	202.15	0.894092	1
488.848	0.251623	204.198	0.866924	1
499.776	0.0435728	201.947	0.916035	1
500	0	202.421	0.875632	1
500	0	201.828	0.891654	1
499.793	0.0372724	202.996	0.898272	1
495.78	0.228694	200.677	0.89235	1
474.898	0.518817	202.116	0.92927	1
430.645	0.600075	203.047	0.885036	1
383.019	0.574443	202.404	0.879463	0
338.633	0.545752	202.404	0.889564	0
296.684	0.538332	201.574	0.889564	0
256.071	0.513545	202.285	0.897227	0
218.37	0.487048	204.215	0.886429	0
183.474	0.461566	203.436	0.875632	0
151.348	0.425542	203.843	0.901058	0
122.916	0.384839	201.456	0.887823	0
98.2332	0.345674	200.576	0.892699	0
77.2462	0.295477	200.102	0.890957	0
60.2454	0.253488	199.035	0.887474	0
46.7379	0.216358	198.256	0.879463	0
36.245	0.182344	197.664	0.873542	0
28.3667	0.15077	194.956	0.865879	0
22.3351	0.123956	195.667	0.882598	0
17.8827	0.101434	192.095	0.867273	0
14.7761	0.0828546	190.893	0.882946	0
12.5092	0.0675913	189.708	0.858217	0
10.7761	0.0562822	187.88	0.867273	0
9.50292	0.0477945	185.645	0.83697	0
8.62452	0.0411207	184.444	0.85543	0
7.97253	0.0360129	184.562	0.84533	0
7.47455	0.0322573	181.718	0.860655	0
7.08713	0.0291959	178.417	0.847071	0
6.76162	0.0271935	178.214	0.851251	0
6.52935	0.0264067	174.168	0.874587	0
6.40256	0.0259489	173.017	0.840105	0
6.26138	0.0248889	172.34	0.854386	0
6.06384	0.0231474	171.629	0.847071	0
5.89094	0.0221418	168.159	0.860655	0
5.66516	0.0216367	166.009	0.861003	0
5.43883	0.0214636	163.69	0.829656	0
5.32948	0.0206766	161.303	0.832442	0
5.31062	0.0210382	161.337	0.872149	0
5.34421	0.021148	159.391	0.861352	0
5.41805	0.0215854	158.358	0.869711	0
5.48141	0.0214097	158.493	0.805623	0
5.52912	0.0208576	156.801	0.848116	0
5.61076	0.020849	157.698	0.850554	0
5.66413	0.0201417	157.038	0.853341	0
5.63858	0.0196819	153.838	0.835925	0
5.62566	0.018801	153.398	0.847071	0
5.64297	0.0186174	153.855	0.831398	0
5.63515	0.0183814	150.182	0.850902	0
5.63574	0.0183066	150.334	0.851251	0
5.67316	0.0179852	150.605	0.851251	0
5.66855	0.0171849	149.251	0.845678	0
5.6544	0.0174187	148.608	0.847419	0
5.69115	0.017474	147.457	0.851599	0
5.70764	0.0172408	145.967	0.850902	0
5.70623	0.0170974	145.95	0.856127	0
5.73706	0.0167513	144.765	0.851251	0
5.7804	0.016884	144.782	0.859958	0
5.80142	0.0165964	143.529	0.862396	0
5.8055	0.0165967	142.869	0.853341	0
5.81447	0.0165629	142.971	0.848464	0
5.83628	0.0161023	141.176	0.838364	0
5.87561	0.0160178	141.143	0.860307	0
5.91137	0.0158178	140.821	0.842195	0
5.92789	0.0156704	139.619	0.821993	0
5.95485	0.0158573	137.368	0.855779	0
5.99783	0.0157193	139.094	0.83906	0
6.02987	0.0153614	137.774	0.862745	0
6.0627	0.0156968	139.061	0.878418	0
6.10312	0.0152228	136.928	0.846723	0
6.11481	0.0154185	136.64	0.862396	0
6.10877	0.0150555	135.353	0.844633	0
6.15351	0.0151392	136.725	0.877025	0
6.22466	0.0151426	135.878	0.855779	0
6.24189	0.0149022	136.826	0.829656	0
6.24908	0.0150937	135.049	0.837667	0
6.28047	0.0150656	134.609	0.847768	0
6.30343	0.0149013	136.606	0.854734	0
6.32231	0.0147836	133.627	0.846375	0
6.34885	0.0147198	134.219	0.836274	0
6.39999	0.0146562	133.407	0.864486	0
6.43417	0.0149786	131.9	0.84533	0
6.42719	0.0149369	131.985	0.845678	0
6.43387	0.0150268	132.645	0.865879	0
6.47429	0.0145424	132.052	0.855779	0
6.50069	0.0147632	133.441	0.850554	0
6.52297	0.0145665	130.901	0.865183	0
6.53304	0.0146211	130.089	0.849161	0
6.53413	0.0144069	131.663	0.854734	0
6.55763	0.0142317	130.275	0.843588	0
6.56269	0.0143125	130.021	0.853689	0
6.55814	0.0141151	130.343	0.844633	0
6.56347	0.0141587	130.884	0.831398	0
6.57567	0.0138413	129.97	0.856824	0
6.60096	0.0142644	129.987	0.850902	0
6.60525	0.0139319	128.159	0.834532	0
6.60188	0.0138518	129.733	0.856475	0
6.60328	0.0137305	126.991	0.85752	0
6.58774	0.0139224	126.5	0.857869	0
6.59112	0.0135289	128.024	0.860655	0
6.59883	0.0136199	127.059	0.837667	0
6.57359	0.013394	125.569	0.853341	0
6.55018	0.0132116	126.974	0.852992	0
6.54822	0.0129119	125.129	0.860655	0
6.55378	0.0131581	123.809	0.854037	0
6.56741	0.013493	124.486	0.856475	0
6.54359	0.0137808	124.283	0.848813	0
6.51524	0.0130753	121.997	0.829308	0
6.51841	0.0129071	122.573	0.847071	0
6.51194	0.0131284	122.522	0.865531	0
6.49678	0.0127116	122.048	0.847419	0
6.49567	0.0128523	120.508	0.85752	0
6.48812	0.0125217	121.202	0.86379	0
6.45584	0.0124552	119.001	0.865183	0
6.42701	0.0124664	120.846	0.874587	0
6.43682	0.0121505	118.612	0.836622	0
6.42749	0.0121602	118.036	0.83697	0
6.37535	0.0121362	116.039	0.848813	0
6.34349	0.0121507	115.548	0.84533	0
6.33337	0.0121639	116.411	0.84533	0
6.31137	0.0118939	117.021	0.873194	0
6.2849	0.011861	116.039	0.853689	0
6.27199	0.0119368	113.551	0.863093	0
6.2513	0.0115347	113.94	0.828959	0
6.2118	0.0114548	111.147	0.855082	0
6.17723	0.0117174	110.842	0.840453	0
6.15939	0.0113393	111.011	0.844285	0
6.13501	0.0111801	109.674	0.839757	0
6.10288	0.0109759	109.962	0.845678	0
6.07473	0.0109894	109.911	0.849858	0
6.04645	0.0109434	107.304	0.856475	0
6.02091	0.0108716	107.44	0.854037	0
6.00083	0.010926	104.68	0.828959	0
5.98342	0.0108318	106.052	0.848464	0
5.96234	0.0106049	105.781	0.855779	0
5.94063	0.0104021	104.85	0.84115	0
5.90361	0.0102561	101.65	0.860655	0
5.862	0.0101948	100.618	0.820948	0
5.83937	0.0100512	100.702	0.842892	0
5.82276	0.00997358	99.2806	0.835577	0
5.79533	0.00997763	98.5188	0.83697	0
5.76484	0.0100793	98.1295	0.840453	0
5.74719	0.00979095	97.7063	0.861352	0
5.71496	0.00973468	96.3521	0.832094	0
5.68284	0.00961557	95.675	0.839757	0
5.66408	0.00942676	93.559	0.835925	0
5.62585	0.00934067	93.0174	0.849509	0
5.59581	0.00924819	91.2738	0.857172	0
5.57511	0.00899076	89.9365	0.834184	0
5.55291	0.00894844	90.9183	0.839409	0
5.5297	0.00901109	88.65	0.847419	0
5.50789	0.00897209	88.5992	0.829308	0
5.4896	0.00874954	88.2945	0.835229	0
5.46107	0.0086584	87.4143	0.821297	0
5.43469	0.00875373	85.5861	0.827218	0
5.40945	0.00869713	83.9441	0.85752	0
5.38778	0.00871579	83.9103	0.838364	0
5.36779	0.00853264	82.7423	0.827915	0
5.33959	0.00840761	82.7592	0.844981	0
5.33779	0.00878748	82.3868	0.836274	0
5.33013	0.00837439	79.9154	0.819207	0
5.29925	0.00849497	81.1003	0.82687	0
5.28938	0.00826664	81.6589	0.83697	0
5.26738	0.00811716	79.1875	0.826521	0
5.23984	0.00802004	77.6132	0.825128	0
5.22709	0.00817961	76.97	0.833836	0
5.21059	0.00792517	77.2916	0.832791	0
5.18159	0.00789787	74.7355	0.825128	0
5.15776	0.00795832	74.0415	0.827566	0
5.15193	0.00784784	73.7537	0.829308	0
5.12888	0.00764429	72.2641	0.810151	0
5.10939	0.00764011	71.8747	0.807713	0
5.10523	0.00759951	70.3851	0.815376	0
5.09026	0.00750126	71.1299	0.794826	0
5.06917	0.00742194	70.1143	0.821645	0
5.05538	0.00754065	69.3356	0.832094	0
5.04285	0.00743483	69.4372	0.780197	0
5.01528	0.00710724	67.2027	0.794826	0
4.99511	0.00710226	66.9826	0.798309	0
4.98901	0.00714405	66.7795	0.802837	0
4.97166	0.0069498	65.1714	0.812938	0
4.95248	0.00688024	65.5269	0.794826	0
4.93443	0.00685772	63.0554	0.797264	0
4.91994	0.00689326	62.6153	0.812938	0
4.90397	0.00682012	61.3627	0.76731	0
4.8817	0.00690389	60.7364	0.790646	0
4.87035	0.00663802	61.0749	0.78577	0
4.85827	0.00633595	59.7715	0.781242	0
4.83767	0.00664487	58.6204	0.779849	0
4.829	0.00648915	58.5188	0.766613	0
4.83064	0.00659551	57.554	0.781242	0
4.81261	0.00655565	56.4198	0.782635	0
4.78777	0.00638704	55.9966	0.786815	0
4.78245	0.00642258	56.843	0.785073	0
4.77265	0.00637648	54.4223	0.755119	0
4.75142	0.0062741	53.559	0.772883	0
4.74342	0.00630891	53.9314	0.78368	0
4.73714	0.00604896	54.6085	0.74885	0
4.7189	0.0060944	51.9509	0.767658	0
4.70583	0.00603375	51.1892	0.757557	0
4.69977	0.00582574	52.2895	0.758602	0
4.68498	0.00594778	51.1553	0.756164	0
4.67158	0.00582528	51.003	0.750591	0
4.66357	0.00597097	49.6149	0.745715	0
4.64989	0.00573466	49.4625	0.752681	0
4.64193	0.00572171	48.2099	0.749198	0
4.63757	0.00567421	48.0406	0.747108	0
4.62178	0.0057817	46.6695	0.713323	0
4.60393	0.00542854	45.1799	0.720289	0
4.59576	0.00557223	45.4846	0.729345	0
4.58558	0.00540914	45.2306	0.718896	0
4.57249	0.00542821	43.1824	0.715413	0
4.56464	0.00531228	44.2827	0.725514	0
4.56085	0.00520964	43.4194	0.706705	0
4.54704	0.00529594	42.8608	0.722031	0
4.53155	0.00522319	41.7943	0.708447	0
4.52552	0.00520731	42.2514	0.700436	0
4.51909	0.0050963	40.8802	0.686504	0
4.50982	0.00509504	40.1862	0.69556	0
4.50573	0.00508614	41.2526	0.694166	0
4.49588	0.00533546	39.3906	0.695211	0
4.4856	0.005125	38.6627	0.685807	0
4.48259	0.00513862	39.5599	0.717503	0
4.46604	0.00496423	37.7656	0.688245	0
4.45733	0.00503459	36.6145	0.696605	0
4.46061	0.00494935	39.0013	0.708099	0
4.44977	0.00484638	37.2239	0.683369	0
4.44049	0.00472488	37.4947	0.685807	0
4.43892	0.00480466	36.0051	0.673617	0
4.42772	0.00474587	35.7342	0.675358	0
4.4179	0.00474527	36.3606	0.680234	0
4.41109	0.0048024	34.7355	0.672572	0
4.40463	0.00466203	35.5988	0.6771	0
4.39985	0.00456464	34.143	0.653415	0
4.39754	0.00449847	34.9048	0.666302	0
4.39377	0.00455726	34.1769	0.662819	0
4.38477	0.00460822	34.3631	0.669437	0
4.37285	0.00442719	32.8396	0.656898	0
4.36555	0.00445336	32.044	0.649235	0
4.35535	0.0043854	32.0779	0.637393	0
4.34728	0.00432322	32.2471	0.649584	0
4.34791	0.00452172	31.6885	0.642618	0
4.3431	0.00434939	31.7732	0.641921	0
4.33446	0.00434421	30.8252	0.651325	0
4.32764	0.00420497	30.4359	0.627641	0
4.31852	0.00429266	30.182	0.630775	0
4.31589	0.0042437	29.0647	0.621023	0
4.31664	0.00418823	29.7926	0.637741	0
4.30722	0.00422251	28.8447	0.634607	0
4.29447	0.00403948	28.9463	0.626248	0
4.29326	0.00405323	27.135	0.591766	0
4.29793	0.00417135	30.0466	0.624854	0
4.29399	0.0040624	28.7939	0.637741	0
4.27964	0.00404672	27.3212	0.600821	0
4.27585	0.00415175	28.1337	0.622416	0
4.26976	0.00408971	26.8472	0.60326	0
4.25745	0.0038817	25.7808	0.601866	0
4.25632	0.00401537	26.898	0.618585	0
4.25459	0.00398972	25.256	0.583406	0
4.24873	0.0039771	24.9683	0.578878	0
4.24673	0.00400314	26.3225	0.608832	0
4.24276	0.00400414	25.5946	0.593855	0
4.23451	0.00381567	25.1375	0.592462	0
4.22928	0.00378644	24.1727	0.583406	0
4.223	0.00363789	24.5112	0.57644	0
4.21966	0.00378524	23.6818	0.5848	0
4.2191	0.0037305	23.8172	0.569823	0
4.21956	0.00372818	24.5959	0.595249	0
4.2118	0.00382032	24.4774	0.58271	0
4.20224	0.00375123	22.9877	0.571216	0
4.20175	0.00367915	23.5125	0.564598	0
4.19872	0.003644	22.5476	0.568429	0
4.18738	0.00365955	22.7169	0.565643	0
4.18307	0.00359398	22.4291	0.556935	0
4.1856	0.00354781	22.683	0.568081	0
4.18151	0.00360627	22.2598	0.568778	0
4.17442	0.00364108	21.4981	0.562856	0
4.17381	0.00358468	21.5827	0.568429	0
4.16916	0.0034746	20.9903	0.536386	0
4.16489	0.00341587	21.4473	0.556935	0
4.16247	0.00347447	20.4994	0.552407	0
4.15767	0.00340225	20.6517	0.542307	0
4.15891	0.00331669	20.4994	0.543352	0
4.15581	0.00339541	21.532	0.553104	0
4.14648	0.00337462	19.9577	0.536037	0
4.14049	0.00341062	19.7715	0.547879	0
4.1392	0.00329609	19.653	0.528723	0
4.14065	0.00345527	20.4147	0.543352	0
4.13403	0.00336671	19.5853	0.525936	0
4.12483	0.0032262	19.1113	0.536734	0
4.12743	0.00332718	19.0267	0.525936	0
4.12503	0.00332898	19.0436	0.516881	0
4.11371	0.00318648	18.5019	0.520712	0
4.11413	0.00318648	17.774	0.514094	0
4.11999	0.00319432	18.3665	0.512004	0
4.11371	0.00319153	18.5019	0.524543	0
4.10513	0.00323225	17.7402	0.506432	0
4.10397	0.00313267	17.7571	0.507825	0
4.09804	0.00312768	17.2323	0.51897	0
4.09285	0.003056	17.0292	0.499465	0
4.09283	0.00310908	17.2662	0.511308	0
4.09073	0.00311639	16.8769	0.498421	0
4.09001	0.00318455	17.1138	0.510263	0
4.08768	0.00302923	17.0969	0.505735	0
4.08325	0.00304099	16.4706	0.48832	0
4.08054	0.00305819	16.4367	0.493196	0
4.07777	0.00308663	15.3872	0.486927	0
4.07588	0.00306391	16.1828	0.495286	0
4.07244	0.00296559	16.2844	0.498421	0
4.07356	0.00302006	16.0135	0.490061	0
4.07127	0.00297695	15.5734	0.478916	0
4.0666	0.00296858	15.895	0.477522	0
4.06189	0.00289909	15.7427	0.493544	0
4.06052	0.00293078	15.8612	0.485185	0
4.05746	0.00291968	15.0487	0.469511	0
4.05372	0.00285796	15.1333	0.46777	0
4.05216	0.00285903	14.5578	0.476129	0
4.04768	0.00286301	15.0148	0.474736	0
4.0429	0.00284999	14.3716	0.464287	0
4.03787	0.00282229	14.033	0.454534	0
4.0368	0.00274038	14.2192	0.461501	0
4.04053	0.00278316	14.5408	0.455928	0
4.04164	0.00295084	14.4562	0.472646	0
4.03405	0.00281923	13.5252	0.449658	0
4.02762	0.00271938	13.0512	0.439209	0
4.02576	0.00275699	13.5252	0.469511	0
4.02174	0.00273812	12.408	0.438164	0
4.01837	0.00267992	12.5095	0.429457	0
4.01852	0.00266896	12.7296	0.44513	0
4.01248	0.00266272	11.7986	0.425277	0
4.00675	0.00259057	12.3572	0.436423	0
4.00618	0.00258526	11.8832	0.433985	0
4.003	0.00257489	12.3572	0.437119	0
4.00318	0.00261694	12.4418	0.435726	0
4.00332	0.00258532	11.7816	0.428064	0
3.99786	0.00253603	11.3584	0.425974	0
3.99596	0.00255403	11.5108	0.421794	0
3.999	0.00261761	11.6801	0.42458	0
3.99652	0.00248899	11.1553	0.41448	0
3.99204	0.00248115	11.3923	0.41448	0
3.98837	0.00243877	11.1722	0.415873	0
3.9847	0.00241891	10.529	0.403682	0
3.97867	0.00245624	10.4613	0.408559	0
3.97697	0.0024953	10.749	0.412738	0
3.97692	0.00246548	10.2074	0.405424	0
3.96993	0.00238602	9.88574	0.39184	0
3.96241	0.00233221	10.0719	0.398806	0
3.96053	0.0022701	9.15785	0.381391	0
3.95957	0.00226033	9.8011	0.387312	0
3.96037	0.00233048	10.0042	0.39184	0
3.95718	0.0022402	8.48074	0.368156	0
3.95097	0.00222505	8.42996	0.368156	0
3.94929	0.00214626	8.63309	0.364672	0
3.94824	0.00211457	8.10834	0.360841	0
3.94806	0.0021836	8.87008	0.374077	0
3.94646	0.0022394	8.56538	0.366066	0
3.93911	0.00211099	7.75286	0.346561	0
3.93394	0.00208873	7.58358	0.346561	0
3.93333	0.00209325	7.27888	0.345168	0
3.93287	0.00202874	7.56665	0.354572	0
3.93225	0.00207704	7.5328	0.348999	0
3.93059	0.00200509	7.5328	0.346561	0
3.92822	0.00203705	7.21117	0.337505	0
3.92466	0.00193188	6.58485	0.318	0
3.92622	0.00196018	7.66822	0.353527	0
3.92864	0.00201825	7.02497	0.343774	0
3.92642	0.00203133	7.32967	0.341685	0
3.92803	0.00204156	7.26196	0.347606	0
3.92847	0.00204117	7.24503	0.34064	0
3.92433	0.00205213	7.46509	0.345516	0
3.92044	0.0020494	6.75413	0.327404	0
3.91872	0.00201918	6.95726	0.335763	0
3.91788	0.00198649	7.38045	0.345168	0
3.91458	0.00201858	6.56792	0.328449	0
3.91206	0.00196736	7.12653	0.342033	0
3.91222	0.00205239	7.09268	0.33646	0
3.91247	0.00193002	7.12653	0.336808	0
3.91303	0.00194444	7.21117	0.330539	0
3.91301	0.00199147	7.10961	0.334022	0
3.90891	0.00196012	6.55099	0.326359	0
3.90969	0.00198377	6.31401	0.32218	0
3.91009	0.00187827	6.70334	0.326359	0
3.9108	0.00200144	6.88955	0.334718	0
3.91155	0.00193926	6.55099	0.322876	0
3.9091	0.00193089	6.50021	0.32009	0
3.90613	0.00191767	6.82184	0.325663	0
3.90475	0.00193706	6.80491	0.33437	0
3.90178	0.00190312	5.73847	0.310686	0
3.90024	0.00192079	6.68642	0.324269	0
3.90026	0.00200124	6.60178	0.330887	0
3.89715	0.00189654	6.26322	0.31591	0
3.89678	0.00186193	6.00931	0.308248	0
3.90037	0.00190166	6.61871	0.327404	0
3.89914	0.00193368	6.31401	0.32218	0
3.89327	0.00186844	5.67076	0.309292	0
3.89552	0.00189375	6.68642	0.330539	0
3.89982	0.00193321	6.38172	0.323573	0
3.89701	0.00188684	5.92467	0.313124	0
3.89533	0.00190199	5.9416	0.310686	0
3.89516	0.00187787	6.16166	0.316607	0
3.89193	0.00184479	5.92467	0.308596	0
3.88856	0.00187468	6.07702	0.31591	0
3.88706	0.00185568	5.80618	0.309989	0
3.88705	0.00183914	5.90774	0.311034	0
3.88616	0.00186279	5.7554	0.312775	0
3.88366	0.0017933	5.09522	0.284563	0
3.88338	0.00179383	5.67076	0.30372	0
3.88485	0.00179842	5.67076	0.307203	0
3.88698	0.00186711	6.11088	0.318348	0
3.88363	0.00180765	5.19678	0.296754	0
3.88053	0.00175809	5.3322	0.296754	0
3.88315	0.00184406	5.53534	0.298843	0
3.88606	0.00189169	5.84003	0.308944	0
3.8814	0.00180938	5.97545	0.315214	0
3.87632	0.0017648	5.34913	0.293271	0
3.87803	0.00180878	5.65383	0.29954	0
3.87772	0.00184605	5.46763	0.294664	0
3.87419	0.00176533	5.3322	0.290832	0
3.87306	0.00176773	5.01058	0.286653	0
3.86963	0.0017268	5.06136	0.290832	0
3.86806	0.0017278	5.146	0.287698	0
3.87114	0.001765	5.11215	0.287001	0
3.87216	0.00171996	4.8413	0.27899	0
3.86935	0.00160344	4.80745	0.278294	0
3.86866	0.00167532	4.55353	0.268889	0
3.8672	0.00164928	4.21498	0.263665	0
3.86483	0.00163672	4.60432	0.278642	0
3.86585	0.00168355	4.40118	0.268541	0
3.86345	0.00162656	4.68895	0.277597	0
3.86121	0.00167153	4.48582	0.267148	0
3.86226	0.00168641	4.87516	0.284911	0
3.85924	0.00164967	4.4689	0.267844	0
3.85748	0.0015954	4.68895	0.280383	0
3.86122	0.00167738	5.3322	0.300585	0
3.8599	0.00165725	4.26576	0.266103	0
3.85515	0.00162642	4.6551	0.278642	0
3.85794	0.00164662	4.31655	0.264361	0
3.85819	0.00165054	4.36733	0.268541	0
3.8536	0.00156583	4.07956	0.257047	0
3.8563	0.00164821	4.41811	0.277249	0
3.85655	0.00162403	4.45197	0.270631	0
3.85212	0.00155401	4.09649	0.252867	0
3.85157	0.00150153	4.19805	0.257744	0
3.85385	0.00158092	4.19805	0.261227	0
3.85087	0.0015675	3.92721	0.25844	0
3.84697	0.00160244	4.02878	0.262272	0
3.84638	0.0015582	3.50402	0.23998	0
3.846	0.00153734	4.02878	0.254609	0
3.84456	0.00157175	3.5548	0.242767	0
3.84476	0.00151315	3.6733	0.249384	0
3.84685	0.00157813	4.13034	0.26262	0
3.84811	0.00160124	3.92721	0.25844	0
3.84591	0.00155707	3.94414	0.250081	0
3.84366	0.00154517	3.97799	0.253216	0
3.84211	0.0014703	3.45324	0.24207	0
3.84153	0.00148758	3.80872	0.252171	0
3.84383	0.00152199	3.84257	0.252867	0
3.84179	0.00150478	3.3686	0.239632	0
3.83948	0.00151016	3.23318	0.230576	0
3.83813	0.00147681	3.50402	0.241025	0
3.83736	0.00146572	3.23318	0.235452	0
3.83826	0.00145383	3.43631	0.233014	0
3.83671	0.00146286	3.09776	0.220127	0
3.83544	0.00144905	3.62251	0.241025	0
3.83921	0.00153209	3.99492	0.256002	0
3.83866	0.00152797	3.63944	0.241373	0
3.83377	0.00141669	3.14854	0.225352	0
3.83481	0.00149263	3.87643	0.254957	0
3.83612	0.00150937	2.96234	0.222217	0
3.8362	0.00146592	3.57173	0.239632	0
3.83754	0.00147575	3.47017	0.23789	0
3.83708	0.0014992	3.19932	0.230924	0
3.83537	0.00146153	3.60559	0.251126	0
3.83462	0.00149216	3.53788	0.241025	0
3.83199	0.0014337	3.13161	0.228835	0
3.83072	0.00144858	3.48709	0.241722	0
3.83101	0.00146984	3.48709	0.245553	0
3.83114	0.00147987	3.40245	0.238239	0
3.8301	0.00144951	3.25011	0.231273	0
3.82933	0.00145622	3.41938	0.235104	0
3.83023	0.00148259	3.65637	0.246598	0
3.82915	0.00142526	2.92848	0.218386	0
3.82714	0.00141968	2.94541	0.222913	0
3.82912	0.0014141	3.21625	0.228835	0
3.83036	0.00149927	3.19932	0.233363	0
3.82951	0.00146931	3.1824	0.234059	0
3.82806	0.00143988	3.38553	0.23998	0
3.82523	0.00138434	2.82691	0.216296	0
3.82473	0.00141244	3.45324	0.244508	0
3.82609	0.00145575	3.14854	0.226745	0
3.82553	0.00140759	3.40245	0.236846	0
3.82581	0.00146771	3.41938	0.237542	0
3.82336	0.00143111	2.77613	0.211768	0
3.82055	0.00137437	2.99619	0.230924	0
3.8203	0.00137006	2.96234	0.224655	0
3.82261	0.00145144	2.99619	0.227093	0
3.82408	0.00144991	3.28396	0.230924	0
3.82366	0.00141922	3.16547	0.232318	0
3.82465	0.00141869	3.45324	0.236149	0
3.82285	0.00145987	2.96234	0.21943	0
3.81979	0.00138128	2.82691	0.214903	0
3.82006	0.00137756	2.69149	0.214206	0
3.82173	0.00136793	3.19932	0.231969	0
3.82052	0.00138892	3.09776	0.230228	0
3.81733	0.00137344	2.79306	0.219082	0
3.81595	0.00133923	2.82691	0.214903	0
3.81833	0.00135358	2.77613	0.211768	0
3.81956	0.00138401	2.8777	0.216644	0
3.8187	0.00138241	2.91155	0.219082	0
3.81727	0.00133505	2.91155	0.219082	0
3.81652	0.0013658	2.79306	0.211071	0
3.81732	0.00138866	2.89463	0.217341	0
3.81755	0.00134275	2.91155	0.217689	0
3.81698	0.00136547	2.77613	0.211768	0
3.81466	0.00134063	2.40372	0.204105	0
3.81634	0.0013753	3.01312	0.22361	0
3.81629	0.0013769	3.09776	0.225003	0
3.81294	0.00132295	2.55607	0.202712	0
3.81346	0.00141589	2.89463	0.214554	0
3.81558	0.00136959	2.7592	0.211419	0
3.81442	0.00139357	2.84384	0.215599	0
3.81161	0.00134481	2.70842	0.211071	0
3.81084	0.00137736	2.89463	0.219779	0
3.81081	0.00132834	2.74228	0.214903	0
3.80803	0.00127572	1.84511	0.172758	0
3.80717	0.00126316	2.11595	0.185645	0
3.80828	0.00130661	2.573	0.207588	0
3.80888	0.00128655	2.25138	0.195746	0
3.8078	0.00129645	2.45451	0.206195	0
3.80668	0.00126044	2.31909	0.193656	0
3.80566	0.00123885	2.20059	0.189128	0
3.80506	0.00129346	2.16674	0.19087	0
3.80524	0.00124549	2.14981	0.187038	0
3.80206	0.0011574	1.5912	0.167882	0
3.80053	0.00115574	1.76047	0.173803	0
3.80187	0.00119673	1.8959	0.176589	0
3.79979	0.00116551	1.54041	0.158478	0
3.79868	0.0011675	1.62505	0.164399	0
3.79867	0.00115634	1.67584	0.164747	0
3.79814	0.00116292	1.98053	0.180072	0
3.79813	0.00111116	1.76047	0.172061	0
3.79694	0.00110578	1.52349	0.157433	0
3.79499	0.00109296	1.2865	0.145242	0
3.79445	0.00104706	1.32036	0.149073	0
3.79573	0.00109761	1.52349	0.161264	0
3.79555	0.00111508	1.72662	0.168927	0
3.79432	0.0011495	1.40499	0.153253	0
3.794	0.00110592	1.60813	0.161612	0
3.79448	0.00111914	1.26957	0.146287	0
3.79553	0.0011018	1.65891	0.16405	0
3.79412	0.00110784	1.54041	0.158478	0
3.79281	0.00111562	1.45578	0.156039	0
3.79171	0.00108313	1.38807	0.152556	0
3.7915	0.00110877	1.23572	0.146287	0
3.79325	0.00112113	1.8959	0.176589	0
3.79339	0.00108878	1.43885	0.154995	0
3.7922	0.00107582	1.40499	0.151511	0
3.79318	0.00110824	1.81126	0.171016	0
3.79393	0.00110246	1.54041	0.158478	0
3.79246	0.00107875	1.60813	0.163354	0
3.79291	0.00111382	1.52349	0.161264	0
3.79183	0.00104692	1.11722	0.139669	0
3.79008	0.00102274	1.11722	0.13549	0
3.79085	0.00106486	1.50656	0.158478	0
3.79038	0.00105217	1.37114	0.14977	0
3.78986	0.00107403	1.33728	0.15186	0
3.79015	0.00107835	1.50656	0.156736	0
3.79074	0.00108154	1.45578	0.156039	0
3.78815	0.00107243	0.99873	0.128524	0
3.78732	0.00104679	1.35421	0.150815	0
3.79028	0.00107157	1.32036	0.149073	0
3.78887	0.00106234	1.4727	0.156736	0
3.78792	0.00106087	1.21879	0.141411	0
3.78972	0.00106838	1.2865	0.145242	0
3.78827	0.00107695	1.25264	0.147332	0
3.78577	0.0010165	1.13415	0.136534	0
3.78719	0.00107622	1.18493	0.143501	0
3.7893	0.00110399	1.54041	0.158478	0
3.78764	0.00103198	1.30343	0.148028	0
3.78702	0.00107941	1.33728	0.15186	0
3.78772	0.00109429	1.42192	0.152556	0
3.78779	0.00109157	1.52349	0.159174	0
3.78657	0.00105649	1.23572	0.142456	0
3.78498	0.00102181	0.761744	0.112502	0
3.78495	0.00102733	1.04951	0.133748	0
3.78812	0.00109097	1.69276	0.165792	0
3.78633	0.00100175	1.04951	0.131658	0
3.78553	0.0010074	1.21879	0.141411	0
3.78684	0.0010264	1.40499	0.151511	0
3.78569	0.00103576	1.30343	0.146287	0
3.7828	0.00106194	1.03259	0.130613	0
3.78279	0.00100301	1.30343	0.146287	0
3.78466	0.0010529	1.38807	0.150467	0
3.78343	0.00103875	1.08337	0.135838	0
3.78291	0.00102088	1.13415	0.138624	0
3.78287	0.00102806	1.33728	0.14977	0
3.7823	0.00105603	1.26957	0.146287	0
3.78416	0.00102281	1.13415	0.138624	0
3.78534	0.00106931	1.30343	0.148028	0
3.78486	0.00105603	1.54041	0.161961	0
3.78356	0.00106141	1.21879	0.143501	0
3.7822	0.000987665	1.13415	0.136534	0
3.78353	0.00105722	1.15108	0.139669	0
3.78304	0.000988263	1.06644	0.134793	0
3.7804	0.000987333	0.981803	0.127479	0
3.78312	0.00106499	1.45578	0.154298	0
3.78458	0.00102042	1.01566	0.133748	0
3.78194	0.00103928	1.25264	0.145242	0
3.78204	0.00103517	1.16801	0.140714	0
3.78275	0.00103822	1.30343	0.148028	0
3.78096	0.00104207	1.16801	0.140714	0
3.78147	0.00105038	1.1003	0.136883	0
3.782	0.00102806	1.15108	0.141759	0
3.78015	0.00102261	1.26957	0.144197	0
3.7796	0.00100965	1.11722	0.13549	0
3.78142	0.00105383	1.23572	0.144545	0
3.78216	0.00104998	1.18493	0.139669	0
3.78019	0.00107057	1.13415	0.136534	0
3.78047	0.00101045	1.18493	0.139669	0
3.78114	0.00105516	1.33728	0.15186	0
3.78082	0.00101809	0.947948	0.127479	0
3.78009	0.00102726	1.16801	0.138624	0
3.77986	0.000998361	1.06644	0.132703	0
3.77767	0.000977567	0.947948	0.125041	0
3.77669	0.00100235	1.06644	0.136883	0
3.77939	0.00101231	1.08337	0.133748	0
3.77895	0.00103058	1.08337	0.133748	0
3.77792	0.00101244	0.964875	0.126434	0
3.77872	0.000995571	0.947948	0.127479	0
3.77872	0.00105616	1.04951	0.133748	0
3.77896	0.00102334	1.1003	0.136883	0
3.77959	0.000998029	1.2865	0.145242	0
3.77987	0.00103796	1.42192	0.156039	0
3.77899	0.00100866	1.03259	0.130613	0
3.77814	0.00100833	0.93102	0.126434	0
3.77836	0.00101178	0.914092	0.122951	0
3.77734	0.00101357	1.03259	0.132703	0
3.77779	0.00104021	0.99873	0.128524	0
3.77719	0.00100301	1.01566	0.129568	0
3.77681	0.00101816	1.03259	0.134793	0
3.77678	0.00100554	0.897165	0.121906	0
3.77693	0.00101856	1.1003	0.136883	0
3.7758	0.00102573	0.880237	0.120861	0
3.77522	0.000996434	0.846382	0.120861	0
3.7762	0.00099019	1.01566	0.129568	0
3.7771	0.00103198	1.23572	0.144545	0
3.77738	0.00103696	1.08337	0.137928	0
3.77572	0.00102859	1.11722	0.137579	0
3.77545	0.00098142	0.981803	0.131658	0
3.77554	0.000945812	0.761744	0.112502	0
3.77566	0.000993113	1.08337	0.133748	0
3.77547	0.000974179	1.04951	0.131658	0
3.77459	0.000981952	1.1003	0.134445	0
3.7749	0.00102334	0.795599	0.11494	0
3.77522	0.000987798	0.981803	0.131658	0
3.77572	0.00102261	1.1003	0.134445	0
3.77554	0.000985805	1.01566	0.133748	0
3.77443	0.000999357	1.06644	0.132703	0
3.77511	0.00101882	1.11722	0.137579	0
3.77486	0.00102015	1.03259	0.130613	0
3.7744	0.000994906	0.846382	0.118423	0
3.77464	0.000984344	0.863309	0.119468	0
3.77593	0.000989924	1.01566	0.129568	0
3.7753	0.000943022	0.914092	0.122951	0
3.77375	0.000927211	0.778671	0.113547	0
3.77457	0.00098833	0.99873	0.128524	0
3.77504	0.000976969	1.06644	0.134793	0
3.77331	0.00101132	0.744816	0.111108	0
3.7716	0.000989127	0.846382	0.120861	0
3.77246	0.00100188	0.99873	0.130613	0
3.77462	0.000986536	1.11722	0.13549	0
3.77444	0.0010357	1.01566	0.129568	0
3.77246	0.000971522	0.812526	0.118423	0
3.77232	0.000964148	0.99873	0.130613	0
3.77255	0.000955113	0.727888	0.110064	0
3.77214	0.000967536	0.710961	0.113895	0
3.77347	0.000968067	0.897165	0.121906	0
3.77252	0.000923823	0.778671	0.113547	0
3.77133	0.000921165	0.812526	0.115985	0
3.77265	0.000952323	0.99873	0.128524	0
3.77212	0.000948337	0.846382	0.118423	0
3.77165	0.000974844	1.08337	0.133748	0
3.77256	0.000955179	0.829454	0.117378	0
3.7731	0.00102374	0.897165	0.126434	0
3.77219	0.000984211	1.03259	0.132703	0
3.77312	0.000988263	1.16801	0.138624	0
3.77381	0.000999158	1.08337	0.133748	0
3.77087	0.000965809	0.795599	0.11494	0
3.77059	0.000957571	0.795599	0.11494	0
3.7712	0.000951924	0.694033	0.107625	0
3.77184	0.000962088	0.93102	0.123996	0
3.77339	0.000989725	1.08337	0.137928	0
3.77128	0.000987997	0.778671	0.113547	0
3.77051	0.000974312	0.914092	0.122951	0
3.77187	0.000980955	0.795599	0.11494	0
3.77071	0.000913526	0.812526	0.115985	0
3.76912	0.000932991	0.744816	0.113895	0
3.77043	0.000935449	0.863309	0.119468	0
3.7697	0.000944616	0.795599	0.11494	0
3.7689	0.000889742	0.592467	0.0992662	0
3.76892	0.000926812	0.880237	0.120861	0
3.77004	0.000925882	0.744816	0.111108	0
3.76935	0.0009399	0.863309	0.121906	0
3.77	0.000904291	0.744816	0.111108	0
3.76982	0.000925683	0.694033	0.107625	0
3.76897	0.000932658	0.812526	0.115985	0
3.77073	0.000955644	0.829454	0.117378	0
3.77091	0.000954448	0.795599	0.11494	0
3.76945	0.000952655	0.846382	0.118423	0
3.76933	0.000946211	0.778671	0.113547	0
3.76985	0.000931529	0.778671	0.113547	0
3.76958	0.000936844	0.778671	0.113547	0
3.76893	0.000942158	0.897165	0.121906	0
3.76879	0.000926746	0.64325	0.103446	0
3.76745	0.000936578	0.660178	0.110064	0
3.76827	0.000914921	0.609395	0.100659	0
3.76926	0.000934917	0.829454	0.117378	0
3.76967	0.000940032	0.947948	0.125041	0
3.76846	0.000928274	0.727888	0.110064	0
3.76951	0.000956574	0.829454	0.119816	0
3.76967	0.000962022	0.744816	0.111108	0
3.76812	0.000900505	0.626322	0.102053	0
3.76884	0.000948868	0.778671	0.116333	0
3.76898	0.000994109	0.710961	0.10867	0
3.76754	0.000936113	0.727888	0.112502	0
3.76732	0.000906882	0.710961	0.10867	0
3.76805	0.000898844	0.57554	0.0978729	0
3.76787	0.000919505	0.812526	0.115985	0
3.76833	0.000954648	0.744816	0.113895	0
3.76822	0.000960162	0.897165	0.124344	0
3.76847	0.000950064	0.778671	0.113547	0
3.76743	0.000912197	0.694033	0.107625	0
3.76821	0.000907679	0.710961	0.111457	0
3.76999	0.000972386	0.880237	0.120861	0
3.76894	0.000958302	0.863309	0.121906	0
3.76849	0.000928672	0.761744	0.11494	0
3.76822	0.000917512	0.710961	0.10867	0
3.76735	0.000920235	0.592467	0.0992662	0
3.76701	0.000886089	0.660178	0.107625	0
3.76627	0.000895655	0.57554	0.0978729	0
3.76576	0.000875459	0.660178	0.104839	0
3.76834	0.000930466	0.795599	0.11494	0
3.76734	0.000926015	0.592467	0.0992662	0
3.76493	0.000889543	0.694033	0.107625	0
3.76558	0.00087134	0.507829	0.0923001	0
3.76774	0.000903826	0.795599	0.11494	0
3.76761	0.000892732	0.592467	0.0992662	0
3.76672	0.000894326	0.592467	0.102401	0
3.76831	0.000917844	0.57554	0.0978729	0
3.76804	0.000925749	0.626322	0.107625	0
3.76621	0.000926414	0.727888	0.112502	0
3.76566	0.000919903	0.744816	0.111108	0
3.76629	0.000902963	0.558612	0.0964797	0
3.7669	0.000928739	0.846382	0.118423	0
3.7667	0.000894725	0.558612	0.0964797	0
3.76537	0.000898445	0.660178	0.104839	0
3.76465	0.000902896	0.592467	0.0992662	0
3.76584	0.00089984	0.524757	0.0936933	0
3.76677	0.000912861	0.592467	0.0992662	0
3.76757	0.000954781	0.880237	0.122951	0
3.76753	0.000922826	0.507829	0.0923001	0
3.76623	0.000902232	0.541684	0.0950865	0
3.76609	0.00090097	0.677105	0.10867	0
3.76679	0.000883697	0.829454	0.117378	0
3.7664	0.000926546	0.677105	0.106232	0
3.76568	0.000890008	0.541684	0.0950865	0
3.76589	0.000913658	0.64325	0.103446	0
3.76607	0.000914323	0.660178	0.104839	0
3.76545	0.000903228	0.677105	0.106232	0
3.76481	0.000894127	0.440118	0.0856824	0
3.76448	0.000907679	0.541684	0.0950865	0
3.7657	0.000893994	0.677105	0.106232	0
3.76535	0.000913658	0.677105	0.106232	0
3.76505	0.000890872	0.524757	0.096828	0
3.76575	0.000912795	0.677105	0.106232	0
3.7661	0.000897515	0.626322	0.102053	0
3.76523	0.000879512	0.507829	0.0923001	0
3.76496	0.000899242	0.541684	0.0950865	0
3.76544	0.000888812	0.778671	0.113547	0
3.76686	0.000918707	0.660178	0.104839	0
3.76526	0.000861442	0.490901	0.0905586	0
3.76627	0.00091791	0.812526	0.118423	0
3.76552	0.000894393	0.660178	0.104839	0
3.76583	0.000933123	0.694033	0.107625	0
3.76629	0.000925484	0.761744	0.112502	0
3.76598	0.00093598	0.694033	0.107625	0
3.76523	0.000915452	0.57554	0.0978729	0
3.7659	0.000892931	0.406263	0.0825476	0
3.76585	0.000861575	0.541684	0.0950865	0
3.76671	0.000912861	0.64325	0.103446	0
3.76672	0.000916581	0.660178	0.104839	0
3.76544	0.000914389	0.677105	0.106232	0
3.76419	0.000888812	0.524757	0.0936933	0
3.76312	0.000875127	0.524757	0.0936933	0
3.76437	0.00088662	0.541684	0.0982212	0
3.76575	0.000914655	0.677105	0.10867	0
3.76501	0.000909407	0.609395	0.100659	0
3.76415	0.000855994	0.457046	0.0874239	0
3.76376	0.000892134	0.660178	0.104839	0
3.76453	0.000881638	0.490901	0.0905586	0
3.76487	0.000867952	0.660178	0.104839	0
3.76469	0.000897914	0.592467	0.0992662	0
3.76535	0.000903228	0.64325	0.103446	0
3.76571	0.000911732	0.490901	0.0905586	0
3.76588	0.000910071	0.846382	0.118423	0
3.76515	0.000876721	0.507829	0.0950865	0
3.76528	0.000881638	0.592467	0.0992662	0
3.76529	0.000894991	0.64325	0.103446	0
3.76466	0.000871141	0.490901	0.0905586	0
3.76403	0.000864166	0.626322	0.102053	0
3.76447	0.000857987	0.473974	0.0891654	0
3.764	0.000863368	0.389336	0.0808061	0
3.76347	0.000882036	0.609395	0.100659	0
3.76398	0.000901435	0.440118	0.0891654	0
3.7639	0.000844966	0.372408	0.0790646	0
3.76416	0.000863235	0.541684	0.0950865	0
3.76503	0.000866624	0.524757	0.0936933	0
3.7653	0.000878914	0.710961	0.10867	0
3.76507	0.000879445	0.490901	0.0905586	0
3.76564	0.000871805	0.677105	0.106232	0
3.7648	0.000871473	0.57554	0.0978729	0
3.76373	0.000868019	0.457046	0.0874239	0
3.76335	0.000861575	0.473974	0.0891654	0
3.76301	0.000846361	0.440118	0.0856824	0
3.76319	0.000878382	0.457046	0.0874239	0
3.76297	0.000905354	0.524757	0.0936933	0
3.76419	0.000883697	0.57554	0.0978729	0
3.76404	0.000890938	0.406263	0.0825476	0
3.76338	0.000887284	0.541684	0.0950865	0
3.76359	0.000867354	0.440118	0.0856824	0
3.76371	0.000880707	0.440118	0.0856824	0
3.76431	0.000892931	0.524757	0.0936933	0
3.7637	0.000880973	0.440118	0.0891654	0
3.76244	0.000853603	0.440118	0.0856824	0
3.76267	0.000859648	0.524757	0.0936933	0
3.76412	0.00086297	0.440118	0.0856824	0
3.76332	0.000861375	0.35548	0.0773231	0
3.7618	0.000842973	0.507829	0.0923001	0
3.76451	0.000863435	0.473974	0.0891654	0
3.76523	0.000910669	0.558612	0.102401	0
3.76465	0.000901966	0.609395	0.100659	0
3.76525	0.000908875	0.592467	0.0992662	0
3.76446	0.000857655	0.473974	0.0891654	0
3.76303	0.000839452	0.389336	0.0808061	0
3.7638	0.000886022	0.507829	0.0923001	0
3.76383	0.000855861	0.389336	0.0808061	0
3.76449	0.000859914	0.64325	0.103446	0
3.76475	0.000902232	0.473974	0.0891654	0
3.76282	0.000837858	0.28777	0.0696605	0
3.76322	0.000859249	0.541684	0.0982212	0
3.76401	0.000893861	0.57554	0.0978729	0
3.76304	0.000850082	0.473974	0.0891654	0
3.76338	0.000858851	0.457046	0.0874239	0
3.76433	0.000868484	0.473974	0.0923001	0
3.76547	0.000884959	0.694033	0.110064	0
3.76515	0.000897648	0.524757	0.0936933	0
3.76535	0.000889211	0.64325	0.106232	0
3.76528	0.000896851	0.524757	0.0936933	0
3.7637	0.00089147	0.507829	0.0923001	0
3.76457	0.000880641	0.440118	0.0891654	0
3.76345	0.000845365	0.541684	0.0950865	0
3.76397	0.000851477	0.524757	0.0936933	0
3.76362	0.000854865	0.490901	0.0936933	0
3.76181	0.000877718	0.389336	0.0808061	0
3.7636	0.000863501	0.57554	0.101008	0
3.76409	0.000862173	0.558612	0.0964797	0
3.76326	0.000848687	0.406263	0.0825476	0
3.76353	0.000851942	0.490901	0.0936933	0
3.7645	0.000848089	0.457046	0.0874239	0
3.76394	0.000894193	0.541684	0.0950865	0
3.76445	0.000871141	0.440118	0.0856824	0
3.76369	0.000841512	0.389336	0.0808061	0
3.7631	0.000819655	0.490901	0.0905586	0
3.76347	0.000872005	0.626322	0.102053	0
3.76348	0.000865959	0.457046	0.0874239	0
3.76299	0.000864697	0.457046	0.0874239	0
3.76336	0.000845763	0.389336	0.0808061	0
3.76272	0.000827561	0.389336	0.0808061	0
3.76325	0.000827295	0.524757	0.0936933	0
3.76432	0.000846893	0.490901	0.0905586	0
3.76372	0.000865428	0.338553	0.0752333	0
3.7638	0.000865627	0.490901	0.0936933	0
3.76423	0.00085254	0.558612	0.0964797	0
3.76322	0.000855928	0.507829	0.0923001	0
3.76325	0.000878714	0.35548	0.0773231	0
3.7625	0.000845896	0.253915	0.0654808	0
3.76318	0.000834138	0.423191	0.0842892	0
3.76377	0.000865162	0.389336	0.0808061	0
3.76262	0.000857655	0.406263	0.0825476	0
3.76318	0.000840183	0.423191	0.0842892	0
3.76389	0.000863368	0.541684	0.0982212	0
3.76296	0.000837592	0.440118	0.0856824	0
3.76262	0.000840117	0.253915	0.0654808	0
3.76357	0.000872337	0.541684	0.0950865	0
3.76509	0.000846959	0.423191	0.0842892	0
3.76359	0.000867686	0.457046	0.0874239	0
3.76245	0.000841844	0.423191	0.0842892	0
3.76337	0.000852673	0.490901	0.0905586	0
3.76474	0.000853735	0.609395	0.100659	0
3.7652	0.000856924	0.406263	0.0825476	0
3.76423	0.000872536	0.558612	0.0964797	0
3.76574	0.000871141	0.558612	0.0964797	0
3.76381	0.000874064	0.406263	0.0825476	0
3.76336	0.000868816	0.389336	0.0808061	0
3.76378	0.000850215	0.423191	0.0842892	0
3.76302	0.000844036	0.338553	0.0752333	0
3.76387	0.000834603	0.457046	0.0874239	0
3.7646	0.000844833	0.372408	0.0790646	0
3.76379	0.000825435	0.423191	0.0842892	0
3.76297	0.000812414	0.389336	0.0808061	0
3.76506	0.000853204	0.524757	0.0936933	0
3.76444	0.000858452	0.35548	0.0773231	0
3.76271	0.000821781	0.35548	0.0773231	0
3.76376	0.000853603	0.440118	0.0891654	0
3.7654	0.00089127	0.440118	0.0856824	0
3.76474	0.000864564	0.524757	0.0936933	0
3.76419	0.000863833	0.440118	0.0856824	0
3.76382	0.000868749	0.473974	0.0891654	0
3.76369	0.00087247	0.473974	0.0891654	0
3.76343	0.000851942	0.389336	0.0808061	0
3.76407	0.000845232	0.406263	0.0825476	0
3.763	0.000834935	0.372408	0.0790646	0
3.7642	0.000831015	0.389336	0.0808061	0
3.76332	0.000816333	0.253915	0.0654808	0
3.76409	0.000815138	0.321625	0.0734918	0
3.76615	0.000854931	0.660178	0.107625	0
3.76485	0.000883099	0.440118	0.0856824	0
3.76376	0.000846959	0.440118	0.0856824	0
3.76499	0.00082776	0.524757	0.0936933	0
3.76582	0.000869015	0.440118	0.0856824	0
3.76526	0.000882036	0.423191	0.0842892	0
3.76336	0.000825833	0.220059	0.0609529	0
3.76466	0.000832676	0.270842	0.0675706	0
3.76456	0.000825169	0.423191	0.0842892	0
3.76404	0.00084098	0.406263	0.0825476	0
3.76597	0.000867686	0.406263	0.0825476	0
3.76593	0.000819921	0.457046	0.0874239	0
3.76505	0.000837393	0.626322	0.102053	0
3.76481	0.000836131	0.304697	0.071402	0
3.76439	0.000823973	0.321625	0.0734918	0
3.76407	0.000848421	0.423191	0.0842892	0
3.76557	0.000842243	0.406263	0.0825476	0
3.76352	0.00083726	0.389336	0.0808061	0
3.76328	0.000831879	0.372408	0.0790646	0
3.76502	0.000838456	0.440118	0.0856824	0
3.766	0.000841113	0.423191	0.0842892	0
3.76421	0.000854134	0.473974	0.0891654	0
3.76301	0.000825767	0.490901	0.0905586	0
3.76499	0.000889543	0.35548	0.0773231	0
3.76557	0.000901235	0.440118	0.0856824	0
3.76405	0.000849949	0.507829	0.0923001	0
3.76541	0.000851277	0.423191	0.0874239	0
3.76507	0.000845166	0.35548	0.0808061	0
3.76502	0.000827959	0.253915	0.0654808	0
3.7662	0.000830152	0.372408	0.0790646	0
3.76551	0.000822977	0.321625	0.0734918	0
3.76501	0.000847026	0.457046	0.0874239	0
3.76441	0.000801851	0.203132	0.0585148	0
3.76446	0.000818526	0.304697	0.071402	0
3.76523	0.000812347	0.28777	0.0696605	0
3.76497	0.000811152	0.270842	0.0675706	0
3.76507	0.000835201	0.440118	0.0856824	0
3.76518	0.000830683	0.304697	0.071402	0
3.7638	0.000817064	0.321625	0.0734918	0
3.76356	0.000811152	0.152349	0.0508521	0
3.76412	0.000791288	0.270842	0.0675706	0
3.76494	0.000794477	0.304697	0.071402	0
3.76553	0.000832809	0.541684	0.0950865	0
3.76394	0.000843239	0.135421	0.0477174	0
3.76494	0.000824638	0.423191	0.0842892	0
3.76473	0.000810155	0.253915	0.0654808	0
3.76495	0.000817662	0.321625	0.0734918	0
3.76572	0.000834071	0.406263	0.0825476	0
3.76533	0.000843704	0.406263	0.0825476	0
3.76454	0.000852407	0.35548	0.0773231	0
3.76525	0.000830284	0.321625	0.0734918	0
3.76524	0.000855064	0.490901	0.0905586	0
3.7653	0.000813743	0.253915	0.0654808	0
3.76493	0.000819589	0.35548	0.0773231	0
3.76524	0.000824505	0.473974	0.0954348	0
3.76573	0.000835666	0.338553	0.0752333	0
3.76567	0.000845896	0.338553	0.0752333	0
3.76608	0.000828823	0.338553	0.0752333	0
3.76576	0.000798994	0.236987	0.0630427	0
3.76599	0.000804442	0.304697	0.071402	0
3.7659	0.000802316	0.236987	0.0630427	0
3.76578	0.000827826	0.35548	0.0773231	0
3.76567	0.000812813	0.304697	0.071402	0
3.76501	0.000815935	0.28777	0.0696605	0
3.76483	0.000825833	0.372408	0.0790646	0
3.76657	0.000837393	0.440118	0.0856824	0
3.76665	0.000831547	0.28777	0.0696605	0
3.76633	0.000828225	0.541684	0.101008	0
3.76655	0.000847424	0.321625	0.0734918	0
3.76572	0.000817662	0.35548	0.0773231	0
3.76542	0.000813078	0.338553	0.0752333	0
3.76498	0.000815005	0.270842	0.0675706	0
3.76482	0.000791089	0.253915	0.0654808	0
3.76545	0.000802183	0.372408	0.0790646	0
3.76538	0.000827959	0.35548	0.0773231	0
3.76494	0.000800389	0.253915	0.0654808	0
3.7643	0.000796603	0.220059	0.0609529	0
3.76612	0.000791022	0.389336	0.0808061	0
3.76653	0.000822379	0.28777	0.0696605	0
3.76501	0.000782585	0.35548	0.0773231	0
3.7647	0.00079647	0.220059	0.0609529	0
3.76631	0.000812414	0.35548	0.0773231	0
3.76655	0.000828557	0.304697	0.071402	0
3.76786	0.000849019	0.541684	0.0950865	0
3.76673	0.000844302	0.203132	0.0585148	0
3.76609	0.000829753	0.338553	0.0790646	0
3.76719	0.000818858	0.203132	0.0585148	0
3.7672	0.000834337	0.372408	0.0790646	0
3.76516	0.000807896	0.28777	0.0696605	0
3.76548	0.000802183	0.220059	0.0609529	0
3.76603	0.000812813	0.270842	0.0675706	0
3.76627	0.000825568	0.321625	0.0734918	0
3.76666	0.000832875	0.406263	0.0860307	0
3.76652	0.000846494	0.406263	0.0825476	0
3.76614	0.000842774	0.35548	0.0773231	0
3.76568	0.000790225	0.28777	0.0696605	0
3.76599	0.000810554	0.270842	0.0675706	0
3.76754	0.00083912	0.389336	0.0808061	0
3.76692	0.000820452	0.203132	0.0585148	0
3.76585	0.000793015	0.270842	0.0675706	0
3.76586	0.000809757	0.304697	0.071402	0
3.76655	0.000804973	0.152349	0.0508521	0
3.76703	0.000817064	0.372408	0.0790646	0
3.76643	0.000837659	0.338553	0.0752333	0
3.76662	0.000795341	0.236987	0.0630427	0
3.7658	0.000791089	0.186204	0.0560767	0
3.7671	0.000800722	0.270842	0.0675706	0
3.76708	0.000800522	0.338553	0.0752333	0
3.76655	0.000818659	0.321625	0.0734918	0
3.76713	0.000817596	0.135421	0.0477174	0
3.76737	0.000822844	0.389336	0.0808061	0
3.76703	0.000808162	0.28777	0.0696605	0
3.7671	0.000813743	0.28777	0.0696605	0
3.76758	0.000822778	0.270842	0.0675706	0
3.76761	0.00084098	0.406263	0.0825476	0
3.76648	0.000836994	0.28777	0.0696605	0
3.76654	0.000809424	0.423191	0.0842892	0
3.76809	0.000840582	0.28777	0.0696605	0
3.7675	0.000800323	0.389336	0.0808061	0
3.76817	0.000812813	0.304697	0.071402	0
3.76759	0.000819987	0.406263	0.0825476	0
3.76634	0.000804575	0.186204	0.0560767	0
3.76589	0.000794477	0.236987	0.0630427	0
3.76652	0.0007974	0.270842	0.0675706	0
3.76656	0.00079275	0.270842	0.0675706	0
3.76755	0.00079275	0.236987	0.0630427	0
3.76763	0.000823575	0.28777	0.0696605	0
3.7672	0.000791421	0.236987	0.0630427	0
3.76727	0.000756676	0.203132	0.0585148	0
3.76736	0.000786771	0.169276	0.0532902	0
3.76641	0.000788431	0.35548	0.0773231	0
3.768	0.000788033	0.253915	0.0654808	0
3.76875	0.00081547	0.389336	0.0808061	0
3.76831	0.000823243	0.35548	0.0773231	0
3.76752	0.000825036	0.321625	0.0734918	0
3.7692	0.000835666	0.423191	0.0842892	0
3.76901	0.000832012	0.203132	0.0585148	0
3.76804	0.000810886	0.28777	0.0696605	0
3.76848	0.000810155	0.236987	0.0630427	0
3.76844	0.000792019	0.236987	0.0630427	0
3.76806	0.000821715	0.321625	0.0734918	0
3.76877	0.00082105	0.304697	0.071402	0
3.76773	0.000801253	0.28777	0.0696605	0
3.7674	0.000792417	0.236987	0.0630427	0
3.76838	0.000812148	0.338553	0.0752333	0
3.76778	0.000821715	0.203132	0.0585148	0
3.76738	0.000792152	0.28777	0.0696605	0
3.76921	0.000784711	0.304697	0.071402	0
3.76919	0.000795008	0.28777	0.0696605	0
3.76788	0.000791687	0.338553	0.0752333	0
3.76832	0.000783715	0.236987	0.0630427	0
3.76793	0.000770229	0.169276	0.0532902	0
3.76885	0.000808428	0.423191	0.0874239	0
3.76918	0.000795075	0.220059	0.0609529	0
3.76899	0.000799459	0.338553	0.0790646	0
3.76884	0.000806169	0.321625	0.0734918	0
3.76839	0.000813145	0.270842	0.0675706	0
3.76835	0.000818659	0.321625	0.0734918	0
3.76886	0.000801984	0.28777	0.0696605	0
3.76922	0.000827893	0.321625	0.0734918	0
3.76908	0.00081248	0.236987	0.0630427	0
3.77032	0.000807631	0.304697	0.071402	0
3.76913	0.000824173	0.270842	0.0675706	0
3.76933	0.000787701	0.270842	0.0675706	0
3.76892	0.000809026	0.338553	0.0790646	0
3.76985	0.000792351	0.321625	0.0734918	0
3.76963	0.000779928	0.169276	0.0532902	0
3.76979	0.000863103	0.35548	0.0773231	0
3.7705	0.000807896	0.28777	0.0696605	0
3.77043	0.00084284	0.35548	0.0773231	0
3.76938	0.000790956	0.236987	0.0630427	0
3.76925	0.000803313	0.253915	0.0654808	0
3.76987	0.000803379	0.186204	0.0560767	0
3.76991	0.000780858	0.28777	0.0696605	0
3.7694	0.000796204	0.203132	0.0585148	0
3.77018	0.000794875	0.270842	0.0675706	0
3.77002	0.000805903	0.220059	0.0609529	0
3.76925	0.000803445	0.236987	0.0630427	0
3.7701	0.000797931	0.28777	0.0696605	0
3.77036	0.000783781	0.203132	0.0585148	0
3.7688	0.000773351	0.186204	0.0560767	0
3.76987	0.00079647	0.253915	0.0654808	0
3.77111	0.000812082	0.372408	0.0790646	0
3.77085	0.000800788	0.28777	0.0696605	0
3.77043	0.00075289	0.203132	0.0585148	0
3.77051	0.00078398	0.220059	0.0609529	0
3.77005	0.000785774	0.135421	0.0477174	0
3.76991	0.000794676	0.253915	0.0654808	0
3.77097	0.000813145	0.338553	0.0752333	0
3.76993	0.000770295	0.152349	0.0508521	0
3.76931	0.000813211	0.28777	0.0696605	0
3.76957	0.00079182	0.270842	0.0675706	0
3.77057	0.000817729	0.28777	0.0696605	0
3.76999	0.000789229	0.169276	0.0532902	0
3.77044	0.000791952	0.321625	0.0734918	0
3.77067	0.000798197	0.28777	0.0696605	0
3.77052	0.000779463	0.270842	0.0675706	0
3.7709	0.000797533	0.28777	0.0696605	0
3.76994	0.000766973	0.152349	0.0508521	0
3.77011	0.000784047	0.270842	0.0675706	0
3.77052	0.000785575	0.152349	0.0508521	0
3.77047	0.000779463	0.220059	0.0609529	0
3.77104	0.000794875	0.203132	0.0585148	0
3.77007	0.000772753	0.135421	0.0477174	0
3.76955	0.000752823	0.169276	0.0532902	0
3.77131	0.000784844	0.203132	0.0585148	0
3.77098	0.000802382	0.28777	0.0696605	0
3.77186	0.000791421	0.270842	0.0675706	0
3.77315	0.000826697	0.270842	0.0675706	0
3.77283	0.000830218	0.35548	0.0773231	0
3.77168	0.000777204	0.203132	0.0585148	0
3.77126	0.000791687	0.304697	0.071402	0
3.77218	0.000790757	0.270842	0.0675706	0
3.77233	0.000773617	0.236987	0.0630427	0
3.77107	0.000776606	0.28777	0.0696605	0
3.77114	0.000786571	0.236987	0.0630427	0
3.77057	0.000779463	0.304697	0.071402	0
3.77088	0.000787966	0.236987	0.0630427	0
3.77077	0.000789959	0.220059	0.0609529	0
3.77105	0.000801785	0.372408	0.0790646	0
3.77146	0.000786106	0.169276	0.0532902	0
3.77158	0.000778201	0.220059	0.0609529	0
3.7733	0.000803844	0.236987	0.0630427	0
3.77277	0.000790624	0.220059	0.0609529	0
3.7724	0.000748771	0.203132	0.0585148	0
3.77243	0.000798396	0.236987	0.0630427	0
3.77332	0.000796271	0.28777	0.0696605	0
3.77264	0.000777935	0.236987	0.0630427	0
3.77267	0.000782054	0.186204	0.0560767	0
3.77301	0.000766043	0.169276	0.0532902	0
3.77205	0.00077448	0.203132	0.0585148	0
3.77304	0.000807232	0.253915	0.0654808	0
3.77314	0.000798529	0.236987	0.0630427	0
3.7724	0.000787435	0.236987	0.0630427	0
3.77264	0.000789229	0.169276	0.0532902	0
3.77401	0.000774015	0.253915	0.0654808	0
3.77298	0.000763453	0.169276	0.0532902	0
3.77286	0.000801452	0.169276	0.0532902	0
3.7733	0.000773351	0.101566	0.041448	0
3.77382	0.000814872	0.220059	0.0609529	0
3.77345	0.000795141	0.101566	0.041448	0
3.77357	0.00080783	0.304697	0.071402	0
3.77269	0.000798396	0.169276	0.0532902	0
3.77263	0.000783117	0.152349	0.0508521	0
3.77417	0.00078325	0.35548	0.0773231	0
3.77407	0.000809757	0.186204	0.0560767	0
3.77306	0.000808694	0.270842	0.0675706	0
3.77417	0.000767704	0.220059	0.0609529	0
3.77462	0.000804309	0.321625	0.0734918	0
3.77361	0.000808494	0.270842	0.0675706	0
3.77346	0.000787236	0.203132	0.0585148	0
3.77347	0.000779397	0.152349	0.0508521	0
3.77352	0.000786704	0.253915	0.0654808	0
3.77499	0.000806834	0.270842	0.0675706	0
3.77346	0.000787966	0.270842	0.0675706	0
3.77325	0.000775012	0.152349	0.0508521	0
3.77302	0.000766243	0.118493	0.0445827	0
3.77372	0.000776274	0.203132	0.0585148	0
3.77433	0.000760994	0.236987	0.0630427	0
3.77382	0.000763851	0.186204	0.0560767	0
3.77321	0.000772554	0.169276	0.0532902	0
3.7744	0.000762589	0.152349	0.0508521	0
3.77468	0.000756078	0.169276	0.0532902	0
3.77441	0.000790823	0.270842	0.0717503	0
3.77505	0.000755547	0.220059	0.0609529	0
3.77401	0.000763519	0.186204	0.0560767	0
3.77465	0.000790358	0.118493	0.0445827	0
3.77505	0.00078305	0.220059	0.0609529	0
3.77629	0.000791487	0.270842	0.0675706	0
3.77593	0.000798197	0.220059	0.0609529	0
3.77411	0.000782984	0.220059	0.0609529	0
3.77454	0.000754418	0.203132	0.0585148	0
3.77524	0.000770362	0.186204	0.0560767	0
3.77503	0.000777603	0.186204	0.0560767	0
3.77577	0.000770561	0.220059	0.0609529	0
3.77574	0.000793613	0.304697	0.071402	0
3.77457	0.000774813	0.338553	0.0752333	0
3.77416	0.000774082	0.203132	0.0585148	0
3.77511	0.000800057	0.220059	0.0609529	0
3.77497	0.000780194	0.270842	0.0675706	0
3.77519	0.000771092	0.253915	0.0654808	0
3.77596	0.000772753	0.135421	0.0477174	0
3.77514	0.000771823	0.118493	0.0445827	0
3.77489	0.000775809	0.186204	0.0560767	0
3.77487	0.000780061	0.169276	0.0532902	0
3.77532	0.000774148	0.220059	0.0609529	0
3.77548	0.000762855	0.152349	0.0508521	0
3.77548	0.000770162	0.186204	0.0560767	0
3.77589	0.000778001	0.236987	0.0630427	0
3.77631	0.000798662	0.321625	0.0734918	0
3.7766	0.000825501	0.236987	0.0675706	0
3.77715	0.000822379	0.236987	0.0630427	0
3.77767	0.000827295	0.321625	0.0734918	0
3.77618	0.000820452	0.220059	0.0609529	0
3.77534	0.000762323	0.118493	0.0445827	0
3.7754	0.000736613	0.135421	0.0477174	0
3.77652	0.000762456	0.118493	0.0445827	0
3.77612	0.000755813	0.135421	0.0477174	0
3.77611	0.000774879	0.236987	0.0630427	0
3.77808	0.000774348	0.304697	0.071402	0
3.77698	0.000762855	0.0846382	0.0379649	0
3.77585	0.000787568	0.253915	0.0654808	0
3.777	0.000778134	0.0846382	0.0379649	0
3.77822	0.000789494	0.304697	0.071402	0
3.77787	0.000776806	0.186204	0.0560767	0
3.77807	0.000773285	0.28777	0.0696605	0
3.7772	0.000803844	0.186204	0.0609529	0
3.77765	0.000768701	0.118493	0.0445827	0
3.77731	0.000767106	0.28777	0.0696605	0
3.77642	0.000780327	0.220059	0.0609529	0
3.77723	0.000794477	0.253915	0.0654808	0
3.77713	0.000791487	0.135421	0.0477174	0
3.77631	0.000769764	0.135421	0.0477174	0
3.77715	0.00076126	0.220059	0.0609529	0
3.77785	0.000788033	0.169276	0.0532902	0
3.77658	0.000772886	0.118493	0.0445827	0
3.77587	0.000762124	0.152349	0.0508521	0
3.77726	0.000794543	0.220059	0.0609529	0
3.77829	0.000776806	0.152349	0.0508521	0
3.77757	0.000760463	0.220059	0.0609529	0
3.77818	0.000777071	0.203132	0.0585148	0
3.77876	0.000788498	0.270842	0.0675706	0
3.77852	0.00076498	0.203132	0.0585148	0
3.77859	0.000787767	0.203132	0.0585148	0
3.77865	0.000781057	0.236987	0.0630427	0
3.77824	0.000778466	0.169276	0.0532902	0
3.77813	0.000764515	0.186204	0.0560767	0
3.77862	0.000775145	0.169276	0.0532902	0
3.77902	0.000746911	0.186204	0.0560767	0
3.77797	0.000747442	0.101566	0.041448	0
3.77792	0.000770627	0.203132	0.0585148	0
3.77915	0.000779197	0.186204	0.0560767	0
3.77926	0.000763253	0.152349	0.0508521	0
3.77892	0.000778134	0.203132	0.0585148	0
3.77898	0.00077375	0.203132	0.0585148	0
3.77846	0.000783715	0.220059	0.0609529	0
3.77869	0.000801718	0.152349	0.0508521	0
3.77941	0.000775876	0.236987	0.0630427	0
3.77908	0.000777802	0.152349	0.0508521	0
3.77883	0.00076498	0.152349	0.0508521	0
3.77851	0.000791355	0.220059	0.0654808	0
3.77925	0.000767372	0.169276	0.0532902	0
3.77851	0.000778267	0.169276	0.0532902	0
3.77937	0.000766309	0.186204	0.0560767	0
3.78051	0.000791886	0.169276	0.0532902	0
3.77897	0.000747176	0.220059	0.0609529	0
3.77908	0.000770229	0.186204	0.0560767	0
3.78	0.000770029	0.203132	0.0585148	0
3.77996	0.00077189	0.220059	0.0609529	0
3.77958	0.00075568	0.152349	0.0508521	0
3.77915	0.000762456	0.220059	0.0609529	0
3.77887	0.000749967	0.0846382	0.0379649	0
3.77876	0.000760131	0.236987	0.0630427	0
3.77885	0.000759334	0.169276	0.0532902	0
3.78037	0.000768834	0.152349	0.0508521	0
3.78027	0.000749103	0.118493	0.0445827	0
3.78071	0.000735816	0.270842	0.0675706	0
3.78043	0.000764648	0.135421	0.0477174	0
3.77924	0.000775942	0.186204	0.0560767	0
3.78085	0.000753288	0.152349	0.0508521	0
3.78096	0.000771823	0.186204	0.0560767	0
3.78031	0.00075475	0.220059	0.0609529	0
3.78088	0.000783515	0.152349	0.0508521	0
3.78054	0.000774281	0.253915	0.0654808	0
3.78148	0.000776407	0.220059	0.0609529	0
3.78036	0.000768701	0.203132	0.0585148	0
3.78055	0.00077169	0.236987	0.0630427	0
3.78098	0.000774414	0.152349	0.0508521	0
3.78013	0.000798463	0.152349	0.0508521	0
3.7807	0.000739736	0.169276	0.0532902	0
3.78141	0.000749634	0.169276	0.0532902	0
3.78066	0.000749701	0.186204	0.0560767	0
3.7803	0.000761991	0.135421	0.0477174	0
3.7813	0.000772753	0.236987	0.0630427	0
3.78069	0.000749236	0.0846382	0.0379649	0
3.78085	0.000753953	0.220059	0.0609529	0
3.78101	0.00076611	0.152349	0.0508521	0
3.78227	0.000776141	0.186204	0.0560767	0
3.78294	0.000782386	0.220059	0.0609529	0
3.78249	0.0007689	0.220059	0.0654808	0
3.78238	0.000753355	0.186204	0.0560767	0
3.78195	0.000751494	0.0677105	0.0337853	0
3.78149	0.000760264	0.135421	0.0477174	0
3.78263	0.000732893	0.152349	0.0508521	0
3.78248	0.00074226	0.203132	0.0585148	0
3.78312	0.000769697	0.203132	0.0585148	0
3.78232	0.000780327	0.169276	0.0532902	0
3.78187	0.000782585	0.152349	0.0508521	0
3.7824	0.000760928	0.0677105	0.0337853	0
3.78178	0.000744652	0.152349	0.0508521	0
3.78196	0.000739204	0.152349	0.0508521	0
3.78289	0.000776008	0.203132	0.0585148	0
3.78163	0.00077262	0.118493	0.0445827	0
3.78188	0.000736414	0.186204	0.0560767	0
3.78249	0.00076146	0.135421	0.0477174	0
3.78191	0.000760662	0.236987	0.0630427	0
3.78248	0.000764715	0.152349	0.0508521	0
3.78296	0.000766774	0.270842	0.0675706	0
3.78272	0.000777603	0.186204	0.0560767	0
3.78272	0.000765113	0.135421	0.0477174	0
3.78272	0.000767904	0.152349	0.0508521	0
3.78284	0.000758603	0.135421	0.0477174	0
3.78426	0.000740732	0.220059	0.0609529	0
3.78388	0.000787834	0.253915	0.0654808	0
3.78339	0.000757341	0.0846382	0.0379649	0
3.78347	0.000748638	0.0846382	0.0379649	0
3.78426	0.000744918	0.169276	0.0532902	0
3.78364	0.000735019	0.169276	0.0532902	0
3.78402	0.000736746	0.118493	0.0445827	0
3.78351	0.000742991	0.152349	0.0508521	0
3.78328	0.000750365	0.135421	0.0477174	0
3.78258	0.000755547	0.152349	0.0508521	0
3.78321	0.000760529	0.203132	0.0585148	0
3.78404	0.000757806	0.169276	0.0532902	0
3.78323	0.000734023	0.152349	0.0508521	0
3.78324	0.000731099	0.169276	0.0532902	0
3.78329	0.000743921	0.118493	0.0445827	0
3.78331	0.000738009	0.118493	0.0445827	0
3.78331	0.000743988	0.152349	0.0508521	0
3.78383	0.000735085	0.152349	0.0508521	0
3.78401	0.000743323	0.135421	0.0477174	0
3.7844	0.000757806	0.220059	0.0609529	0
3.78465	0.000777935	0.135421	0.0477174	0
3.78405	0.000775876	0.203132	0.0585148	0
3.78522	0.000764715	0.152349	0.0508521	0
3.78512	0.000776739	0.169276	0.0532902	0
3.78524	0.000783715	0.236987	0.0630427	0
3.78528	0.000763785	0.186204	0.0560767	0
3.78506	0.000742327	0.135421	0.0477174	0
3.78472	0.00073555	0.0846382	0.0379649	0
3.78504	0.000744453	0.118493	0.0445827	0
3.78646	0.000741995	0.0677105	0.0337853	0
3.78582	0.000758204	0.220059	0.0609529	0
3.78571	0.000756942	0.152349	0.0508521	0
3.78689	0.000768834	0.152349	0.0508521	0
3.78586	0.000753487	0.135421	0.0477174	0
3.78485	0.000759799	0.186204	0.0560767	0
3.786	0.000755414	0.236987	0.0630427	0
3.78636	0.000753089	0.169276	0.0532902	0
3.7853	0.000773883	0.203132	0.0585148	0
3.78596	0.000780327	0.135421	0.0477174	0
3.78653	0.000776274	0.203132	0.0585148	0
3.78648	0.000767837	0.169276	0.0532902	0
3.78703	0.000748106	0.101566	0.041448	0
3.78654	0.000759732	0.169276	0.0532902	0
3.78585	0.000749036	0.186204	0.0560767	0
3.78538	0.000757673	0.169276	0.0532902	0
3.78726	0.000765512	0.169276	0.0532902	0
3.78743	0.000791089	0.28777	0.0696605	0
3.78687	0.000782054	0.152349	0.0508521	0
3.78657	0.000780858	0.220059	0.0609529	0
3.78695	0.000742393	0.169276	0.0532902	0
3.78724	0.000772022	0.135421	0.0477174	0
3.78762	0.000766708	0.169276	0.0532902	0
3.78723	0.000754683	0.101566	0.041448	0
3.78761	0.000779529	0.186204	0.0560767	0
3.78777	0.000780061	0.169276	0.0532902	0
3.78731	0.000759998	0.169276	0.0532902	0
3.78725	0.000758536	0.152349	0.0508521	0
3.78769	0.000765844	0.152349	0.0508521	0
3.78681	0.000755281	0.169276	0.0532902	0
3.78701	0.000758802	0.101566	0.0477174	0
3.78805	0.000751295	0.135421	0.0477174	0
3.78804	0.00077262	0.220059	0.0609529	0
3.7876	0.000789295	0.152349	0.0508521	0
3.7871	0.000768634	0.135421	0.0477174	0
3.78782	0.000746113	0.0507829	0.0292574	0
3.78772	0.000771557	0.186204	0.0560767	0
3.78814	0.000752292	0.135421	0.0477174	0
3.78823	0.000769432	0.236987	0.0630427	0
3.78776	0.000747243	0.135421	0.0477174	0
3.78703	0.000751096	0.152349	0.0508521	0
3.78739	0.000756145	0.101566	0.041448	0
3.78803	0.000746379	0.118493	0.0445827	0
3.78874	0.000752557	0.203132	0.0585148	0
3.78822	0.000744585	0.118493	0.0445827	0
3.78759	0.000742127	0.0846382	0.0379649	0
3.7886	0.000745449	0.186204	0.0560767	0
3.78937	0.000755746	0.135421	0.0477174	0
3.79033	0.000768036	0.152349	0.0508521	0
3.78961	0.000746379	0.152349	0.0508521	0
3.78783	0.000761725	0.118493	0.0445827	0
3.78918	0.000768701	0.203132	0.0585148	0
3.78916	0.000780924	0.270842	0.0675706	0
3.78936	0.000755813	0.152349	0.0508521	0
3.78889	0.000741131	0.135421	0.0477174	0
3.78741	0.000746047	0.220059	0.0609529	0
3.78886	0.000752557	0.0846382	0.0379649	0
3.78927	0.000759998	0.118493	0.0445827	0
3.7888	0.00076239	0.118493	0.0445827	0
3.78973	0.00075289	0.101566	0.041448	0
3.78903	0.00074897	0.186204	0.0560767	0
3.789	0.000752823	0.135421	0.0477174	0
3.7883	0.000744652	0.203132	0.0585148	0
3.7883	0.000729372	0.0846382	0.0379649	0
3.78937	0.000730236	0.135421	0.0477174	0
3.79036	0.000757075	0.186204	0.0560767	0
3.79066	0.000739603	0.118493	0.0445827	0
3.79023	0.000758802	0.220059	0.0609529	0
3.79075	0.000766774	0.169276	0.0532902	0
3.79127	0.000758204	0.135421	0.0477174	0
3.79087	0.00075176	0.236987	0.0630427	0
3.79074	0.000758138	0.135421	0.0477174	0
3.79067	0.000747243	0.169276	0.0532902	0
3.79083	0.000787634	0.186204	0.0560767	0
3.79002	0.000770162	0.118493	0.0445827	0
3.79011	0.000740533	0.220059	0.0609529	0
3.79175	0.000771425	0.152349	0.0508521	0
3.79145	0.000787236	0.118493	0.0445827	0
3.79054	0.000743589	0.152349	0.0508521	0
3.79012	0.000747309	0.101566	0.041448	0
3.79052	0.000772089	0.118493	0.0445827	0
3.79113	0.000770627	0.0677105	0.0337853	0
3.79076	0.000734355	0.0677105	0.0337853	0
3.79078	0.000771956	0.169276	0.0532902	0
3.79059	0.000769166	0.0846382	0.0379649	0
3.7916	0.000767306	0.186204	0.0560767	0
3.79199	0.000762323	0.169276	0.0532902	0
3.79107	0.000756344	0.0677105	0.0337853	0
3.79118	0.00073854	0.0507829	0.0292574	0
3.79254	0.000758935	0.203132	0.0585148	0
3.79181	0.000759466	0.101566	0.041448	0
3.79191	0.000747641	0.118493	0.0445827	0
3.7933	0.000734355	0.118493	0.0445827	0
3.79268	0.000756278	0.101566	0.041448	0
3.79235	0.000735418	0.152349	0.0508521	0
3.79241	0.000752757	0.203132	0.0585148	0
3.79236	0.000770295	0.152349	0.0508521	0
3.79314	0.000753022	0.152349	0.0508521	0
3.79284	0.000732893	0.0677105	0.0337853	0
3.79253	0.000738274	0.152349	0.0508521	0
3.79263	0.000754949	0.152349	0.0508521	0
3.79224	0.000746578	0.135421	0.0477174	0
3.7923	0.000740068	0.152349	0.0508521	0
3.79262	0.000735418	0.135421	0.0477174	0
3.79298	0.000767571	0.203132	0.0585148	0
3.79333	0.000748571	0.118493	0.0445827	0
3.79328	0.000752757	0.0507829	0.0292574	0
3.79333	0.000743057	0.135421	0.0477174	0
3.79271	0.000757141	0.135421	0.0477174	0
3.79291	0.000749634	0.101566	0.041448	0
3.79395	0.000750299	0.169276	0.0532902	0
3.79376	0.000754883	0.152349	0.0508521	0
3.79235	0.000742061	0.101566	0.041448	0
3.79269	0.000754418	0.118493	0.0445827	0
3.7932	0.000747974	0.152349	0.0508521	0
3.7932	0.000752956	0.135421	0.0477174	0
3.79396	0.000730302	0.118493	0.0445827	0
3.79272	0.000734886	0.169276	0.0532902	0
3.79329	0.00075269	0.118493	0.0445827	0
3.79417	0.000739071	0.118493	0.0445827	0
3.79356	0.00071303	0.0846382	0.0379649	0
3.79371	0.000733026	0.152349	0.0508521	0
3.79403	0.000734222	0.118493	0.0445827	0
3.79425	0.0007689	0.135421	0.0477174	0
3.7948	0.000739337	0.101566	0.041448	0
3.79538	0.000743855	0.0846382	0.0379649	0
3.79451	0.000741064	0.101566	0.041448	0
3.79471	0.000740599	0.0846382	0.0379649	0
3.79553	0.000756078	0.152349	0.0508521	0
3.79503	0.000739802	0.0846382	0.0379649	0
3.79395	0.000735218	0.152349	0.0508521	0
3.7938	0.00071954	0.0338553	0.0240329	0
3.79475	0.000734355	0.0846382	0.0379649	0
3.79451	0.000729837	0.0677105	0.0337853	0
3.7944	0.000735351	0.101566	0.041448	0
3.79436	0.000722862	0.118493	0.0445827	0
3.79491	0.000731299	0.152349	0.0508521	0
3.79504	0.000725519	0.0846382	0.0379649	0
3.79547	0.000755613	0.118493	0.0445827	0
3.79603	0.000750564	0.152349	0.0508521	0
3.79435	0.000738407	0.101566	0.041448	0
3.79503	0.000769432	0.169276	0.0532902	0
3.79577	0.000744918	0.101566	0.041448	0
3.7956	0.000740998	0.152349	0.0508521	0
3.79612	0.000755414	0.101566	0.041448	0
3.79612	0.000717414	0.0507829	0.0292574	0
3.79656	0.000746512	0.186204	0.0560767	0
3.79762	0.00075455	0.135421	0.0477174	0
3.79659	0.000757141	0.169276	0.0532902	0
3.79688	0.000733823	0.135421	0.0477174	0
3.79701	0.000739337	0.118493	0.0445827	0
3.79608	0.000730834	0.0846382	0.0379649	0
3.79642	0.000732627	0.152349	0.0508521	0
3.79697	0.000749834	0.220059	0.0609529	0
3.79699	0.000749169	0.169276	0.0532902	0
3.79662	0.000728243	0.135421	0.0477174	0
3.79637	0.000727113	0.0338553	0.0240329	0
3.79665	0.00075754	0.152349	0.0508521	0
3.79788	0.000749036	0.152349	0.0508521	0
3.79621	0.000753487	0.118493	0.0445827	0
3.79647	0.000729106	0.101566	0.041448	0
3.79681	0.000740002	0.152349	0.0508521	0
3.79726	0.00075847	0.236987	0.0630427	0
3.79759	0.000726981	0.152349	0.0508521	0
3.79746	0.00074711	0.101566	0.041448	0
3.79796	0.000771823	0.203132	0.0585148	0
3.79838	0.000738009	0.152349	0.0508521	0
3.79738	0.000729771	0.101566	0.041448	0
3.79796	0.000721732	0.0846382	0.0379649	0
3.79824	0.00073854	0.169276	0.0532902	0
3.79708	0.000750365	0.118493	0.0445827	0
3.79809	0.000754418	0.186204	0.0560767	0
3.79813	0.000722463	0.0677105	0.0337853	0
3.79826	0.000735285	0.169276	0.0532902	0
3.7979	0.000730701	0.118493	0.0445827	0
3.7994	0.000731099	0.0846382	0.0379649	0
3.79913	0.000704526	0.0507829	0.0292574	0
3.79851	0.000709509	0.101566	0.041448	0
3.79951	0.000736082	0.0846382	0.0379649	0
3.79986	0.000733557	0.118493	0.0445827	0
3.79882	0.000740267	0.135421	0.0477174	0
3.79877	0.000745515	0.0677105	0.0337853	0
3.79894	0.000763785	0.186204	0.0560767	0
3.79824	0.000737012	0.101566	0.041448	0
3.7988	0.000738075	0.0846382	0.0379649	0
3.79901	0.000748505	0.0677105	0.0337853	0
3.79888	0.000752823	0.118493	0.0445827	0
3.79886	0.000751295	0.0846382	0.0379649	0
3.79855	0.000738673	0.101566	0.041448	0
3.79852	0.000744984	0.0846382	0.0379649	0
3.79844	0.000717547	0.0677105	0.0337853	0
3.79889	0.000720603	0.101566	0.041448	0
3.7991	0.000722862	0.101566	0.041448	0
3.79916	0.000733159	0.135421	0.0477174	0
3.79904	0.000733092	0.118493	0.0445827	0
3.79942	0.000729439	0.0677105	0.0337853	0
3.80006	0.000749369	0.0846382	0.0379649	0
3.80041	0.000731564	0.101566	0.041448	0
3.80045	0.0007309	0.0677105	0.0337853	0
3.80092	0.000727711	0.0846382	0.0379649	0
3.80023	0.000727047	0.101566	0.041448	0
3.80069	0.00073203	0.101566	0.041448	0
3.80094	0.000734023	0.135421	0.0477174	0
3.80057	0.000722729	0.0677105	0.0337853	0
3.80113	0.000743722	0.135421	0.0477174	0
3.80126	0.000748372	0.101566	0.041448	0
3.80061	0.000734687	0.101566	0.041448	0
0	0	0	0	0
0	0	0	0	0
0	0	0	0	0
0	0	0	0	0
0	0	0	0	0
0	0	0	0	0
0	0	0	0	0
0	0	0	0	0
0	0	0	0	0
0	0	0	0	0
0	0	0	0	0
0	0	0	0	0
0	0	0	0	0
0	0	0	0	0
0	0	0	0	0
0	0	0	0	0
0	0	0	0	0
0	0	0	0	0
0	0	0	0	0
0	0	0	0	0
0	0	0	0	0
0	0	0	0	0
0	0	0	0	0
0	0	0	0	0
0	0	0	0	0
0	0	0	0	0
0	0	0	0	0
0	0	0	0	0
0	0	0	0	0
0	0	0	0	0
0	0	0	0	0
0	0	0	0	0
0	0	0	0	0
0	0	0	0	0
0	0	0	0	0
0	0	0	0	0
0	0	0	0	0
0	0	0	0	0
0	0	0	0	0
0	0	0	0	0
0	0	0	0	0
0	0	0	0	0
0	0	0	0	0
0	0	0	0	0
0	0	0	0	0
0	0	0	0	0
0	0	0	0	0
0	0	0	0	0
0	0	0	0	0
0	0	0	0	0
0	0	0	0	0
0	0	0	0	0
0	0	0	0	0
0	0	0	0	0
0	0	0	0	0
0	0	0	0	0
0	0	0	0	0
0	0	0	0	0
0	0	0	0	0
0	0	0	0	0
0	0	0	0	0
0	0	0	0	0
0	0	0	0	0
0	0	0	0	0
0	0	0	0	0
0	0	0	0	0
0	0	0	0	0
0	0	0	0	0
0	0	0	0	0
0	0	0	0	0
0	0	0	0	0
0	0	0	0	0
0	0	0	0	0
0	0	0	0	0
0	0	0	0	0
0	0	0	0	0
0	0	0	0	0
0	0	0	0	0
0	0	0	0	0
0	0	0	0	0
0	0	0	0	0
0	0	0	0	0
0	0	0	0	0
0	0	0	0	0
0	0	0	0	0
0	0	0	0	0
0	0	0	0	0
0	0	0	0	0
0	0	0	0	0
0	0	0	0	0
0	0	0	0	0
0	0	0	0	0
0	0	0	0	0
0	0	0	0	0
0	0	0	0	0
0	0	0	0	0
0	0	0	0	0
0	0	0	0	0
0	0	0	0	0
0	0	0	0	0
0	0	0	0	0
0	0	0	0	0
0	0	0	0	0
0	0	0	0	0
0	0	0	0	0
0	0	0	0	0
0	0	0	0	0
0	0	0	0	0
0	0	0	0	0
0	0	0	0	0
0	0	0	0	0
0	0	0	0	0
0	0	0	0	0
0	0	0	0	0
0	0	0	0	0
0	0	0	0	0
0	0	0	0	0
0	0	0	0	0
0	0	0	0	0
0	0	0	0	0
0	0	0	0	0
0	0	0	0	0
0	0	0	0	0
0	0	0	0	0
0	0	0	0	0
0	0	0	0	0
0	0	0	0	0
0	0	0	0	0
0	0	0	0	0
0	0	0	0	0
0	0	0	0	0
0	0	0	0	0
0	0	0	0	0
0	0	0	0	0
0	0	0	0	0
0	0	0	0	0
0	0	0	0	0
0	0	0	0	0
0	0	0	0	0
0	0	0	0	0
0	0	0	0	0
0	0	0	0	0
0	0	0	0	0
0	0	0	0	0
0	0	0	0	0
0	0	0	0	0
0	0	0	0	0
0	0	0	0	0
0	0	0	0	0
0	0	0	0	0
0	0	0	0	0
0	0	0	0	0
0	0	0	0	0
0	0	0	0	0
0	0	0	0	0
0	0	0	0	0
0	0	0	0	0
0	0	0	0	0
0	0	0	0	0
0	0	0	0	0
0	0	0	0	0
0	0	0	0	0
0	0	0	0	0
0	0	0	0	0
0	0	0	0	0
0	0	0	0	0
0	0	0	0	0
0	0	0	0	0
0	0	0	0	0
0	0	0	0	0
0	0	0	0	0
0	0	0	0	0
0	0	0	0	0
0	0	0	0	0
0	0	0	0	0
0	0	0	0	0
0	0	0	0	0
0	0	0	0	0
0	0	0	0	0
0	0	0	0	0
0	0	0	0	0
0	0	0	0	0
0	0	0	0	0
0	0	0	0	0
0	0	0	0	0
0	0	0	0	0
0	0	0	0	0
0	0	0	0	0
0	0	0	0	0
0	0	0	0	0
0	0	0	0	0
0	0	0	0	0
0	0	0	0	0
0	0	0	0	0
0	0	0	0	0
0	0	0	0	0
0	0	0	0	0
0	0	0	0	0
0	0	0	0	0
0	0	0	0	0
0	0	0	0	0
0	0	0	0	0
0	0	0	0	0
0	0	0	0	0
0	0	0	0	0
0	0	0	0	0
0	0	0	0	0
0	0	0	0	0
0	0	0	0	0
0	0	0	0	0
0	0	0	0	0
0	0	0	0	0
0	0	0	0	0
0	0	0	0	0
0	0	0	0	0
0	0	0	0	0
0	0	0	0	0
0	0	0	0	0
0	0	0	0	0
0	0	0	0	0
0	0	0	0	0
0	0	0	0	0
0	0	0	0	0
0	0	0	0	0
0	0	0	0	0
0	0	0	0	0
0	0	0	0	0
0	0	0	0	0
0	0	0	0	0
0	0	0	0	0
0	0	0	0	0
0	0	0	0	0
0	0	0	0	0
0	0	0	0	0
0	0	0	0	0
0	0	0	0	0
0	0	0	0	0
0	0	0	0	0
0	0	0	0	0
0	0	0	0	0
0	0	0	0	0
0	0	0	0	0
0	0	0	0	0
0	0	0	0	0
0	0	0	0	0
0	0	0	0	0
0	0	0	0	0
0	0	0	0	0
0	0	0	0	0
0	0	0	0	0
0	0	0	0	0
0	0	0	0	0
0	0	0	0	0
0	0	0	0	0
0	0	0	0	0
0	0	0	0	0
0	0	0	0	0
0	0	0	0	0
0	0	0	0	0
0	0	0	0	0
0	0	0	0	0
0	0	0	0	0
0	0	0	0	0
0	0	0	0	0
0	0	0	0	0
0	0	0	0	0
0	0	0	0	0
0	0	0	0	0
0	0	0	0	0
0	0	0	0	0
0	0	0	0	0
0	0	0	0	0
0	0	0	0	0
0	0	0	0	0
0	0	0	0	0
0	0	0	0	0
0	0	0	0	0
0	0	0	0	0
0	0	0	0	0
0	0	0	0	0
0	0	0	0	0
0	0	0	0	0
0	0	0	0	0
0	0	0	0	0
0	0	0	0	0
0	0	0	0	0
0	0	0	0	0
0	0	0	0	0
0	0	0	0	0
0	0	0	0	0
0	0	0	0	0
0	0	0	0	0
0	0	0	0	0
0	0	0	0	0
0	0	0	0	0
0	0	0	0	0
0	0	0	0	0
0	0	0	0	0
0	0	0	0	0
0	0	0	0	0
0	0	0	0	0
0	0	0	0	0
0	0	0	0	0
0	0	0	0	0
0	0	0	0	0
0	0	0	0	0
0	0	0	0	0
0	0	0	0	0
0	0	0	0	0
0	0	0	0	0
0	0	0	0	0
0	0	0	0	0
0	0	0	0	0
0	0	0	0	0
0	0	0	0	0
0	0	0	0	0
0	0	0	0	0
0	0	0	0	0
0	0	0	0	0
0	0	0	0	0
0	0	0	0	0
0	0	0	0	0
0	0	0	0	0
0	0	0	0	0
0	0	0	0	0
0	0	0	0	0
0	0	0	0	0
0	0	0	0	0
0	0	0	0	0
0	0	0	0	0
0	0	0	0	0
0	0	0	0	0
0	0	0	0	0
0	0	0	0	0
0	0	0	0	0
0	0	0	0	0
0	0	0	0	0
0	0	0	0	0
0	0	0	0	0
0	0	0	0	0
0	0	0	0	0
0	0	0	0	0
0	0	0	0	0
0	0	0	0	0
0	0	0	0	0
0	0	0	0	0
0	0	0	0	0
0	0	0	0	0
0	0	0	0	0
0	0	0	0	0
0	0	0	0	0
0	0	0	0	0
0	0	0	0	0
0	0	0	0	0
0	0	0	0	0
0	0	0	0	0
0	0	0	0	0
0	0	0	0	0
0	0	0	0	0
0	0	0	0	0
0	0	0	0	0
0	0	0	0	0
0	0	0	0	0
0	0	0	0	0
0	0	0	0	0
0	0	0	0	0
0	0	0	0	0
0	0	0	0	0
0	0	0	0	0
0	0	0	0	0
0	0	0	0	0
0	0	0	0	0
0	0	0	0	0
0	0	0	0	0
0	0	0	0	0
0	0	0	0	0
0	0	0	0	0
0	0	0	0	0
0	0	0	0	0
0	0	0	0	0
0	0	0	0	0
0	0	0	0	0
0	0	0	0	0
0	0	0	0	0
0	0	0	0	0
0	0	0	0	0
0	0	0	0	0
0	0	0	0	0
0	0	0	0	0
0	0	0	0	0
0	0	0	0	0
0	0	0	0	0
0	0	0	0	0
0	0	0	0	0
0	0	0	0	0
0	0	0	0	0
0	0	0	0	0
0	0	0	0	0
0	0	0	0	0
0	0	0	0	0
